260.1162954 35.3709549 7.46 T
260.1894365 32.6744343 7.01 T
260.1953724 36.6910883 7.70 T
260.4114991 35.8239549 7.49 T
260.6801439 34.1755730 7.87 T
260.6995990 27.8595686 7.61 T
261.0271455 22.9600512 5.73 T
261.0462736 36.9229578 7.31 T
261.1127723 36.9522034 6.35 T
261.1636587 32.6704623 6.79 T
261.5036731 26.8788617 6.39 T
261.5573267 29.4556828 7.74 T
261.6487451 27.2311868 7.71 T
261.6915700 31.2184692 7.19 T
261.6920809 34.6960654 5.93 T
261.8722872 35.7207968 7.90 T
262.3084518 27.8820975 7.84 T
262.3670555 34.9386217 7.29 T
262.6847530 26.1107558 4.55 T
262.7307359 31.1582311 5.74 T
262.9271678 30.3170536 7.04 T
262.9566545 28.4076584 5.65 T
263.0023208 34.2715432 6.59 T
263.1049423 26.4396899 6.87 T
263.1117179 35.7731029 7.78 T
263.6368778 28.2085859 7.80 T
263.6841946 32.4172499 7.75 T
263.6892443 34.7515947 6.96 T
263.9266123 37.3016071 6.23 T
264.0337711 28.1852696 6.55 T
264.0892136 27.5662079 6.58 T
264.1533244 30.7851420 6.06 T
264.3370933 35.7992945 7.62 T
264.3794884 24.3100411 5.77 T
264.5791192 36.7472921 6.90 T
264.7064096 32.7392802 6.68 T
264.7172872 22.2746760 7.98 T
264.7715198 27.0496870 7.53 T
264.8163851 30.2530811 7.24 T
264.9198465 24.4137350 7.70 T
264.9895787 31.2025458 6.24 T
265.1711615 31.2870299 6.43 T
265.2080543 31.2787775 7.92 T
265.2727277 24.5135790 6.51 T
265.3665540 37.8615821 7.89 T
265.4573511 23.7534310 6.93 T
265.5066787 27.6454523 6.75 T
265.5544138 38.0714015 7.36 T
265.6177976 24.5634050 5.72 T
265.6529974 29.4189034 6.68 T
265.8163885 32.9845205 7.75 T
265.8390636 24.3282814 5.80 T
266.0710335 33.2260954 6.96 T
266.2070913 35.2177633 6.76 T
266.4176888 31.5046618 6.24 T
266.6124541 27.7159864 3.49 T
266.6690462 25.7488854 7.00 T
266.7217195 36.0872976 6.71 T
266.8068820 28.9102037 7.57 T
266.9668963 34.2778382 6.58 T
266.9766901 36.0013783 7.59 T
267.0549738 38.2321167 7.84 T
267.2047620 25.6226257 5.23 T
267.2434617 37.0611874 7.24 T
267.3307577 24.1764598 7.89 T
267.4690018 31.0372892 7.68 T
267.5051641 24.4680670 7.08 T
267.5625811 25.2910984 6.71 T
267.5956026 29.3224300 5.64 T
267.6311756 36.8461210 7.01 T
267.7017200 22.3162080 6.17 T
267.7385803 29.9958278 6.78 T
268.0241468 26.2902879 7.95 T
268.0555445 32.0139428 7.21 T
268.1341741 27.1935185 7.32 T
268.2191285 29.6804576 7.97 T
268.4009649 24.7773233 7.62 T
268.4570264 30.3703822 7.47 T
268.8549901 26.0500205 5.50 T
268.8556700 32.4383914 7.43 T
268.9616953 22.4642278 5.76 T
269.0632746 37.2505842 3.98 T
269.2857121 36.8607815 7.36 T
269.2870663 37.8030494 6.99 T
269.3095790 23.9963397 6.40 T
269.3513925 33.4007235 6.99 T
269.4417961 29.2477552 3.79 T
269.5205939 32.6478853 6.70 T
269.6063349 36.8752644 7.44 T
269.6256149 30.1892996 4.45 T
269.6690716 35.6319250 7.13 T
269.6763816 36.2874696 6.13 T
269.7651390 30.0489444 7.27 T
270.0672277 28.7197190 7.38 T
270.1515255 33.2135201 6.18 T
270.1610649 29.5730044 7.14 T
270.3925866 25.4896289 7.59 T
270.3997755 33.3113944 6.36 T
270.6256343 22.9231899 6.20 T
270.6313266 26.3092474 7.08 T
270.6442113 30.5560906 6.63 T
270.9721486 30.3755233 6.84 T
270.9757845 26.6508915 6.98 T
271.1630793 27.1151653 7.21 T
271.1676197 23.9415666 6.37 T
271.2185006 33.2710722 7.74 T
271.2457763 29.0809065 7.14 T
271.2577048 22.9142960 7.41 T
271.2915615 27.5644993 7.97 T
271.3613989 28.6854930 7.28 T
271.4568475 32.2305676 5.84 T
271.5078238 22.2188524 5.19 T
271.7654124 23.4036330 7.25 T
271.8754290 26.4149770 7.23 T
271.8856334 28.7625382 3.82 T
271.9561932 26.0974992 5.81 T
271.9564448 26.1014602 5.84 T
272.0085839 36.4001246 5.61 T
272.0340011 25.1749850 7.87 T
272.0515371 30.9988941 7.45 T
272.2206545 24.9665610 6.73 T
272.2449655 24.1588073 7.49 T
272.2931763 30.4703848 6.49 T
272.3396029 29.9520768 6.90 T
272.4959130 36.4663409 5.67 T
272.5110900 30.8400264 7.92 T
272.6137833 35.1714791 7.09 T
272.7647078 26.6709029 7.22 T
272.8523083 29.6703344 7.65 T
272.8832106 25.5612753 6.91 T
272.9380964 33.4471316 5.98 T
272.9755474 31.4055122 5.16 T
273.1342522 24.4516997 7.10 T
273.3177840 35.1970378 7.86 T
273.3194814 21.8806845 6.31 T
273.5203008 31.5403249 7.62 T
273.5320894 28.2161416 6.94 T
273.6834165 29.2058022 6.57 T
273.9725388 30.3999500 6.88 T
274.7945613 24.4460934 5.46 T
274.9653332 36.0648040 4.45 T
274.9669368 29.6664161 6.15 T
275.0747716 21.9609398 5.11 T
275.1054932 28.9834800 6.59 T
275.1432617 31.0667626 7.88 T
275.1611266 22.7973953 6.83 T
275.2056455 27.5308611 7.07 T
275.2373665 29.8592616 5.63 T
275.2542701 28.8702614 5.14 T
275.2990769 32.8774048 7.53 T
275.3657218 25.0568166 6.96 T
275.5363359 23.2856651 5.62 T
275.5374637 36.3014245 7.65 T
275.6038111 36.9005856 7.97 T
275.7703076 29.3650306 7.83 T
275.8705360 27.5085329 7.29 T
275.9258726 21.7682283 3.98 T
276.0417296 34.4945265 7.62 T
276.1673457 33.1841607 7.95 T
276.2436464 27.3946977 6.34 T
276.3661546 22.7067664 6.77 T
276.3720748 22.0335230 7.34 T
276.3949914 27.6946957 7.79 T
276.4472322 35.3426129 7.33 T
276.4951165 29.8287810 5.82 T
276.5818242 26.2276876 6.86 T
276.6217788 26.4609772 7.07 T
276.6705138 26.4491775 6.48 T
276.7128981 30.9685411 7.13 T
276.9412358 24.6975082 7.14 T
277.2979986 29.5541157 7.32 T
277.3978254 26.0557229 7.98 T
277.3983823 32.7249588 7.99 T
277.3988069 23.8661789 5.85 T
277.5676332 21.8668228 7.72 T
277.6315248 32.6419050 7.61 T
277.7722188 28.4959319 7.62 T
277.7788822 32.2453846 7.82 T
277.9373101 21.9021722 7.05 T
278.0114415 25.0671964 7.89 T
278.1497719 25.4895677 7.53 T
278.1924142 23.6168662 6.04 T
278.1995891 24.6793744 7.77 T
278.2082361 30.5542724 5.45 T
278.3460045 30.8920564 6.52 T
278.5314552 28.2949453 7.52 T
278.5405634 30.5314137 7.75 T
278.5825236 29.7412266 6.75 T
278.6293784 34.4168407 7.61 T
278.6588473 29.9842655 7.65 T
278.6669744 35.8046566 7.79 T
278.8062914 34.4580871 6.07 T
278.8767090 23.6056363 5.80 T
279.0540648 38.0344679 7.51 T
279.0623987 30.5849306 6.83 T
279.1404469 30.4423585 7.57 T
279.1555526 33.4690405 5.39 T
279.3696766 29.5854215 6.85 T
279.6072573 36.0528702 7.53 T
279.9252964 37.9934077 7.56 T
260.3800000 28.7580556 6.35 B
266.6145833 27.7205556 3.42 B
270.3745833 21.5952778 5.18 B
270.3766667 21.5955556 4.96 B
270.5962500 20.8336111 5.28 B
271.3758333 21.6469444 6.15 B
271.1800000 40.0841667 6.52 B
271.7562500 30.5619444 5.04 B
272.4062500 38.4575000 6.40 B
280.0083333 30.8494444 6.36 B
