204.7380026 24.1316765 7.80 T
204.8558863 26.6844793 7.27 T
205.0023153 25.9267029 7.92 T
205.0881128 22.2325771 7.85 T
205.1682442 19.9558588 5.76 T
205.1693399 19.1997423 7.70 T
205.1698192 20.0137552 7.38 T
205.2596733 22.4956137 5.74 T
205.6366444 15.1469144 7.37 T
205.6424753 23.3183548 7.51 T
205.8967293 14.3655667 6.98 T
205.9385228 22.7001960 6.28 T
205.9525240 17.4073600 7.99 T
206.0439038 27.5854277 7.15 T
206.2785023 18.3680735 7.98 T
206.6803831 25.7018632 6.02 T
206.8124465 17.4572138 4.54 T
206.9888549 18.9442472 7.77 T
207.0192991 13.3367240 7.72 T
207.3687288 15.7981801 4.21 T
207.3993104 13.0104594 6.71 T
207.4286499 21.2642181 5.08 T
207.4614549 19.3470653 7.76 T
207.4680367 13.1920794 6.68 T
207.5256649 18.6287900 6.86 T
207.5856099 21.2557229 7.37 T
207.5977189 21.2767038 6.92 T
207.8179238 24.6952779 7.75 T
207.9615310 11.9373570 6.94 T
208.0768679 12.1650689 6.10 T
208.1360666 16.7288868 6.83 T
208.3036551 17.9329050 5.80 T
208.3161265 12.7415897 7.22 T
208.5052197 13.8345871 7.89 T
208.6189132 20.6413028 7.95 T
208.9501110 22.6804822 7.80 T
208.9564348 14.0565642 6.23 T
209.0389860 25.9186620 6.83 T
209.1426162 27.4917807 5.17 T
209.1536325 15.8914348 6.92 T
209.2764785 20.9538055 6.86 T
209.3964673 18.2602879 7.77 T
209.4390468 11.9623616 7.76 T
209.4672606 16.2018008 7.59 T
209.5266500 16.4030165 7.44 T
209.6621533 21.6959392 5.75 T
209.6658788 14.6489211 6.17 T
209.7107969 14.5629906 7.48 T
209.7254537 24.6919229 7.40 T
209.7719437 25.8159399 7.46 T
210.2653760 21.9760506 7.21 T
210.2695599 13.1111342 7.82 T
210.2931167 27.3867092 6.25 T
210.3315388 13.7328890 7.26 T
210.4030768 17.6678672 6.51 T
210.4041650 16.7578131 7.44 T
210.4886640 21.5561875 7.98 T
210.5889200 20.8809032 7.78 T
210.7365726 14.9753696 7.21 T
210.8415009 22.4956349 6.90 T
210.8633843 27.5098850 7.30 T
210.9795568 12.7259457 7.14 T
210.9866816 11.2823068 6.83 T
211.1347432 19.1767234 7.70 T
211.1914929 25.8170532 7.00 T
211.4218469 22.7305507 7.80 T
211.5563886 22.1676546 7.52 T
211.6232915 16.9703116 6.80 T
211.6385129 17.9119416 7.82 T
211.9692774 16.8664779 7.93 T
212.0659171 24.3150671 6.72 T
212.1828508 17.6389486 7.80 T
212.3805181 20.4714476 7.50 T
212.4052603 15.6211823 6.91 T
212.4435405 19.7401396 7.92 T
212.4862887 11.3730521 7.51 T
212.5995558 25.0913095 4.87 T
212.6806334 15.2907351 7.10 T
213.0444613 20.6425805 7.61 T
213.1570902 22.3747385 7.99 T
213.4136906 24.7783588 7.97 T
213.4560344 11.9975934 6.84 T
213.5199519 12.9591087 5.60 T
213.6477394 13.9759617 6.60 T
213.6709535 21.8733440 6.40 T
213.7563603 23.6859328 6.80 T
213.7653510 19.9003531 7.27 T
213.8599273 27.7341910 7.33 T
214.0175260 18.9115971 5.99 T
214.0473208 21.2426210 7.67 T
214.1359253 20.1213094 6.47 T
214.3686545 15.2634284 6.04 T
214.4033678 11.3352026 7.75 T
214.5888806 21.3041292 7.14 T
214.6297518 21.4731527 7.90 T
214.6807063 17.3537091 7.91 T
214.7666080 19.0654656 6.98 T
214.8185181 13.0040925 5.44 T
214.9375558 16.3073390 4.98 T
215.1371583 26.5727432 7.59 T
215.1878732 26.0755170 6.89 T
215.2614972 19.7301010 7.67 T
215.2890395 19.1802337 7.09 T
215.7069436 14.9389108 7.59 T
215.7773454 25.3385767 6.25 T
215.9677277 27.2706129 7.84 T
216.0082243 27.4131521 6.57 T
216.0233216 11.2493018 7.73 T
216.0244373 11.2469696 7.47 T
216.0467139 16.2737101 7.00 T
216.2022016 21.3576799 7.38 T
216.3763820 20.5865312 7.32 T
216.4769935 26.2650482 7.58 T
216.6135536 19.2270733 5.42 T
216.8757726 14.7543019 7.43 T
217.0635822 16.1175241 7.52 T
217.1918992 25.8538079 6.88 T
217.2394137 20.7680034 7.49 T
217.4734251 16.2086167 7.70 T
217.8904601 17.6427436 7.40 T
217.9192631 12.8569113 7.60 T
218.0172624 18.8361632 7.87 T
218.0838060 26.6771119 6.03 T
218.1347415 22.2603068 5.94 T
218.2064595 14.0606587 7.08 T
218.7535822 13.0956355 7.24 T
218.9696212 24.9383821 7.99 T
219.0285622 23.2505247 6.50 T
219.0642492 23.9844406 7.78 T
219.1002309 27.4850413 7.06 T
219.1347221 23.6212601 7.78 T
219.1817789 12.8780596 6.99 T
219.2245248 24.4630183 7.69 T
219.2640465 11.2079903 7.68 T
219.5580885 18.2979740 6.03 T
220.0910189 21.9761265 6.17 T
220.1769787 13.5342243 5.95 T
220.1816016 16.4184449 4.88 T
220.2876529 13.7282182 4.46 T
220.2876529 13.7282182 4.55 T
220.4303204 11.6599610 5.66 T
220.4405385 24.5381953 7.71 T
220.4648118 18.4956213 7.62 T
220.4758835 21.1232101 6.51 T
220.5955265 21.2928918 7.54 T
220.6767803 14.7085358 6.61 T
220.8555773 26.5277561 5.00 T
221.0482979 18.4610881 7.60 T
221.2464672 27.0742928 2.58 T
221.3098565 16.9639522 4.71 T
221.3358218 18.8850767 6.24 T
221.3492756 13.8448955 7.96 T
221.4656050 13.1009457 6.72 T
221.4747616 16.7981705 7.48 T
221.5242174 15.1319012 6.02 T
221.5761859 14.5101888 7.44 T
221.6233154 14.8553753 7.80 T
221.7487705 19.7993220 7.52 T
221.8829449 19.0500333 7.51 T
221.9131970 24.0977295 7.62 T
222.0860030 21.3184833 7.94 T
222.0966523 24.3672574 6.58 T
222.0966523 24.3672574 7.48 T
222.1061988 22.3986151 7.88 T
222.2145258 18.1996319 7.48 T
222.2742143 19.6980053 7.91 T
222.2891916 20.4013458 7.95 T
222.3116697 25.1508144 6.83 T
222.3693144 19.5103280 6.91 T
222.4296457 23.0322966 7.17 T
222.4841198 24.7205256 6.77 T
222.5668650 23.9120293 5.93 T
222.6677988 22.9072268 7.57 T
204.7595833 18.2652778 6.48 B
206.8154167 17.4566667 4.50 B
208.6712500 18.3977778 2.68 B
208.9583333 14.0563889 6.16 B
213.5216667 12.9594444 5.54 B
213.7116667 10.1005556 5.29 B
213.9154167 19.1825000 -0.04 B
222.8470833 19.1011111 4.55 B
223.3487500 19.1527778 6.01 B
