315.3430843 -49.3513276 7.75 T
315.5536261 -43.0028368 6.68 T
315.5745222 -42.9981177 6.95 T
315.7348102 -39.0967261 7.21 T
315.7412478 -38.6321259 5.35 T
316.0339900 -47.9610096 7.17 T
316.0951927 -43.0855136 7.46 T
316.1340831 -46.2560163 7.12 T
316.2862707 -37.2319777 7.12 T
316.3838211 -43.5223047 7.30 T
316.4203909 -44.9492031 7.06 T
316.4953711 -36.2595471 7.87 T
316.5713935 -48.5265503 7.33 T
316.5889265 -37.5876243 7.70 T
316.5979266 -45.7956376 7.86 T
316.5999819 -34.6288298 6.92 T
316.6065626 -41.3860325 5.66 T
316.6538851 -41.3848371 7.92 T
316.8808626 -38.6915636 7.52 T
316.9358513 -45.3794990 6.47 T
316.9746531 -48.9404079 6.69 T
317.0047410 -46.4930943 7.04 T
317.1721772 -37.2427146 6.89 T
317.3257581 -37.9330551 6.96 T
317.3432395 -36.7066956 6.52 T
317.4336460 -44.2098506 6.66 T
317.5418002 -43.3828033 6.55 T
317.6866323 -39.9753671 7.89 T
318.0575863 -40.2707288 5.86 T
318.1953086 -35.7630975 7.58 T
318.2642930 -39.4256412 5.30 T
318.3292794 -36.4235103 6.06 T
318.3727703 -47.5506908 7.06 T
318.4526813 -43.1301521 7.28 T
318.5442878 -39.9627626 7.82 T
318.5676334 -44.4927783 7.88 T
318.5690812 -45.7832642 7.00 T
318.7586248 -49.0976053 7.03 T
318.8107681 -40.5060165 6.34 T
318.9451815 -36.2107604 6.28 T
319.1903033 -49.9667123 7.96 T
319.3203161 -39.0492640 7.61 T
319.4687438 -48.7188211 6.67 T
319.5714503 -33.9983596 7.47 T
319.5982732 -46.2479406 7.88 T
319.6067177 -45.2902185 7.45 T
319.6141541 -47.0026336 7.14 T
319.6157146 -43.3345165 6.82 T
319.8034999 -49.6115195 7.09 T
319.8258882 -39.3481919 7.64 T
319.8355395 -47.0548250 6.77 T
319.8512629 -49.3985640 7.84 T
319.8711045 -41.0528428 7.84 T
320.0395291 -45.0218634 6.43 T
320.0911096 -40.4658820 7.94 T
320.1331955 -35.7032243 7.87 T
320.1907252 -40.8095000 4.81 T
320.1939512 -38.7811487 7.94 T
320.2110477 -45.8108965 7.51 T
320.3191344 -49.9392429 6.53 T
320.6691462 -34.9126873 7.54 T
320.6887028 -48.4583880 7.07 T
320.8434329 -41.5534108 7.69 T
320.8826860 -40.2547970 7.68 T
320.8923424 -37.7287269 7.75 T
320.9193234 -39.7790557 7.51 T
321.0148624 -40.0302748 7.40 T
321.0872613 -46.6148032 6.32 T
321.1036420 -41.0067303 5.77 T
321.1658324 -34.9676458 7.18 T
321.3158020 -34.8572215 6.96 T
321.3479515 -45.1619970 6.84 T
321.4247717 -46.7225770 7.48 T
321.4572810 -35.8367078 7.86 T
321.4614367 -43.7784412 7.95 T
321.5966258 -37.8294926 5.75 T
321.6183892 -36.4433112 7.92 T
321.6486370 -44.8467476 7.93 T
321.6552227 -46.0679488 7.26 T
321.7563005 -42.5478043 5.63 T
321.7577245 -44.8074563 7.57 T
322.2250400 -37.4045787 7.83 T
322.3795381 -38.0861533 7.50 T
322.4564634 -37.6930795 7.30 T
322.4649911 -43.5077284 7.07 T
322.5499187 -44.0746421 7.46 T
322.6766701 -38.6385499 7.61 T
322.7403190 -36.5469011 7.69 T
323.0246522 -41.1792383 5.41 T
323.0606578 -33.9446457 5.97 T
323.3478098 -44.8487206 5.68 T
323.5057922 -46.6110139 7.03 T
323.5712569 -42.9247405 6.45 T
323.6667784 -36.6470570 7.00 T
323.8073200 -34.3304094 6.91 T
324.0969239 -40.3302856 7.34 T
324.2427009 -35.8842189 7.40 T
324.4297493 -45.5867055 7.23 T
324.7760071 -33.6791140 6.38 T
324.9271059 -42.4455777 6.67 T
324.9667241 -43.1319760 6.86 T
325.1133378 -34.5354674 6.81 T
325.1221906 -41.1839158 7.14 T
325.1793390 -48.7164749 7.69 T
325.3276191 -35.5850049 7.05 T
325.6211813 -37.9333227 7.60 T
325.7608077 -43.4964928 6.73 T
326.1234493 -38.5535409 6.41 T
326.2394745 -38.4411786 7.56 T
326.3287675 -49.4984583 6.59 T
326.7180215 -46.3896761 7.67 T
326.8938980 -37.9521652 6.88 T
326.9594656 -39.5119418 7.51 T
326.9813915 -44.9953737 7.83 T
327.0671500 -47.3054539 5.64 T
327.1446595 -47.7756235 6.82 T
327.4396065 -46.6111946 7.11 T
327.5081650 -47.7251870 6.64 T
327.5219194 -38.6158313 7.51 T
328.0895198 -41.4127755 6.99 T
328.1234795 -49.5873117 7.93 T
328.3111884 -36.8969438 7.07 T
328.3285731 -46.8337619 7.50 T
328.4830079 -37.3649985 2.97 T
328.5795767 -36.0617259 6.89 T
328.8137973 -38.9952993 7.63 T
328.9552842 -45.2481586 7.68 T
328.9794619 -46.9283793 6.59 T
329.0129909 -39.3094656 7.80 T
329.0946800 -37.2537114 5.45 T
329.1990387 -46.4802592 7.49 T
329.2315676 -35.3598327 7.44 T
329.2590248 -37.7468066 6.21 T
329.2594784 -37.6588138 7.28 T
329.2848893 -49.6999658 7.71 T
329.3335011 -37.7643426 7.54 T
329.6253032 -41.7210166 6.96 T
329.6457878 -44.0629184 6.64 T
329.6574564 -45.7433183 7.74 T
329.8249825 -38.3950989 5.61 T
329.8380814 -46.3434372 7.73 T
330.1339387 -42.4518787 7.33 T
330.2463976 -36.5565383 6.84 T
330.2716211 -47.4558257 7.73 T
330.3641982 -33.8362999 7.37 T
330.5197993 -35.5461983 7.49 T
330.8921297 -46.1278782 7.64 T
331.0953738 -38.8765718 7.32 T
331.5137883 -44.5369677 7.86 T
331.5180742 -43.9664023 7.06 T
331.5284954 -39.5441289 4.62 T
332.0808893 -34.5563701 7.20 T
332.1080925 -34.0441443 5.15 T
332.1638916 -43.0416105 7.15 T
332.2485625 -36.0562736 7.56 T
332.3955440 -41.2253519 7.90 T
332.4819847 -34.0147981 5.40 T
332.4918061 -48.1080506 6.59 T
332.6348788 -33.8277197 7.65 T
332.6564679 -37.7502636 7.12 T
332.7623870 -40.2814183 7.96 T
332.8620357 -38.0464044 7.88 T
332.8636391 -43.8424132 6.72 T
332.9085105 -34.4651743 7.06 T
332.9211365 -44.7492936 7.95 T
333.0094684 -38.3029761 7.65 T
333.0094684 -38.3029761 7.66 T
333.1246199 -40.2035440 6.70 T
333.1504494 -48.7634151 7.97 T
333.2534269 -49.0537395 7.75 T
333.3502670 -37.4841442 7.82 T
333.4688508 -45.8064468 7.80 T
333.4714561 -34.7598393 7.69 T
333.6658203 -41.3866061 6.29 T
333.8781466 -43.6346494 7.12 T
333.8960275 -44.4515044 6.20 T
333.9042080 -41.3465384 4.89 T
333.9857123 -42.6973705 7.68 T
334.1104863 -41.6272576 5.22 T
334.2919610 -34.7610435 6.96 T
334.5707548 -36.5958847 7.36 T
334.6691531 -46.1372223 7.64 T
334.8395116 -46.6857614 7.95 T
335.0233347 -38.7653009 7.94 T
335.0957974 -43.5031312 7.69 T
335.1850284 -34.5167686 7.06 T
335.4901081 -34.5200466 7.47 T
335.5191962 -34.4887542 7.47 T
335.6845047 -45.9480686 6.41 T
335.7853831 -45.9288507 5.66 T
335.8525660 -46.6685185 6.93 T
336.0927026 -48.8598678 7.44 T
336.1146419 -48.8156784 7.79 T
336.1575823 -39.1271181 6.86 T
336.1646521 -41.4405408 6.67 T
336.2171225 -41.3878888 7.96 T
336.2760164 -37.8294509 7.46 T
336.4866905 -45.1134020 7.79 T
336.8561357 -49.3680180 7.56 T
337.4657844 -46.0747559 7.58 T
324.2037500 -33.0480556 6.11 B
326.2366667 -33.0258333 4.34 B
327.0658333 -47.3036111 5.58 B
326.9341667 -30.8983333 5.01 B
332.0583333 -46.9611111 1.74 B
333.6608333 -41.3816667 6.23 B
