81.4764836 15.4538386 7.55 T
81.5238431 16.7001220 6.22 T
81.7012748 13.5821371 7.53 T
81.7261553 3.6146591 7.15 T
81.7500248 7.1700694 7.05 T
81.7845886 3.8555386 6.71 T
81.8078577 15.2575576 6.19 T
81.9400587 15.8739065 5.52 T
82.0288491 3.5357323 7.54 T
82.1449649 13.6789047 6.36 T
82.1886921 1.6439390 6.87 T
82.2018977 2.1647043 7.13 T
82.2156943 12.5494759 6.81 T
82.3896928 3.1479281 7.09 T
82.4479004 12.2706047 7.02 T
82.4782466 1.7892530 5.71 T
82.6089234 15.3602252 5.95 T
82.6961098 5.9478856 4.44 T
82.6961098 5.9478856 5.75 T
82.7240334 10.1627798 7.10 T
82.7565547 12.0967585 7.57 T
82.8105902 3.2921666 5.71 T
82.8105902 3.2921666 6.74 T
82.8745323 1.6900402 7.50 T
82.8988951 14.9288750 6.67 T
82.9217694 2.8328251 7.53 T
83.0588872 17.0580557 6.05 T
83.0606723 17.0560129 6.44 T
83.2871400 3.1310898 7.56 T
83.4761763 14.3055378 5.57 T
83.4899457 1.4076421 6.54 T
83.5697353 3.7667794 5.33 T
83.6806504 5.6609173 6.69 T
83.7051558 9.4895578 4.37 T
83.7694748 15.6389553 7.51 T
83.7844739 9.9341363 3.51 T
83.8033153 9.6132467 6.69 T
83.8051435 10.2399606 5.65 T
83.8075480 9.6970560 7.45 T
83.8195855 9.7775989 7.59 T
84.2272458 9.2887637 4.19 T
84.2658536 17.0401199 5.55 T
84.3304603 8.9518573 6.07 T
84.5047216 7.5413195 5.84 T
84.7964413 4.1214550 4.50 T
84.9545541 1.4917151 6.87 T
84.9778244 13.0226543 7.14 T
85.0785598 15.3498274 7.00 T
85.3238658 16.5340657 4.82 T
85.3578093 9.1983247 7.44 T
85.5733946 2.3671481 6.66 T
85.6189457 1.4745332 5.03 T
85.6252648 10.5383611 7.30 T
85.8496501 5.3585804 6.72 T
85.9022493 6.8884409 7.20 T
86.1273519 4.3391152 7.19 T
86.2218622 16.0860198 7.00 T
86.2520651 6.3503865 7.15 T
86.2552312 12.8882589 6.49 T
86.2575308 4.0080338 6.13 T
86.3561921 6.2979148 7.17 T
86.6896073 15.8224762 5.98 T
86.7170145 9.5219337 5.87 T
86.8048367 14.4880380 5.73 T
86.8591387 17.7291138 5.49 T
86.9288083 13.8995357 5.24 T
87.0008809 6.4538672 5.99 T
87.0008809 6.4538672 6.03 T
87.0086155 12.4183396 6.65 T
87.0611281 1.6096215 7.12 T
87.1174845 4.7036797 7.37 T
87.1202355 17.4334251 7.29 T
87.1971231 11.9971585 6.91 T
87.3870849 12.6512092 4.87 T
87.5112407 9.8711718 5.97 T
87.5994005 4.9567328 7.40 T
87.6205160 14.3053889 5.65 T
87.6251189 2.0246606 6.07 T
87.7028166 14.4432636 6.97 T
88.0927756 14.1717668 5.58 T
88.1101260 1.8550908 4.91 T
88.6197401 8.0543115 7.16 T
88.6346204 11.7629374 6.58 T
88.7311202 5.8607020 6.90 T
89.0081359 11.5217952 7.54 T
89.1168167 9.5093302 5.96 T
89.2067091 11.5207032 6.01 T
89.2107980 16.3550505 7.21 T
89.5563894 1.8563476 6.94 T
89.6018962 1.8370696 5.92 T
89.6667685 16.5977038 7.37 T
89.7216991 12.8082987 5.85 T
89.9732679 3.9909884 7.47 T
90.0715940 12.6113414 6.78 T
90.3800676 2.9091669 7.17 T
90.3805722 3.1864699 7.19 T
90.5712618 1.6940193 6.55 T
90.5958978 9.6470821 4.15 T
90.8132697 12.6176335 7.38 T
90.8531387 11.6810476 6.07 T
90.9922777 2.8643072 7.26 T
91.2423952 5.4199856 5.77 T
91.2431595 4.1586611 5.74 T
91.2431941 14.3872579 6.78 T
91.6168760 10.7501402 7.17 T
91.7280244 2.1729745 7.16 T
91.7895220 9.1656067 6.99 T
91.8930642 14.7683412 4.37 T
92.1266836 13.9709998 7.28 T
92.1959547 8.6693549 6.52 T
92.2412791 2.4996295 5.68 T
92.2486544 2.4962561 6.68 T
92.4730357 14.8527574 7.34 T
92.4864658 9.4676865 7.26 T
92.5825037 13.8108167 7.09 T
92.5990911 2.9018669 6.82 T
92.6973056 13.6594577 6.92 T
92.7465175 11.9948637 7.51 T
92.8662623 13.6384424 6.04 T
92.9849850 14.2086374 4.41 T
92.9946663 7.3913083 7.02 T
93.0137060 16.1302903 4.92 T
93.0512156 4.6737217 7.44 T
93.0575582 13.6866836 6.87 T
93.0663916 10.3334027 7.47 T
93.2474860 10.2873712 6.56 T
93.2656610 3.5090271 7.47 T
93.3025832 10.6252855 6.50 T
93.3768583 9.6286853 7.55 T
93.5524201 3.9022720 7.30 T
93.5763599 14.4935438 7.25 T
93.6554957 2.2899613 7.20 T
93.7854509 13.8511562 5.86 T
93.8547204 16.1431122 5.31 T
93.8759946 3.9581800 6.99 T
93.8987429 7.6522539 7.52 T
93.9174080 6.0660596 6.03 T
93.9373317 12.5510603 5.47 T
93.9458706 4.2836232 6.59 T
94.0577639 5.1141230 7.14 T
94.1114343 12.2733306 5.08 T
94.2435104 7.0525573 6.53 T
94.2761414 15.8505024 7.27 T
94.2776484 9.9420150 5.40 T
94.3159990 5.1011237 5.77 T
94.3888126 14.0586602 6.56 T
94.5233602 14.3828956 6.13 T
94.6681378 9.0469239 6.32 T
94.7062333 11.1649351 7.06 T
94.7484743 12.7014191 7.41 T
94.7576249 17.3252396 6.25 T
94.7761528 12.7467136 6.69 T
94.8560037 13.4338713 6.94 T
94.9172720 16.0131607 6.68 T
94.9214273 12.2926182 7.62 T
95.0714239 7.7187299 6.79 T
95.2171262 11.7561933 6.52 T
95.2532523 14.7047177 7.31 T
95.3572417 2.2683941 6.31 T
95.6512967 12.5700359 6.02 T
95.6884153 4.2101152 6.88 T
95.7068486 17.5741453 7.41 T
95.8270566 3.7644134 6.36 T
95.9419289 4.5929417 4.42 T
96.0050619 9.1714992 7.32 T
96.0094387 8.8849675 6.21 T
96.1350950 4.1865471 7.32 T
96.2737739 16.9946763 7.00 T
96.3269844 1.5015182 6.66 T
96.3396617 10.8089691 7.40 T
96.4438389 2.2715553 6.50 T
96.4679831 11.1258295 6.39 T
96.6571743 15.5236609 6.92 T
96.6634322 13.1005268 6.66 T
96.8157270 14.8892247 6.60 T
96.8349435 2.9083726 5.66 T
96.8663802 5.1754193 6.76 T
97.0698207 1.9125728 6.44 T
97.1162930 16.2380883 6.33 T
97.2506523 11.0190709 6.61 T
97.4831292 7.1119388 7.12 T
97.5233235 9.0297044 6.60 T
97.6217041 4.3324024 7.35 T
97.6372431 5.8669829 6.77 T
97.7898599 11.2513821 6.12 T
97.9059324 15.9034026 6.41 T
97.9140299 11.7922261 6.61 T
97.9188988 5.7689842 7.23 T
97.9368559 2.0163469 7.43 T
97.9513677 11.5445800 5.23 T
97.9813089 4.9428438 6.79 T
98.0297321 6.0356735 6.70 T
98.0387653 4.8235377 7.32 T
98.0728612 8.8178816 7.00 T
98.0745196 17.7797786 6.88 T
98.0774976 17.7845037 6.30 T
98.0797862 4.8560160 5.95 T
98.0969870 11.6732937 6.17 T
98.2259284 7.3329321 4.49 T
98.4005788 14.1546331 5.68 T
80.4316667 8.4286111 5.80 B
84.2262500 9.2905556 4.09 B
84.2683333 11.0350000 5.94 B
87.5545833 4.4233333 5.97 B
88.5558333 10.5869444 6.12 B
88.5654167 3.2252778 6.31 B
88.7929167 7.4069444 0.50 B
89.0145833 13.9252778 6.60 B
89.4758333 1.2244444 6.22 B
89.7066667 0.5530556 5.22 B
93.3025000 10.6275000 6.45 B
95.0175000 14.6511111 5.69 B
96.3045833 7.0858333 5.98 B
97.0783333 10.3038889 6.15 B
98.6933333 7.5725000 6.45 B
98.8233333 9.9883333 5.88 B
99.4037500 10.8530556 6.38 B
100.2445833 9.8955556 4.66 B
