171.4006288 16.4565129 5.62 T
171.8448012 1.3731854 7.66 T
171.9835040 2.8316386 7.47 T
171.9844377 2.8562060 5.05 T
172.0084678 11.9730185 6.72 T
172.1035638 2.7825457 7.31 T
172.2460481 10.0381725 7.04 T
172.2906970 16.3782148 7.80 T
172.3988109 3.7799960 7.57 T
172.4166234 7.5992068 6.79 T
172.4241772 15.4129667 5.89 T
172.8474620 3.0627646 7.53 T
172.8822981 17.7496099 7.10 T
172.9159188 7.8635406 7.93 T
172.9351517 14.3633148 6.33 T
173.3321414 3.3624485 7.42 T
173.4015793 2.4989349 6.68 T
173.4865092 13.5518490 7.98 T
173.5416745 11.0237473 6.62 T
173.5903258 3.0595232 5.81 T
173.6769932 16.7970771 6.26 T
173.8833306 11.1884236 6.73 T
173.9311107 10.9111545 6.58 T
174.0606825 3.3008689 7.29 T
174.1417021 6.1057569 6.94 T
174.3242380 6.2700935 7.16 T
174.5019090 12.9570663 7.56 T
174.5405895 8.8838186 6.30 T
174.6150042 8.1343333 5.49 T
174.7520481 6.0571388 7.69 T
175.1219872 5.1399458 7.57 T
175.1728742 8.6721160 7.36 T
175.5165883 12.2841256 7.13 T
175.5291209 4.7475474 7.34 T
175.6060782 2.3619075 7.00 T
176.2972246 14.2633426 6.66 T
176.3213723 8.2579760 4.86 T
176.3504776 7.0298830 7.16 T
176.4524287 6.9426891 7.72 T
176.4647533 6.5282729 4.21 T
176.5262020 7.1739489 7.10 T
176.7113115 15.0019922 7.92 T
176.8140159 12.6642916 7.98 T
176.9783942 8.2459515 5.32 T
177.1606276 14.2842414 5.97 T
177.2575862 16.1325190 6.96 T
177.2791056 5.1824112 6.67 T
177.3118763 16.2425428 6.07 T
177.4352860 6.5225558 7.99 T
177.4449443 2.2317532 7.83 T
177.6784535 1.7630197 3.65 T
177.7297056 12.2792001 6.40 T
177.8515644 11.8051857 7.11 T
177.8920773 6.8767212 7.76 T
177.9855886 8.8223223 7.89 T
177.9898328 8.8296643 7.43 T
178.0849259 9.9488129 7.71 T
178.1928105 15.4359338 6.86 T
178.2333871 13.4209978 7.62 T
178.4638714 14.0296017 7.77 T
178.5194900 4.8792817 7.98 T
178.5945838 10.0491100 7.99 T
178.6388510 14.1511669 7.87 T
178.7628581 8.4440432 5.67 T
178.7794029 3.2186298 7.76 T
178.9189597 15.6468383 5.54 T
179.1116158 14.1861358 6.91 T
179.2012883 5.3446910 7.71 T
179.4261170 17.4678647 6.83 T
179.4376941 6.9742422 7.47 T
179.4519505 8.9897832 7.52 T
179.5580837 3.4819616 6.90 T
179.8496206 1.8264565 6.96 T
179.9870215 3.6551471 5.34 T
180.2182983 6.6141634 4.66 T
180.2915845 3.6321966 7.84 T
180.3071490 12.3778087 6.93 T
180.3649432 6.5061571 7.99 T
180.6460948 8.0696301 7.82 T
180.7217820 12.8072840 7.50 T
180.9342352 5.5572219 6.44 T
181.0527901 1.4618768 7.69 T
181.0785275 4.9316941 7.30 T
181.1769392 16.2688741 7.75 T
181.1790499 3.5729273 7.26 T
181.2904231 13.4728920 7.79 T
181.2947247 2.1830849 7.66 T
181.3008589 8.7332969 4.21 T
181.3543796 17.2889861 7.67 T
181.3641415 10.9607105 7.95 T
181.4624327 5.3572672 7.79 T
181.7943954 9.6628358 7.42 T
181.7952625 12.9851825 7.09 T
181.8865760 4.5131048 7.55 T
181.8995358 13.5169448 7.76 T
182.0104620 6.0363650 7.95 T
182.3039528 17.1859087 7.42 T
182.3086440 14.8295161 7.83 T
182.4223892 1.8967656 6.08 T
182.5132344 5.8071197 5.75 T
182.5327117 16.4267748 7.20 T
182.6317003 16.8092871 6.39 T
182.7560079 8.7177102 7.48 T
182.9176287 4.0559603 6.95 T
183.0733732 5.8725312 7.49 T
183.1241207 3.4042489 7.67 T
183.2410494 10.0354840 7.98 T
183.3047276 10.8179608 7.63 T
183.3087306 11.5163553 7.77 T
183.3574776 10.2622942 5.86 T
183.3720882 17.1813853 7.73 T
183.3731070 10.0398831 7.48 T
183.4592304 8.9720147 7.58 T
183.4818144 2.2600968 7.02 T
183.6142208 8.7815625 7.55 T
183.8065056 16.9075116 6.96 T
184.0002615 14.8988747 5.09 T
184.0639812 6.2231995 7.82 T
184.3626767 6.6008798 7.99 T
184.4346332 15.1444392 6.48 T
184.4895989 1.5752676 7.55 T
184.6148197 8.0649979 7.37 T
184.7759445 16.5473598 7.11 T
184.8341090 14.5413395 6.65 T
184.9474060 6.0411810 7.83 T
184.9549620 16.8076528 7.99 T
184.9800184 5.6717210 7.31 T
185.0198382 13.8549946 7.11 T
185.0332621 9.8925535 7.75 T
185.0855803 3.3121763 5.09 T
185.1785651 17.7934389 4.83 T
185.2026749 15.5409927 6.57 T
185.5083444 16.7445635 6.67 T
185.5625643 4.8548960 7.89 T
185.6324390 5.3051180 6.53 T
186.0479420 5.9714167 7.88 T
186.1695413 1.3840563 7.78 T
186.4782906 4.1997770 7.56 T
186.5032357 2.0420171 7.33 T
186.5136461 15.8640013 6.86 T
186.8876464 17.8341886 7.54 T
186.9147880 6.1544395 7.81 T
186.9254567 8.6102674 6.45 T
187.0764533 4.3964586 6.74 T
187.3352811 17.3215873 7.74 T
187.3664810 4.8384775 7.17 T
187.4448057 14.6502352 7.43 T
187.6431657 3.5082079 7.54 T
187.7767207 16.6138897 7.59 T
187.8106811 1.3268705 7.68 T
187.8391140 7.6043769 6.21 T
187.8433476 5.0530336 7.78 T
187.9624888 5.7098914 7.63 T
188.2616734 10.2957008 6.39 T
170.9812500 10.5291667 3.94 B
171.2454167 11.4302778 5.80 B
177.2650000 14.5719444 2.14 B
179.7641667 0.5305556 6.17 B
190.4712500 10.2355556 4.88 B
