48.7393345 -69.7827371 7.34 T
49.0335758 -73.5488211 7.98 T
49.7400364 -73.9868196 7.28 T
50.2618812 -68.5328462 7.05 T
51.0100353 -69.6244835 6.19 T
51.4010700 -69.3360177 6.00 T
51.8204019 -61.2588434 7.95 T
52.3497410 -62.9351876 4.75 T
52.5333560 -74.5938985 7.54 T
52.7157297 -66.4897018 5.79 T
52.7192562 -62.0078285 6.85 T
53.1799500 -61.3944196 7.41 T
53.1840289 -60.5738805 7.75 T
53.1931908 -66.7294202 7.54 T
53.2158374 -61.0165769 6.54 T
53.2472908 -67.4199471 7.54 T
53.3946232 -62.6400057 7.44 T
53.4530662 -62.1672505 7.68 T
53.6041733 -65.7641292 6.76 T
53.6604660 -62.5571267 6.99 T
54.0015868 -61.5421110 7.69 T
54.0516569 -73.9734201 7.75 T
54.2340781 -68.4380592 7.91 T
54.5429979 -59.7761107 7.00 T
55.3745751 -66.4771391 7.79 T
55.6441936 -64.1950943 7.53 T
55.7880905 -61.5085713 7.47 T
55.8526895 -74.0085497 7.56 T
55.8768114 -61.6262537 7.59 T
56.0544759 -64.8063712 3.96 T
56.1949977 -70.0272514 7.48 T
56.2562588 -70.0247208 7.63 T
56.2838314 -63.7294402 7.48 T
56.3492697 -71.6578340 6.24 T
56.5648482 -66.5042392 7.72 T
56.8109254 -74.2382476 3.44 T
56.9200969 -69.8887672 7.47 T
57.0096173 -64.8359715 7.93 T
57.0492799 -74.6939403 7.17 T
57.1587164 -70.3597835 7.44 T
57.6247800 -60.4275787 7.97 T
57.9284238 -60.3602215 7.93 T
58.8483387 -60.9071116 7.67 T
58.9580833 -65.1861573 7.84 T
59.0176535 -63.4635047 6.26 T
59.6475831 -68.3437224 7.98 T
59.6865804 -61.4002663 4.74 T
59.7177873 -65.8814366 7.85 T
60.1824623 -71.1665871 6.60 T
60.1869824 -58.6616319 7.05 T
60.2081911 -64.4218701 7.90 T
60.2242171 -62.1590474 4.70 T
60.3264767 -61.0782282 5.12 T
60.6167610 -61.3563052 6.82 T
60.6544405 -68.9470704 7.57 T
61.3805504 -58.4781468 8.00 T
61.5128915 -69.8711158 7.48 T
61.5439129 -59.8760018 7.99 T
61.8426455 -64.2202130 6.45 T
62.5309965 -61.5994371 7.21 T
63.2796486 -72.8204727 7.47 T
63.3134190 -70.4200870 7.02 T
63.6067503 -62.4735602 3.42 T
63.7022424 -62.1911873 5.58 T
64.0878038 -60.9483715 6.38 T
64.1203700 -59.3031961 4.55 T
64.1641424 -64.3153515 8.00 T
64.1911269 -66.6797013 7.93 T
64.1935157 -69.7265344 7.24 T
64.2075991 -71.9975626 7.68 T
64.4178741 -63.2554207 6.04 T
64.7982068 -58.7465611 8.00 T
64.9437748 -69.1204557 7.95 T
64.9985411 -69.3987156 7.70 T
65.0794414 -63.1738030 7.95 T
65.4733698 -63.3853000 5.34 T
65.9832200 -66.7367441 7.00 T
66.2719889 -61.2380493 6.11 T
66.2872587 -64.0780753 7.96 T
66.4436821 -69.9936527 7.93 T
66.7405270 -72.6339583 7.99 T
66.7767937 -62.7995255 6.87 T
66.9415819 -62.5211901 5.85 T
67.5502544 -67.8749205 7.74 T
67.8488338 -59.7668104 7.03 T
68.3898568 -62.8237897 5.90 T
68.5643441 -73.2084275 6.91 T
68.6462907 -72.7334060 7.02 T
69.1890826 -62.0776182 5.87 T
69.3051057 -73.8430836 7.91 T
69.3257162 -72.4766894 7.93 T
69.5311900 -58.2036490 6.71 T
69.7052905 -62.3783678 6.80 T
69.7255361 -58.9804269 7.22 T
69.9901554 -71.5058243 7.84 T
70.7666770 -70.9308097 5.49 T
71.0885200 -59.7324572 5.31 T
71.2410897 -63.2297350 6.58 T
71.4969506 -66.0784770 7.43 T
71.6560780 -68.5457657 7.27 T
71.7183684 -60.6027015 7.80 T
71.7787624 -59.1369984 6.90 T
71.8137273 -62.8291616 7.92 T
71.8412925 -61.4763500 7.34 T
72.0262786 -63.4803967 7.26 T
72.1959666 -60.2589405 7.12 T
72.2405081 -67.7141712 7.65 T
72.5292747 -58.8009905 7.58 T
72.6837594 -69.8313515 7.41 T
72.8355584 -68.0692528 6.89 T
73.0155607 -72.9946678 7.98 T
73.2725924 -72.4059915 6.34 T
73.3666767 -72.7648741 7.34 T
73.3771001 -66.6753746 6.62 T
73.7221863 -58.5472307 6.16 T
73.7786504 -62.7949157 7.99 T
74.2115458 -70.9250780 7.27 T
74.2772632 -65.0156548 7.23 T
74.5081748 -58.2082733 7.03 T
74.6350929 -59.1320401 7.89 T
75.1370365 -64.3946913 7.55 T
75.1643427 -70.6237957 7.62 T
75.2897127 -74.3408407 7.00 T
75.6790623 -71.3142345 5.41 T
76.1872602 -64.5456891 7.88 T
76.2778983 -68.0864125 7.85 T
76.5391349 -73.0372744 6.26 T
76.5465694 -62.7876470 7.77 T
76.6602456 -63.1487164 7.96 T
76.6619198 -65.3758923 7.95 T
76.6860575 -59.8777747 7.44 T
76.7770791 -71.2703087 7.50 T
76.8919417 -63.3999613 5.39 T
77.4057075 -63.7768359 7.78 T
77.8674706 -69.5462704 7.77 T
78.0133562 -65.1753545 7.09 T
78.3273188 -59.5855240 7.26 T
78.4396930 -67.1850080 4.95 T
78.8529797 -73.5884199 6.52 T
78.9650357 -63.3415101 7.99 T
79.3577147 -71.5336363 7.72 T
79.3977301 -68.5931351 7.69 T
79.5650156 -74.6980330 7.64 T
79.6829537 -62.9850190 7.37 T
80.0012668 -66.0574917 7.55 T
80.1174293 -60.7796599 7.10 T
80.2453032 -64.0748463 7.95 T
80.6053753 -71.5060841 7.44 T
80.6342816 -73.8013379 7.02 T
80.6868606 -72.3382443 7.55 T
80.9415815 -62.5821728 7.86 T
81.0685293 -74.6326572 7.86 T
81.5180367 -58.5614227 7.46 T
81.5801603 -58.9123131 5.24 T
81.6618569 -73.6647516 7.48 T
81.7492591 -68.6227711 6.66 T
81.7492591 -68.6227711 6.95 T
82.3929741 -72.8108991 7.97 T
83.6866033 -73.7410396 6.02 T
83.8136412 -71.1376680 7.80 T
49.4958333 -66.9269444 6.05 B
52.3445833 -62.9375000 4.72 B
56.0500000 -64.8069444 3.85 B
59.6787500 -57.1025000 6.05 B
61.8400000 -64.2225000 6.38 B
65.4720833 -63.3863889 5.24 B
68.3916667 -62.8236111 5.79 B
73.7966667 -74.9369444 5.47 B
82.9704167 -76.3411111 5.19 B
84.2279167 -66.5602778 6.31 B
86.1933333 -65.7355556 4.35 B
86.9504167 -72.7022222 6.53 B
87.4733333 -66.9011111 5.11 B
