202.8788677 -46.7353283 7.54 T
203.1067158 -47.2721416 7.24 T
203.1632658 -44.4503525 7.22 T
203.3508861 -38.8717371 7.60 T
203.3716426 -43.4228589 6.70 T
203.4216730 -41.3190443 7.56 T
203.4485879 -39.9456257 6.71 T
203.6204049 -48.2722197 6.31 T
204.1092010 -42.4152998 6.84 T
204.2106676 -34.4680756 6.59 T
204.2515132 -37.1005120 7.63 T
204.2745844 -44.1432867 6.06 T
204.2982702 -47.0156048 7.73 T
204.3238563 -40.8980100 7.59 T
204.3475652 -46.4279820 5.87 T
204.3838817 -36.5722859 7.45 T
204.3925400 -35.0489849 7.26 T
204.6784043 -44.5164126 7.54 T
204.8575316 -36.2410048 7.48 T
204.9518794 -40.0520514 5.75 T
204.9982304 -49.9498469 6.04 T
205.1566202 -44.3303431 6.58 T
205.5059272 -43.1470510 7.12 T
205.5864024 -33.9803449 7.42 T
205.5866429 -33.9791749 7.47 T
205.6816714 -43.1858465 7.31 T
205.7080107 -44.1909826 7.00 T
205.7288207 -41.4013205 6.07 T
205.8030051 -35.2902277 7.86 T
205.9168875 -42.0675769 5.97 T
205.9553402 -40.1781951 7.51 T
205.9663958 -45.4375560 7.31 T
206.0366107 -43.4413036 7.08 T
206.3624904 -48.7914750 6.82 T
206.5683029 -46.3665716 7.56 T
206.7347104 -36.2519998 5.14 T
207.1746816 -37.1274670 6.78 T
207.2253946 -35.7053395 6.62 T
207.3179708 -40.5163771 6.95 T
207.3445720 -33.8233063 7.71 T
207.3609973 -34.4511442 4.42 T
207.3759528 -41.6878366 3.35 T
207.4039160 -42.4738485 3.42 T
207.5808804 -39.9009153 6.54 T
207.6163257 -39.0983839 7.79 T
207.9012135 -36.4339989 6.40 T
207.9465830 -46.8987561 5.73 T
208.0120608 -47.8658492 7.02 T
208.3675500 -39.0571897 7.59 T
208.3857130 -35.6643088 6.27 T
208.3857130 -35.6643088 6.38 T
208.3859334 -38.2661762 7.66 T
208.4249237 -34.6646621 7.79 T
208.4646786 -35.3147864 6.29 T
208.4884363 -47.1281812 5.87 T
208.5834320 -48.6928858 7.20 T
208.6588033 -34.5980311 6.87 T
208.6731724 -48.1347093 7.21 T
208.8057252 -47.0923971 7.44 T
208.9936583 -39.4097077 7.23 T
209.0811409 -46.5935182 5.94 T
209.1998475 -46.3860409 6.92 T
209.4210985 -47.0096477 7.30 T
209.5051935 -38.1688467 7.65 T
209.5675759 -42.1008808 3.77 T
209.6157147 -48.4652309 7.20 T
209.6695364 -44.8037252 3.81 T
210.0785245 -46.1272057 6.60 T
210.2851843 -44.1979436 6.72 T
210.3291906 -40.2219453 6.25 T
210.4313639 -45.6035341 4.41 T
210.4402212 -39.4387984 7.57 T
210.5934716 -36.1794967 7.05 T
210.8641754 -41.4234517 6.07 T
211.0509183 -41.8130249 7.04 T
211.1557512 -35.6454643 7.30 T
211.1753520 -50.0715339 7.65 T
211.4869396 -37.7292846 7.71 T
211.5113334 -41.1797668 4.31 T
211.5341159 -44.6892150 7.23 T
211.5453922 -43.0919019 6.29 T
211.6665847 -36.3732023 2.16 T
211.7425567 -47.5892972 6.99 T
211.9197282 -48.7041886 6.42 T
211.9225366 -49.8667886 7.14 T
211.9474243 -34.9494915 7.34 T
212.2160092 -43.4708924 6.17 T
212.4785476 -44.2809590 7.72 T
212.5453774 -45.9138539 7.64 T
212.7595714 -48.7828467 6.72 T
213.2294200 -40.8335386 6.75 T
213.4103303 -45.9863037 7.44 T
213.4418622 -36.6212809 7.32 T
213.6766828 -41.8376043 5.71 T
213.9123126 -45.0016032 6.37 T
214.1013397 -41.2332848 7.83 T
214.4132500 -40.8618262 7.85 T
214.4709609 -42.5912958 7.03 T
214.8491194 -37.0031486 5.94 T
214.8507754 -46.0581320 3.50 T
214.8775085 -46.1001866 7.10 T
215.0404026 -43.0588062 5.77 T
215.1387879 -37.8853601 4.03 T
215.1554085 -34.6779494 7.70 T
215.1777400 -45.1875314 4.81 T
215.2115907 -42.4249104 7.20 T
215.2296662 -49.3666599 7.55 T
215.5819700 -34.7867945 5.55 T
215.6612831 -48.3198801 6.09 T
215.7591385 -39.5119413 4.37 T
215.8184155 -42.2530340 7.07 T
216.1539854 -47.1778714 7.45 T
216.1697328 -44.3113885 6.55 T
216.1828132 -40.7552882 6.95 T
216.1969806 -45.2040405 7.88 T
216.2539904 -37.4472349 6.70 T
216.5341191 -45.2215131 4.53 T
216.5451595 -45.3792961 4.40 T
216.5550688 -42.3189267 6.47 T
216.7076217 -39.8741245 6.33 T
216.7992596 -46.1347282 5.85 T
216.8777836 -47.0991488 7.64 T
216.8812784 -35.4475795 6.95 T
216.8897826 -46.2136521 7.21 T
216.9141423 -46.2019360 7.66 T
216.9390535 -44.3304171 7.00 T
217.2160756 -47.9922207 6.37 T
217.5356207 -45.3215415 5.49 T
217.5413294 -43.8640265 6.92 T
217.5868386 -49.5192831 5.38 T
217.7952157 -38.8695400 6.10 T
217.8044598 -34.6812205 7.79 T
217.8097385 -40.6560819 7.49 T
217.8255034 -47.0722246 7.27 T
218.5330378 -42.0993253 6.60 T
218.6391756 -46.3049257 7.60 T
218.6831447 -35.4638087 7.38 T
218.7945102 -46.4620119 6.89 T
218.8809874 -41.5175839 5.86 T
219.0790367 -46.2453461 5.70 T
219.1000274 -39.5975762 6.26 T
219.1836913 -40.2117357 5.72 T
219.1944754 -36.6653727 7.68 T
219.3338497 -46.1334755 5.55 T
219.4023473 -43.1112651 6.62 T
219.4715159 -49.4260245 4.01 T
219.4785382 -48.0236256 6.63 T
219.5734654 -49.9012008 6.51 T
219.5810158 -38.7943135 6.20 T
219.6033705 -35.2767924 6.79 T
219.6512877 -43.3673702 7.73 T
219.7934197 -46.5858139 6.11 T
219.8501352 -49.0561009 6.43 T
220.0733721 -40.8418317 6.64 T
220.0801160 -45.7939732 6.60 T
220.1283868 -40.6081349 7.36 T
220.2555557 -36.1348996 5.64 T
220.4897357 -37.7936727 3.96 T
220.5101763 -46.2979803 7.34 T
220.8138384 -47.5705228 6.88 T
220.9138681 -35.1747720 4.20 T
221.2467495 -35.1918464 4.92 T
221.3356112 -36.1478146 7.38 T
221.4899428 -44.8676909 6.91 T
221.6204458 -47.4412199 5.73 T
221.7716346 -38.2911408 6.06 T
221.8836289 -43.5568626 6.42 T
221.9453108 -39.9264731 6.91 T
222.1584346 -36.6349893 6.15 T
222.2574197 -35.5505035 7.66 T
222.7444298 -42.8226485 6.84 T
222.9093561 -43.5755214 4.29 T
222.9899554 -40.8058697 7.92 T
223.0644945 -44.9275301 7.26 T
223.2126464 -37.8032873 4.99 T
223.2774007 -38.2571411 6.58 T
223.3421110 -45.8557743 7.07 T
223.4457223 -39.7474174 7.17 T
223.6052294 -34.1429419 7.09 T
223.7268560 -36.4304769 7.28 T
223.7272144 -41.3653308 7.20 T
223.7378900 -48.6968345 7.89 T
224.1036653 -44.7042703 6.76 T
224.1060465 -39.6289271 7.50 T
224.1331631 -47.8793046 5.98 T
224.1331631 -47.8793046 6.82 T
224.1434658 -46.9504010 7.16 T
224.1486713 -39.4161416 6.36 T
224.4230579 -49.8713216 7.81 T
224.4483172 -42.4970888 7.45 T
224.5365216 -48.8650381 6.43 T
224.6327252 -43.1342008 2.60 T
224.7574428 -48.2348347 7.56 T
224.7901748 -42.1043625 3.08 T
224.7940588 -48.8265994 7.27 T
224.8307166 -43.4729441 7.08 T
224.8632138 -43.1598993 6.16 T
224.9359856 -43.8121502 6.63 T
224.9575907 -46.1602886 7.14 T
224.9774333 -46.2480688 7.15 T
204.9200000 -39.7480556 6.27 B
208.8008333 -52.1611111 5.71 B
208.8850000 -47.2883333 2.55 B
209.8220833 -50.3700000 5.91 B
211.6708333 -36.3700000 2.06 B
212.3958333 -51.5047222 6.00 B
214.0762500 -33.2413889 6.55 B
214.5991667 -33.2205556 6.54 B
217.7354167 -40.8450000 6.39 B
218.8766667 -42.1577778 2.31 B
219.7958333 -46.5841667 6.07 B
