92.8064314 60.4533738 6.70 T
92.8158121 47.9066003 6.87 T
92.9025447 48.7127041 6.86 T
92.9025757 48.7106426 6.16 T
93.1483394 47.4204719 7.50 T
93.4388960 51.1720605 6.19 T
93.4962184 52.0108060 7.41 T
93.7445427 46.3957502 7.52 T
93.7929784 48.8339652 7.15 T
93.9192812 59.9988147 5.51 T
94.0166481 59.2148837 6.71 T
94.0489778 56.9331911 7.55 T
94.3373978 49.4855042 7.37 T
94.3467309 57.4142953 7.21 T
94.3602280 58.8264928 7.38 T
94.3939557 46.4240113 6.56 T
94.4782847 61.5152705 5.24 T
94.5322780 53.6715134 7.74 T
94.5703991 46.3596212 6.45 T
94.6097875 49.1854167 7.84 T
94.7625966 59.5590600 7.52 T
94.7696999 47.3938378 6.89 T
94.7910497 56.5263775 7.02 T
95.0787501 54.2492079 7.31 T
95.2079223 52.1482626 7.47 T
95.4424439 53.4516143 5.38 T
95.5147857 59.3720695 6.14 T
95.5199824 60.7776760 7.45 T
95.5336828 61.7592604 7.25 T
95.5948430 62.1039920 7.64 T
95.6056550 46.1946252 7.39 T
95.6080296 56.0128453 7.57 T
95.7765389 56.9759010 6.59 T
95.8728865 53.0771451 7.73 T
96.0437036 60.0845282 7.22 T
96.1386276 59.6990107 7.58 T
96.1832083 59.6692734 7.58 T
96.2246000 49.2878783 5.15 T
96.3000630 51.6327120 7.26 T
96.3590251 46.5336471 7.82 T
96.4097350 58.4247243 7.13 T
96.4917085 58.6034184 6.91 T
96.6073685 56.2852315 5.58 T
96.7035762 58.4173951 5.38 T
96.9098664 48.7771259 7.38 T
96.9621265 47.4049745 6.53 T
97.2107506 52.4488957 7.07 T
97.2280874 52.1257135 7.33 T
97.5123286 46.6856006 6.04 T
97.5938965 60.1465161 6.81 T
97.6430111 52.8090456 7.67 T
97.6959420 58.1605069 5.96 T
98.0825198 54.8528010 7.61 T
98.2903322 46.4762541 7.00 T
98.3020384 46.5738676 7.99 T
98.6366871 55.3530721 6.63 T
98.7923041 52.8638571 7.52 T
98.8082638 47.9487047 7.95 T
98.8407347 51.9742670 7.59 T
99.0087996 56.3856981 6.60 T
99.0091225 55.6920508 7.87 T
99.0645173 58.1055423 6.66 T
99.0999910 59.6643859 6.85 T
99.4098266 56.8576014 5.87 T
99.4191147 55.3592860 7.39 T
99.4197300 61.4795153 6.04 T
99.5285034 59.4496171 7.57 T
99.5829943 57.1916117 6.83 T
99.6516710 61.4775759 6.99 T
99.9314208 58.0948101 7.25 T
100.1303136 61.9226277 6.60 T
100.1973504 56.8836506 7.41 T
100.2043284 51.9764839 7.67 T
100.2479974 56.0991690 7.28 T
100.2678825 53.3985279 7.57 T
100.4754818 47.7933761 7.61 T
100.6678083 47.7349277 7.34 T
100.7164204 56.6930908 7.35 T
100.8081261 55.5343652 7.82 T
100.8128984 54.1128075 7.85 T
100.8313589 49.4036199 7.57 T
101.0025909 51.4527643 7.70 T
101.0483149 53.2946996 6.41 T
101.2150187 59.4493798 7.30 T
101.5549189 59.4431721 7.05 T
101.5588092 59.4415774 5.44 T
101.5588092 59.4415774 6.00 T
101.5863126 50.3802296 7.29 T
101.6573052 57.7677702 7.72 T
101.7064469 57.1689330 5.44 T
101.9148764 48.7895064 5.34 T
102.0518816 55.7035363 6.28 T
102.0540383 55.7038538 6.34 T
102.5040308 46.1845511 7.31 T
102.7962350 58.4174327 7.97 T
102.9491875 46.4999380 7.52 T
103.2708984 59.4482683 5.45 T
103.3589254 51.5178607 7.00 T
103.6358528 50.0447133 7.34 T
103.6913778 48.9050593 7.03 T
104.1335233 46.2740415 5.83 T
104.2311945 51.0053103 7.53 T
104.2326888 46.7048638 6.00 T
104.3048833 57.5633751 6.19 T
104.3191555 58.4219327 4.45 T
104.3407740 59.1853459 7.82 T
104.5430257 60.7892571 7.81 T
104.9186200 48.6219268 7.53 T
104.9350608 52.5723233 6.80 T
105.3066638 54.8564772 6.90 T
105.5707367 51.5676491 7.63 T
105.6175698 53.3837665 7.48 T
105.7135860 61.3076442 7.97 T
105.9415556 47.2594196 7.77 T
105.9950409 47.0500361 7.04 T
106.0109340 51.2858849 7.40 T
106.2874436 47.7750339 6.35 T
106.4154406 52.7583321 6.87 T
106.5054164 59.8018429 6.53 T
106.7535082 49.4711915 7.79 T
107.4072375 60.7917786 6.76 T
107.5362335 62.1357866 7.11 T
107.8136805 59.0644488 7.58 T
107.8693123 60.2246156 7.35 T
107.8815567 55.6123724 7.37 T
107.9874276 49.7896821 6.87 T
108.1166096 62.2622623 7.58 T
108.2897414 54.4937439 7.07 T
108.3036831 47.6063251 6.78 T
108.3475910 51.4288192 5.68 T
108.4059345 47.2668367 7.08 T
108.4692257 48.4988548 7.32 T
108.6999870 52.5455699 7.80 T
108.7253540 62.1364506 7.89 T
108.8820302 51.4488975 7.38 T
108.8841878 59.7747311 7.25 T
108.9591810 47.2388004 5.61 T
108.9775333 59.6358506 5.32 T
109.0976897 47.6388727 7.70 T
109.1488548 52.0345356 7.81 T
109.2726391 59.9163631 7.92 T
109.3237429 48.4638014 7.71 T
109.3337170 58.0490671 7.58 T
109.3904875 52.1309648 6.06 T
109.6332012 49.4647698 5.02 T
109.6508553 58.9186942 7.61 T
109.8014407 59.1255653 7.69 T
109.8364100 51.4932564 7.88 T
109.9699545 59.2527128 6.90 T
110.4831390 60.3253240 7.61 T
110.5565180 50.1474409 7.67 T
110.5627225 50.1485467 7.51 T
110.5713556 59.9020200 6.40 T
110.7117658 55.2840801 6.71 T
110.7168628 55.2811956 5.76 T
110.7243936 55.3406903 7.57 T
110.9907278 61.4532010 7.71 T
111.2379437 51.8870547 5.98 T
111.3245281 56.5687899 7.75 T
111.4664770 48.5475934 6.76 T
111.6784520 49.2112129 4.61 T
111.7829452 47.6459301 7.67 T
112.0358657 46.5213843 6.87 T
112.0996600 61.8772904 7.47 T
112.1810290 47.9202893 6.90 T
112.2144642 48.1836553 5.69 T
112.2188594 46.3142058 6.55 T
112.4842064 49.6719401 5.41 T
112.6393771 48.8792433 7.29 T
112.6637431 49.9390478 7.86 T
112.7365981 51.9986012 6.81 T
112.9002956 62.5016931 7.00 T
112.9781315 50.1508521 8.00 T
113.0090254 61.7570364 6.80 T
113.1658915 46.5346017 7.72 T
113.4644912 51.3139790 6.60 T
113.6509516 48.1913723 7.29 T
113.7810813 48.6811320 7.01 T
114.1315546 46.1800834 5.82 T
114.1958453 55.7548193 6.06 T
114.2020272 56.8577683 7.75 T
114.3132189 53.8405302 7.46 T
114.3851672 60.5386506 7.00 T
114.4740412 48.7736658 5.94 T
114.5201451 61.5334940 7.43 T
114.5683831 47.7476411 7.76 T
114.5835207 55.2051488 8.00 T
114.8017858 53.9001066 6.66 T
114.8392497 50.5281384 6.96 T
114.9941325 59.5633196 7.25 T
115.0398730 57.2619263 7.99 T
115.2061307 57.0828310 6.25 T
115.3011693 48.1307342 5.69 T
115.4494330 54.7657754 6.93 T
115.9433698 59.2891691 7.69 T
116.0173229 50.4336571 5.33 T
116.5067738 55.6421976 7.57 T
116.9877627 60.2955447 7.08 T
117.5324319 60.3422067 6.79 T
118.8780318 62.0439759 7.17 T
91.2845833 59.3930556 6.34 B
91.6633333 63.4536111 6.39 B
92.4962500 58.9358333 5.36 B
94.9058333 59.0108333 4.48 B
97.6966667 58.1627778 5.88 B
99.4225000 61.4811111 5.94 B
101.0483333 53.2963889 6.27 B
108.9787500 59.6375000 5.20 B
110.3229167 45.2280556 5.77 B
117.7737500 54.1291667 6.02 B
118.1525000 55.2094444 6.38 B
