228.1562363 -0.3816464 7.43 T
228.1872387 3.5444108 7.83 T
228.3829933 5.0439792 7.89 T
228.4541258 -1.3545239 6.67 T
228.5874416 0.3695913 7.97 T
228.6191313 -3.3644649 7.20 T
228.7106541 -5.5024878 6.44 T
228.7403255 -2.4149551 7.76 T
228.7971746 4.9393791 5.46 T
228.9538259 0.3722237 5.65 T
228.9731302 6.4647159 6.61 T
228.9976441 0.7955042 7.02 T
229.0066385 -4.8981522 7.39 T
229.3069419 -7.8566106 7.66 T
229.4036657 7.8445256 7.92 T
229.4182628 -0.9848040 7.38 T
229.4212029 -5.2025085 7.39 T
229.4260133 -4.4944292 7.77 T
229.5945221 0.9392920 6.66 T
229.6087988 -0.4612302 6.04 T
229.6149998 -0.7867044 7.86 T
229.7303611 -1.5922451 7.00 T
229.8306685 1.7621895 5.12 T
230.1522777 -5.1197835 6.72 T
230.1942967 -2.4144002 6.45 T
230.2580636 0.7146765 5.53 T
230.2813880 -5.8249092 5.65 T
230.2892940 -6.6125388 7.48 T
230.3777651 -0.8723847 7.99 T
230.3853858 -6.8268019 7.48 T
230.5003666 5.5966013 7.42 T
230.7557606 0.4643542 7.16 T
230.8585541 -6.6112518 7.46 T
230.9326100 -1.0225701 6.14 T
231.0874767 -0.5440594 7.34 T
231.2343024 7.7915584 7.78 T
231.2685486 -6.2457225 7.48 T
231.2785754 -5.9190639 7.71 T
231.4344240 -1.2545494 7.15 T
231.9255096 6.1010792 7.93 T
232.0958662 -6.0029152 7.89 T
232.1371430 0.6070977 7.14 T
232.1587941 1.8418816 5.18 T
232.5204082 -6.8448996 7.39 T
232.9285611 0.8829961 7.49 T
233.2412970 -1.1866698 5.62 T
233.2761331 -8.0815698 7.99 T
233.3249173 3.3226726 7.51 T
233.5861258 -5.6950507 6.59 T
233.6314298 4.7305597 7.08 T
233.7065374 -0.1466366 7.67 T
233.7685570 1.6690732 6.58 T
233.9531074 1.2275561 6.74 T
234.0034766 0.0673323 7.92 T
234.0142017 6.1835004 7.35 T
234.0527309 -6.3895235 7.98 T
234.1403123 -0.5616694 6.59 T
234.2198861 -6.0267386 7.12 T
234.3701533 -0.8848057 7.91 T
234.7531000 -0.3120080 7.56 T
234.7540637 3.4673647 7.51 T
235.0178208 2.5545953 7.93 T
235.4391365 -6.4443986 7.43 T
235.5059752 0.4569260 7.24 T
235.5540553 7.8237650 7.40 T
235.7148536 6.8838732 7.22 T
235.7266514 4.1019304 7.47 T
235.9432761 2.4399014 7.28 T
236.0072759 2.5142477 5.95 T
236.1254214 3.3697148 7.30 T
236.1318865 8.1140720 7.95 T
236.3480062 5.4473018 5.58 T
236.3650522 -6.1452747 7.37 T
236.4146860 0.8910137 6.47 T
236.5233607 -1.8043852 5.38 T
236.5571476 6.1110505 7.46 T
236.6094751 7.3526400 4.48 T
236.6891903 -6.1203595 6.38 T
236.8196825 -0.2700599 7.01 T
236.8619616 1.5457645 6.67 T
236.9511806 4.2982570 7.33 T
236.9592219 3.5430539 7.82 T
237.0383253 1.5707038 7.53 T
237.2197570 -1.0012763 7.04 T
237.2364786 -3.8184771 5.54 T
237.4649864 2.5006953 7.19 T
237.4905039 -3.9213367 7.13 T
237.5492214 5.9546159 7.13 T
237.5733034 2.1962240 5.33 T
237.7048329 4.4781207 3.71 T
237.8144193 -3.0906524 5.11 T
237.9586165 -8.0434188 7.88 T
238.1399038 -1.9062805 7.93 T
238.1460128 -1.0315012 7.99 T
238.3439343 -3.0293063 7.45 T
238.6023330 3.2898097 7.84 T
238.6068709 5.2943497 7.00 T
238.6140807 2.1424612 7.81 T
238.6743035 5.2095685 7.69 T
239.0250251 7.9365308 7.82 T
239.1724838 5.9107625 7.52 T
239.2536058 -0.7452725 7.70 T
239.2809471 -6.8283441 7.99 T
239.2859616 -6.2966612 7.20 T
239.2884806 -5.3984306 8.00 T
239.3120205 3.4054133 7.30 T
239.6196213 4.7549543 7.20 T
239.6470556 -6.7034357 7.88 T
239.7740810 0.5956678 7.51 T
239.9219599 -7.3021282 6.64 T
239.9449828 -6.1277030 7.53 T
240.0088564 0.6237191 7.39 T
240.2128042 4.4278307 5.92 T
240.4211264 -3.7632582 6.91 T
240.5274782 -0.8212317 7.29 T
240.6768751 -3.6586302 7.64 T
240.6798339 -0.4123214 7.57 T
240.7452909 -8.0482184 7.17 T
240.7646694 -5.8347004 7.12 T
240.9401520 4.9869440 6.17 T
240.9602068 8.2299071 7.89 T
241.0423120 6.0528155 8.00 T
241.0469164 8.1375947 7.80 T
241.0819942 6.0110547 7.29 T
241.1233283 0.6717202 6.86 T
241.1716220 -1.1603245 7.39 T
241.2852143 -3.5275361 6.88 T
241.3380122 -3.3487648 7.76 T
241.3635154 -6.2904308 7.90 T
241.4081315 8.0962563 6.28 T
241.4359759 -6.2910833 6.46 T
241.4990090 -6.1398063 6.50 T
241.5571673 -0.3666230 7.53 T
241.5606555 1.7109126 7.53 T
241.5935932 -4.7541959 7.99 T
241.5961015 5.4127947 7.43 T
241.7545192 -3.8779386 7.66 T
242.1698103 5.4057742 7.76 T
242.2451091 3.4545576 6.09 T
242.2561341 -8.2188964 7.70 T
242.2982501 6.3740410 6.05 T
242.4224594 0.8197058 6.83 T
242.4603254 -3.4667468 5.55 T
242.5513698 1.6007760 6.71 T
242.6563173 2.6210092 7.65 T
242.8461309 7.4656540 7.87 T
243.0401596 -0.1106846 7.95 T
243.1903869 -1.7219434 7.46 T
243.2356037 -4.2209144 6.27 T
243.2963810 -0.5192574 7.21 T
243.3108506 -1.4024991 7.77 T
243.3145242 5.0210577 5.63 T
243.3280489 6.0375985 7.79 T
243.3563864 -4.0516463 6.98 T
243.4104885 -1.4751089 6.56 T
243.4390479 -8.1180614 6.99 T
243.4604377 6.9939267 7.44 T
243.5268830 -4.1585161 7.42 T
243.5569811 5.9017141 6.42 T
243.5921730 2.6468119 6.99 T
243.6600416 -0.3988034 7.85 T
243.6759010 7.8582179 6.72 T
243.7676376 -1.7745834 7.09 T
243.8153125 -0.6383150 7.86 T
244.0809142 -1.6479522 7.13 T
244.0996688 8.0358778 7.57 T
244.2009922 -5.4968775 7.23 T
244.2306706 -3.9533019 6.20 T
244.4035378 7.7339591 7.73 T
244.4305534 1.4966986 6.62 T
244.4393954 -4.0370858 7.27 T
244.5050587 6.0783320 7.39 T
225.4537500 -0.1405556 5.71 B
229.8283333 1.7652778 5.06 B
230.1962500 -2.4133333 6.35 B
236.0670833 6.4255556 2.65 B
237.4050000 -3.4302778 3.53 B
245.5183333 1.0291667 4.82 B
