67.6112381 -43.2125836 7.35 T
67.6230785 -43.4104705 7.28 T
67.7087788 -44.9537756 5.03 T
68.2567373 -38.2831238 7.87 T
68.2917649 -39.4851801 7.76 T
68.6596410 -35.6594494 7.68 T
68.6823391 -34.8188425 7.29 T
68.7295584 -35.5761389 7.15 T
69.0193463 -45.1362602 7.34 T
69.1069781 -37.8265392 7.23 T
69.3304978 -41.8726399 6.42 T
69.5430609 -44.6261293 7.93 T
69.8666141 -33.9978180 7.80 T
70.0590129 -38.8070791 7.56 T
70.1392861 -41.8642164 4.48 T
70.1426355 -48.5380892 7.00 T
70.2023495 -45.7930147 7.51 T
70.4429613 -47.2591613 6.85 T
70.4443760 -45.3073880 7.89 T
70.4655285 -47.8262948 7.49 T
70.5148652 -37.1430735 5.08 T
70.5338308 -37.6134195 6.92 T
70.7148709 -34.2166125 7.66 T
70.9345702 -41.0647190 6.39 T
70.9566633 -48.3252324 6.95 T
71.3957486 -42.5541612 7.62 T
71.4064153 -50.0763189 7.67 T
71.4572641 -34.0049042 6.84 T
71.4805763 -39.3567112 6.16 T
71.5827381 -38.1139992 7.66 T
71.6625403 -42.0927327 7.67 T
71.7551939 -38.3089149 7.44 T
72.1316431 -49.7928250 7.45 T
72.1408726 -43.9798173 6.81 T
72.2398069 -47.1343117 7.46 T
72.2898910 -35.0825266 7.79 T
72.2941393 -42.3847547 7.26 T
72.2990885 -34.3120063 6.94 T
72.3347459 -42.4136312 7.33 T
72.4678561 -35.1083449 7.58 T
72.5673862 -41.3204349 6.10 T
72.6182680 -38.5592529 7.23 T
72.6687118 -45.6682478 7.94 T
72.8677700 -34.9064258 5.85 T
72.9280835 -38.6104357 7.89 T
72.9765719 -34.2385914 6.75 T
73.0083596 -46.8525084 7.23 T
73.3207202 -38.1441536 7.11 T
73.5170043 -38.1628158 6.89 T
73.5184991 -35.4035353 7.70 T
73.6482064 -39.0889085 7.92 T
73.7283372 -39.6284664 6.25 T
74.2453683 -41.9834839 7.92 T
74.4440535 -34.8920574 7.72 T
74.7510285 -43.3928195 7.98 T
74.8349015 -36.8707918 7.16 T
74.8737763 -49.4581208 7.20 T
75.0051683 -34.1668061 7.90 T
75.0323931 -41.0477909 7.99 T
75.3938031 -39.7178481 6.11 T
75.4007587 -44.8306795 7.63 T
75.4768148 -36.9789097 7.71 T
75.5155819 -45.5993484 7.78 T
75.7024462 -49.1512327 5.42 T
75.7332298 -49.7029949 7.37 T
75.7587351 -42.4980182 7.16 T
75.8158050 -49.4921122 7.27 T
75.9749902 -41.7439466 6.36 T
76.1026519 -35.4832466 4.71 T
76.1091911 -35.7048451 6.35 T
76.2423761 -49.5778522 5.22 T
76.4743838 -44.7789197 7.66 T
76.8580518 -44.8215969 6.88 T
77.0295263 -49.2970215 7.46 T
77.0614210 -35.7182737 6.63 T
77.1240106 -41.2118622 6.83 T
77.2813658 -42.0191274 7.60 T
77.3039181 -48.9794749 7.38 T
77.4159024 -44.3348690 7.54 T
77.5101770 -40.5593094 7.06 T
77.6744075 -36.2747428 7.87 T
77.6807933 -48.4553451 7.77 T
77.7455537 -34.9037072 7.25 T
77.8992629 -37.3952443 6.77 T
77.9966408 -47.2738251 7.91 T
78.0137337 -49.0601729 7.81 T
78.0163540 -41.6670521 7.55 T
78.4431779 -35.8256348 7.14 T
78.6202809 -35.9769088 5.84 T
78.7865219 -36.6528894 6.85 T
78.9301622 -49.4452336 7.98 T
78.9459084 -34.9264747 6.67 T
79.1575951 -45.9136358 6.99 T
79.3126247 -39.2878957 7.15 T
79.3719090 -34.8973048 4.93 T
79.4372057 -43.6028141 7.70 T
80.0863197 -34.6988596 6.38 T
80.1242964 -47.5178632 7.92 T
80.1540912 -43.5336881 6.82 T
80.1588362 -39.7548659 7.44 T
80.3202379 -34.3450278 6.05 T
80.3673597 -39.4975075 7.64 T
80.3742563 -44.3733779 7.78 T
80.8503248 -39.6783827 5.95 T
80.9120750 -37.3366409 6.92 T
81.0343335 -34.4150932 7.47 T
81.2315530 -44.2256333 6.22 T
81.3295866 -34.8473791 7.40 T
81.4712033 -35.3529932 7.84 T
81.6867396 -36.5847491 7.19 T
81.7722594 -40.9429097 5.88 T
81.7766104 -44.8618791 6.96 T
81.8107319 -34.6143979 7.06 T
81.8158116 -46.0945197 7.72 T
81.9368886 -39.2219397 6.95 T
81.9959712 -38.9066144 7.67 T
82.0639698 -37.2303502 5.55 T
82.4591719 -47.0763146 6.68 T
82.5396858 -47.0784809 5.52 T
82.7937904 -42.2995112 7.19 T
82.7942713 -42.3014085 7.82 T
82.8033359 -35.4707302 3.98 T
82.9001494 -45.9250742 6.00 T
82.9326441 -49.0184082 7.40 T
83.0856836 -47.4749580 7.45 T
83.2146280 -38.5134447 5.59 T
83.2349409 -47.6894281 7.70 T
83.2815468 -35.1395525 5.88 T
83.3175664 -34.3039863 6.90 T
83.3619141 -49.3786446 7.20 T
83.6683943 -48.9477436 7.32 T
84.0117927 -47.3137902 6.23 T
84.1460294 -34.7228182 7.75 T
84.1508695 -48.2845861 7.44 T
84.1515313 -35.0608528 7.01 T
84.3408299 -38.0227469 7.04 T
84.3654829 -47.2011217 7.66 T
84.4491352 -41.1627348 7.99 T
84.4503698 -34.6897299 6.71 T
84.5087748 -42.9617773 7.50 T
84.5374698 -47.7141856 7.72 T
84.5376657 -46.1090001 7.64 T
84.6519382 -41.2966206 7.96 T
84.6812438 -40.7072151 5.79 T
84.9836877 -41.5143783 7.79 T
85.1777194 -36.5847126 7.90 T
85.3861018 -48.2505928 7.14 T
85.5368142 -43.5081379 7.60 T
85.5633430 -34.6675024 5.28 T
85.7107332 -45.2354713 7.61 T
85.7227613 -33.9585795 7.32 T
85.8610826 -49.8423086 7.57 T
85.8761552 -39.4068898 6.29 T
85.9216437 -45.8322513 6.40 T
86.2701509 -41.7817897 7.24 T
86.2766403 -40.1989542 7.35 T
86.3510616 -39.3122848 7.27 T
86.4564172 -47.0066620 7.25 T
86.6141356 -46.5970780 5.42 T
86.6753529 -36.2314846 6.84 T
86.7427866 -45.6465946 7.47 T
86.7516731 -44.8003759 7.88 T
86.8278364 -35.6736916 6.42 T
86.8424577 -38.2309673 7.60 T
86.8575327 -48.7485573 7.95 T
86.8617477 -36.4874674 7.25 T
86.8727871 -41.5902700 6.99 T
86.9920238 -40.6528773 6.75 T
87.0040481 -34.4701429 7.83 T
87.0551526 -48.9184721 7.33 T
87.0907549 -34.9365880 7.39 T
87.2315935 -46.3154700 7.56 T
87.3432593 -44.6823819 7.82 T
87.3583822 -37.1850640 7.97 T
87.3921538 -44.8753584 6.51 T
87.4629904 -43.3645289 7.54 T
87.5979451 -48.9862968 7.29 T
87.7403982 -35.7657853 3.23 T
87.9807478 -41.1052099 6.91 T
87.9842158 -35.9097185 7.39 T
88.1385153 -37.6312432 5.73 T
88.1987917 -38.5260785 6.88 T
88.2047961 -34.5608170 6.74 T
88.2198914 -45.3022311 7.73 T
88.2786310 -33.8011703 4.84 T
88.2898868 -47.9550483 6.89 T
88.3452497 -42.9212691 6.70 T
88.3639658 -43.5590579 7.98 T
88.4711247 -37.5338117 7.63 T
88.5275119 -35.9029308 6.83 T
88.6712701 -49.6269227 6.07 T
88.7185677 -39.9577250 5.72 T
88.8428563 -45.8172995 7.68 T
88.8749145 -37.1207875 5.08 T
88.9300003 -38.1044533 7.53 T
89.0862321 -39.1555853 7.70 T
89.2295325 -44.0085198 6.70 T
89.3998223 -41.1047103 7.88 T
89.6563327 -44.0344907 5.92 T
89.7868439 -42.8151939 4.06 T
79.3712500 -34.8952778 4.83 B
86.8212500 -51.0663889 3.85 B
87.6191667 -52.7677778 6.35 B
87.7216667 -52.1088889 5.17 B
88.5445833 -50.3619444 6.52 B
88.7091667 -52.6352778 5.29 B
89.3100000 -53.4261111 6.45 B
