202.5524035 45.7352487 7.40 T
202.9840383 47.2343952 7.09 T
203.3049701 47.7584773 7.59 T
203.3597240 39.9337506 7.89 T
203.4659111 45.5998111 7.60 T
203.5912934 38.7894016 6.40 T
203.6123687 49.0161569 4.68 T
203.6998685 37.1823544 4.98 T
203.8086024 44.1971333 6.85 T
204.1662637 49.4865487 6.61 T
204.3650931 36.2947486 6.95 T
204.4100421 33.7380564 7.36 T
204.4113556 42.2007901 7.76 T
204.5063289 39.1771146 7.93 T
204.8021129 47.8961696 7.70 T
205.1378082 46.2809750 7.59 T
205.6193105 41.6743628 6.39 T
205.6810572 34.9890860 6.07 T
205.7440613 50.0265423 7.82 T
205.8575913 45.5203235 6.82 T
206.3920100 34.6473096 7.58 T
206.4999659 37.5246810 7.64 T
206.5116496 41.0375073 7.82 T
206.5232703 34.0600703 7.92 T
206.5555122 41.0884677 5.90 T
206.5790246 38.5035428 6.02 T
206.7479856 38.5425616 5.62 T
206.7952035 47.7291001 7.84 T
206.8815303 37.8932918 7.11 T
207.0214868 42.0471064 6.71 T
207.1374033 40.2469583 7.93 T
207.1509783 48.3564574 7.56 T
207.1781511 42.3373089 7.20 T
207.4365272 36.6329585 6.46 T
207.5338262 42.5572045 7.04 T
207.7157414 42.1552944 7.66 T
207.7691318 34.7724723 6.65 T
207.7884841 34.6640716 6.07 T
207.9462661 39.6693023 7.66 T
207.9476587 34.4440388 4.94 T
208.2850783 40.3379068 6.67 T
208.3363107 42.1848585 6.87 T
208.3459594 33.7867652 7.14 T
208.4818303 47.8728021 7.58 T
208.5687162 34.6070418 7.76 T
208.6629576 37.0640908 7.50 T
208.9712211 39.4629890 7.51 T
209.1089722 49.0123134 7.44 T
209.2289014 44.2825789 7.72 T
209.6902955 46.5962164 7.17 T
209.8875910 48.5495363 7.99 T
209.9230375 42.0499873 7.90 T
210.0977646 39.0299353 6.77 T
210.3918138 36.2239165 7.62 T
210.4555854 40.4200060 6.94 T
210.5300574 43.5591375 7.78 T
210.5510533 45.7529823 6.43 T
210.5849193 36.1113315 7.28 T
211.3153046 46.5918331 7.74 T
211.5852881 48.8809495 7.60 T
211.6734822 34.7785463 7.13 T
211.8379347 42.0983697 7.32 T
211.9824064 43.8542657 5.39 T
211.9844661 48.2106708 6.83 T
212.0715192 49.4585533 5.45 T
212.2609645 43.7425300 7.81 T
212.4349871 37.3301402 7.62 T
212.4988162 40.7781982 7.28 T
212.9042306 42.3408114 6.98 T
213.0605525 44.1897960 7.80 T
213.4625912 46.3252253 7.22 T
213.4949201 45.4237951 7.40 T
213.5474665 35.6036104 7.10 T
213.5979299 41.5180841 6.35 T
213.6389477 39.2764834 7.50 T
213.8971340 39.6765359 7.60 T
214.0097578 45.5666854 6.62 T
214.0942310 46.0893000 4.18 T
214.1000294 39.7447595 6.42 T
214.1011067 37.1298976 7.96 T
214.4549056 48.0017464 6.37 T
214.4912890 39.9128059 7.54 T
214.4992630 35.5095810 4.91 T
214.7189968 48.5920569 7.13 T
214.7320437 38.7675913 6.99 T
214.7385664 42.0044918 7.20 T
214.9491269 38.7939776 6.32 T
215.2110727 36.3923941 7.37 T
215.2700132 38.9878074 7.97 T
215.8632342 37.2068825 7.40 T
215.8806877 39.3268275 7.27 T
215.8912958 43.4587029 7.72 T
215.9023675 49.4049278 7.33 T
215.9238748 40.8445737 6.80 T
216.0223037 49.5324105 7.26 T
216.0285855 41.0392412 7.80 T
216.0305593 46.7697591 7.99 T
216.1614311 47.8302673 7.68 T
216.3715145 38.3929196 6.42 T
216.8642060 41.0247864 6.68 T
216.9319272 49.3965992 7.45 T
216.9927494 35.5766561 7.54 T
217.0683286 36.1970449 6.34 T
217.1546137 49.8445603 5.68 T
217.2300937 39.6188333 7.65 T
217.3011553 47.9899640 7.88 T
217.3122511 44.2621937 6.64 T
217.4047138 41.7945335 6.44 T
217.4303764 48.8955739 7.94 T
217.5302548 37.1444218 7.99 T
217.8350236 43.3823542 6.74 T
218.3344628 36.9585550 6.44 T
218.4355291 43.0080736 6.82 T
218.5205701 46.7865409 6.51 T
218.6602072 36.6257639 6.16 T
218.6646607 49.3686675 5.92 T
219.1196800 49.5262893 7.81 T
219.2318127 42.8308126 6.66 T
219.2340147 48.2219295 7.84 T
219.2807768 33.6780441 7.58 T
219.2865007 35.9297319 7.15 T
219.5515697 43.6423275 5.90 T
219.5714297 36.7256184 7.86 T
219.7086770 44.4043869 5.39 T
219.9974629 38.1105123 7.75 T
220.0692549 48.7093072 7.91 T
220.2416185 38.1517518 7.46 T
220.2743261 45.4121850 7.82 T
220.6650614 36.7567104 7.29 T
220.9350320 40.4593869 5.88 T
221.1180849 45.1858817 6.76 T
221.3001055 34.3760535 7.95 T
221.3731949 42.3827813 7.40 T
221.5600130 36.4304274 7.85 T
221.8379615 35.5677287 7.65 T
221.8478871 47.9094670 7.95 T
221.9578766 35.6547888 7.59 T
222.2760978 37.8118693 6.18 T
222.3277306 46.1157287 5.81 T
222.3974167 46.5734939 7.59 T
222.4216206 48.7216034 6.31 T
222.4216206 48.7216034 6.67 T
222.6218568 37.2726476 5.59 T
222.9093181 39.1030669 7.88 T
222.9409063 38.4035439 7.65 T
223.0135907 46.4762834 6.90 T
223.0860370 48.6705257 7.71 T
223.3158081 40.8167889 7.84 T
223.6015815 45.2992043 7.96 T
223.6406738 46.5935446 7.46 T
223.8719476 39.6531962 7.62 T
223.9722828 36.4299369 7.78 T
223.9992947 41.1368427 7.21 T
224.0327481 43.3183883 7.99 T
224.0970724 49.6270277 5.69 T
224.2842717 48.3959949 7.76 T
224.4291835 44.4663219 7.41 T
225.0144375 44.5863237 7.02 T
202.8158333 42.1061111 6.08 B
206.8850000 49.3133333 1.86 B
207.2383333 39.5427778 7.40 B
210.7487500 50.9719444 6.15 B
212.8129167 32.2955556 6.11 B
213.3654167 51.7877778 6.69 B
213.3708333 51.7902778 4.54 B
214.0412500 51.3672222 4.75 B
214.0958333 46.0883333 4.18 B
214.3379167 51.3072222 6.20 B
217.4033333 41.7958333 6.35 B
218.0195833 38.3083333 3.03 B
