92.9946663 7.3913083 7.02 T
93.0512156 4.6737217 7.44 T
93.1856437 -2.5048262 6.62 T
93.2656610 3.5090271 7.47 T
93.4758536 -3.7412413 5.93 T
93.4844680 -6.8231684 7.45 T
93.4879020 -7.2480319 6.77 T
93.5524201 3.9022720 7.30 T
93.6529142 -4.5684645 5.79 T
93.6554957 2.2899613 7.20 T
93.7138476 -6.2748939 4.12 T
93.8738070 -4.9149231 6.01 T
93.8759946 3.9581800 6.99 T
93.8826010 0.8349587 7.32 T
93.8917950 -0.5135592 5.67 T
93.8987429 7.6522539 7.52 T
93.9174080 6.0660596 6.03 T
93.9435178 -6.2084631 7.46 T
93.9458706 4.2836232 6.59 T
93.9748346 1.1692656 6.41 T
94.0577639 5.1141230 7.14 T
94.0616333 0.0152298 7.45 T
94.0878356 1.0803236 6.60 T
94.2435104 7.0525573 6.53 T
94.3159990 5.1011237 5.77 T
94.4009554 1.7749418 7.65 T
94.5726827 -5.6543350 6.87 T
94.9282938 -7.8229028 5.22 T
94.9795633 -7.2506503 7.61 T
94.9982842 -2.9444981 5.09 T
95.0283948 -7.8721145 6.98 T
95.0714239 7.7187299 6.79 T
95.2105145 -4.5957086 6.78 T
95.2428276 -6.6919796 7.59 T
95.3345488 -1.2207588 7.55 T
95.3572417 2.2683941 6.31 T
95.6884153 4.2101152 6.88 T
95.7561305 -3.2769604 6.53 T
95.7754209 -3.5157857 7.17 T
95.8270566 3.7644134 6.36 T
95.8450009 -4.6876065 6.66 T
95.9419289 4.5929417 4.42 T
96.1350950 4.1865471 7.32 T
96.1414205 -1.4183382 6.77 T
96.3204373 -0.9472505 5.93 T
96.3269844 1.5015182 6.66 T
96.3947063 -2.9914468 6.56 T
96.4121241 -4.8323245 7.30 T
96.4438389 2.2715553 6.50 T
96.4951430 -7.8950252 6.42 T
96.5548640 -7.3614379 7.36 T
96.6048768 -0.7767577 6.79 T
96.6434892 -4.5974237 6.11 T
96.6648733 -1.5075048 5.86 T
96.6869265 -7.5120265 6.32 T
96.7450565 0.8410296 6.68 T
96.7536246 -4.3556817 6.45 T
96.8073418 0.2991797 5.32 T
96.8149663 -0.2760319 5.70 T
96.8349435 2.9083726 5.66 T
96.8663802 5.1754193 6.76 T
96.9898460 -4.7621681 5.01 T
97.0581488 5.2722776 7.59 T
97.0698207 1.9125728 6.44 T
97.1595822 -0.7211346 6.86 T
97.1787421 -6.9700564 7.54 T
97.1960792 -0.5724015 6.63 T
97.2059200 -7.0345839 5.00 T
97.2181665 0.1279320 6.54 T
97.4831292 7.1119388 7.12 T
97.6144172 -4.6968432 7.45 T
97.6217041 4.3324024 7.35 T
97.6372431 5.8669829 6.77 T
97.9003714 -5.3687348 7.43 T
97.9188988 5.7689842 7.23 T
97.9368559 2.0163469 7.43 T
97.9585410 -8.1583697 5.57 T
97.9813089 4.9428438 6.79 T
98.0297321 6.0356735 6.70 T
98.0387653 4.8235377 7.32 T
98.0631051 -7.4079229 7.29 T
98.0797862 4.8560160 5.95 T
98.0963694 -5.8690739 5.63 T
98.2259284 7.3329321 4.49 T
98.4080114 -1.2202758 5.06 T
98.4211657 -7.2034608 7.48 T
98.5349948 2.8989151 6.93 T
98.5757397 -4.9001167 7.22 T
98.6928924 7.5724405 6.45 T
98.8159361 0.8902080 5.79 T
99.0004322 4.4980037 6.54 T
99.1078414 6.0831803 6.84 T
99.2644139 5.5194402 7.18 T
99.2739163 -2.1790503 7.10 T
99.2933774 6.0591854 7.59 T
99.3501607 6.1353868 6.07 T
99.3833729 -8.2356462 7.21 T
99.4177744 2.7038502 6.29 T
99.4615709 0.5270438 7.12 T
99.4696035 4.9566684 6.19 T
99.4710182 2.2693670 7.26 T
99.5493771 7.1482068 7.44 T
99.6193244 4.6071814 7.16 T
99.6591085 1.6135013 6.24 T
99.6996783 6.9018854 6.94 T
99.7058346 4.7005846 6.54 T
100.1048110 2.5578963 7.50 T
100.1331007 6.3712351 6.48 T
100.2726288 0.4952624 5.75 T
100.3434004 -7.1686892 6.94 T
100.3577304 0.9572531 7.42 T
100.3742579 6.1108320 7.03 T
100.4968080 6.3454505 6.34 T
100.5194788 3.2482143 7.06 T
100.5304302 -6.1142806 6.98 T
100.5895707 2.8690178 7.46 T
100.6565286 -3.8357012 7.29 T
100.6974970 -4.1408804 6.62 T
100.9003247 -1.3468193 7.49 T
100.9110216 3.9325218 5.86 T
101.2779027 -1.0210089 7.43 T
101.2967231 -0.0432108 7.06 T
101.3076229 5.2132785 7.51 T
101.3877910 4.5940893 7.04 T
101.4582283 2.4992620 7.21 T
101.4585176 -0.7164864 6.77 T
101.4906277 -7.3389462 7.12 T
101.8324808 8.0371766 4.92 T
101.9481414 0.3401532 7.06 T
101.9651048 2.4120832 4.59 T
101.9869022 -5.1540010 7.62 T
102.0792126 -1.3191364 5.77 T
102.0898009 -7.7545815 6.87 T
102.2652336 1.0020446 6.13 T
102.3182995 -2.2720952 5.73 T
102.4344895 -1.3398952 7.29 T
102.4813446 -5.5131847 7.52 T
102.5244329 6.2562772 7.41 T
102.5511016 5.6734839 6.80 T
102.5875564 -6.1928131 7.57 T
102.6761927 -8.0409832 6.30 T
102.6802020 -4.2662137 6.85 T
102.7077573 -0.5420615 5.82 T
102.7477192 5.8420745 6.99 T
102.8271781 -3.5137858 7.22 T
102.8891513 -6.9664802 6.59 T
102.9140989 3.0417983 6.37 T
102.9406388 5.0843879 6.92 T
102.9659166 -2.1760504 6.89 T
103.0506103 -5.6454002 7.25 T
103.0951354 -5.3163733 6.39 T
103.1625043 7.8222165 7.45 T
103.5356797 -5.8523744 7.07 T
103.5356797 -5.8523744 7.20 T
103.5576246 6.6879590 7.52 T
103.5782127 -6.3892667 7.26 T
103.6028027 -1.1270393 5.46 T
103.6671169 6.7241059 7.24 T
103.6751641 -1.7565029 6.31 T
103.7454613 -2.8035918 6.14 T
104.1641816 -8.1827211 7.58 T
104.2503878 -8.1793732 6.41 T
104.4832989 6.5491375 7.67 T
104.6174009 -3.0237319 7.28 T
104.6619365 7.6221521 6.25 T
104.7375894 3.6023332 6.06 T
104.8339874 7.3168954 6.31 T
105.0744329 -5.3666504 6.35 T
105.0878194 -5.8266541 7.20 T
105.1040999 1.9315161 6.73 T
105.2336701 -0.6692878 7.25 T
105.4227016 4.8180814 6.63 T
105.4802313 5.5571313 6.57 T
105.4848518 -5.7220034 5.40 T
105.8484000 0.3439359 7.26 T
105.9048422 -2.4741913 7.19 T
105.9235586 -0.5569517 7.19 T
106.0218328 -5.3239931 5.75 T
106.0840298 1.4884479 6.54 T
106.0942282 4.5720446 7.46 T
106.6151960 -3.1157596 7.57 T
106.7768621 4.9105437 6.07 T
106.9562407 7.4710067 5.87 T
107.0930680 7.8813651 7.02 T
107.3740530 1.9201059 7.60 T
107.3845637 -6.0439037 6.98 T
107.5570035 -4.2357492 5.03 T
107.6384777 -7.8710377 7.38 T
107.7937942 -4.7032889 7.05 T
107.8482280 -0.3019920 5.46 T
107.9640296 5.6546648 6.05 T
107.9660802 -0.4927261 4.14 T
108.3266196 -0.2595272 6.72 T
108.5835647 3.1114049 5.48 T
108.6398469 8.0333224 7.64 T
108.8124197 5.8184651 7.38 T
108.8308078 -0.1612567 6.52 T
109.3240962 6.6809413 6.61 T
109.3816118 -5.8226545 7.20 T
109.3968647 -3.7480296 7.35 T
93.8929167 -0.5122222 5.65 B
95.9437500 4.5955556 6.72 B
96.3183333 -0.9461111 5.87 B
96.4462500 -3.8891667 6.35 B
97.3120833 2.6461111 6.16 B
99.1470833 -5.2111111 5.52 B
99.5854167 -2.5436111 6.14 B
100.7770833 3.0333333 6.19 B
101.6350000 8.5872222 5.93 B
101.9045833 -8.9983333 5.07 B
105.4704167 -1.3455556 6.17 B
105.7283333 -4.2391667 4.99 B
110.5145833 0.1772222 5.99 B
