47.2125628 25.3678188 7.84 T
47.5275238 21.7470255 7.81 T
47.6127143 26.8966506 6.17 T
47.8313118 22.1705146 7.64 T
47.8412292 13.0479584 6.23 T
47.9083873 19.7266138 4.45 T
48.0594346 27.2568548 5.75 T
48.1036857 16.5166354 7.36 T
48.4788477 18.9733941 6.66 T
48.5351158 15.5903423 7.18 T
48.5718834 22.9537090 6.88 T
48.7252131 21.0439769 4.87 T
48.8943511 26.9031549 7.97 T
48.9423337 21.1651654 7.96 T
49.4574688 22.8319173 7.66 T
49.4683735 13.8472128 7.55 T
49.5175109 24.8767381 7.85 T
49.5632865 12.8237717 7.79 T
49.5827124 18.1709687 7.59 T
49.6131868 15.1755957 7.50 T
49.9064924 27.5425246 7.93 T
49.9490633 19.0762021 7.40 T
49.9666801 13.3770219 7.23 T
49.9822999 27.0706825 6.01 T
49.9970523 17.5012491 7.79 T
50.0887414 23.6889201 7.62 T
50.1066573 25.6621738 6.27 T
50.1413032 12.3466578 7.40 T
50.2144445 20.5093000 6.93 T
50.3069460 21.1469166 5.34 T
50.5495975 27.6074817 5.66 T
50.6881939 20.7419660 5.22 T
50.7704810 26.9008120 7.24 T
51.0423834 12.6294723 6.18 T
51.0770839 24.7237560 5.64 T
51.1088347 20.8034218 6.06 T
51.1438423 22.0402117 6.92 T
51.2943375 12.4852070 7.45 T
51.7636811 18.7565442 6.56 T
51.8278784 12.7352343 6.29 T
52.0058741 20.4642675 7.05 T
52.1107241 22.8033275 6.15 T
52.1513493 11.3903260 6.85 T
52.2007437 20.6240304 7.30 T
52.2439434 14.9966732 7.37 T
52.4275158 16.7622350 7.03 T
52.6018791 11.3363299 5.12 T
52.7183609 12.9366666 4.25 T
52.7534777 27.7241183 7.81 T
52.7646417 27.7313871 7.41 T
52.8331087 27.5716013 6.93 T
52.8367638 27.5716250 6.58 T
53.0499247 11.5421361 6.79 T
53.2395706 16.5978588 7.08 T
53.3382489 13.7822867 7.03 T
53.3489325 23.3680617 7.17 T
53.5355338 17.8308914 6.26 T
53.6109925 24.4643387 6.08 T
54.0113604 16.4655741 7.72 T
54.1020576 20.0672957 7.54 T
54.2416774 23.2109553 6.73 T
54.2976270 25.9894069 7.38 T
54.4494301 15.4303834 6.42 T
54.5457215 19.3603057 7.74 T
54.6697981 22.6593272 6.70 T
54.7502433 20.9155454 6.51 T
54.7781638 24.7025796 7.10 T
54.8051456 21.8429848 7.27 T
54.8211300 13.8908731 6.77 T
54.8575667 16.5364959 6.28 T
54.8871101 22.8399373 7.80 T
55.0896221 21.4057620 7.18 T
55.1930212 25.3293965 6.11 T
55.5664701 22.7859796 7.45 T
55.5789805 19.7001790 5.67 T
55.6528779 17.2937004 7.16 T
55.7768660 25.6812713 7.20 T
55.8391508 16.4202869 7.84 T
55.9231940 23.6488745 7.96 T
55.9301231 25.0803940 7.54 T
55.9474955 19.6646696 6.24 T
56.1176957 20.9286489 6.08 T
56.2010219 24.2891858 5.44 T
56.2907166 24.8389776 5.64 T
56.3021990 24.4669889 4.27 T
56.3834054 21.2463886 7.78 T
56.3949974 16.2628687 7.85 T
56.4075767 24.3353253 7.20 T
56.4163818 22.6941884 7.85 T
56.4535520 23.1468446 6.91 T
56.4568429 24.3674769 3.85 T
56.4652737 24.0386109 7.88 T
56.4771224 24.5542266 5.75 T
56.5122096 24.5276272 6.42 T
56.5816821 23.9480561 4.15 T
56.6095395 13.5089601 6.90 T
56.6138177 24.2547143 7.34 T
56.7476285 24.5198292 6.82 T
56.8211919 23.7265954 7.03 T
56.8374696 23.8030528 6.99 T
56.8377848 24.1159903 6.27 T
56.8503898 24.5881437 7.69 T
56.8518970 23.9144185 7.29 T
56.8619282 23.6780668 7.78 T
56.8728472 24.2880575 6.82 T
57.0440704 21.3290001 7.99 T
57.0868587 23.4209541 5.43 T
57.1255221 24.3452476 6.96 T
57.2339026 16.4588155 7.27 T
57.2375785 23.8567600 6.51 T
57.2907241 24.0531323 3.60 T
57.2968758 24.1364126 5.03 T
57.2970318 22.6092107 7.75 T
57.3201457 24.3958589 7.53 T
57.3407473 24.3806760 6.58 T
57.3584120 24.2474305 7.96 T
57.4092178 22.5332064 7.01 T
57.4314914 23.7115801 6.14 T
57.4796215 22.2438679 6.07 T
57.4859521 24.3487153 7.54 T
57.4920339 23.8484005 6.81 T
57.5154809 22.5912509 7.33 T
57.5792310 25.5787010 5.26 T
57.5964562 17.4747773 7.57 T
57.6170488 24.4953530 7.45 T
57.7185910 23.9611843 6.95 T
57.8162723 13.0459336 6.28 T
57.8553270 25.1628494 6.80 T
57.9026918 22.0311705 6.84 T
57.9893797 25.9985921 7.67 T
58.0247288 22.6694996 7.63 T
58.0466438 25.1620570 6.83 T
58.0960420 18.5975390 7.98 T
58.2928076 17.3269001 6.00 T
58.3833300 25.7297707 7.86 T
58.3938183 25.6826732 6.36 T
58.5084931 21.9450189 7.14 T
58.6182472 16.6150096 6.91 T
58.6857661 23.2015336 7.95 T
59.2174563 22.4772578 5.66 T
59.2659312 23.1754606 6.04 T
59.2969741 21.3234776 6.95 T
59.3598825 24.4618857 6.33 T
59.5871904 24.0808030 7.21 T
59.7727546 27.1973697 7.45 T
59.8320491 13.9746818 6.91 T
60.1537071 17.2964690 6.31 T
60.1700114 12.4902725 3.39 T
60.2040493 18.1938344 5.91 T
60.2368674 23.2012798 6.92 T
60.2792992 20.1986663 6.87 T
60.5632121 22.4219584 7.88 T
61.0903048 24.1059072 5.60 T
61.1647245 17.5176287 6.78 T
61.1744376 22.0815592 4.46 T
61.3011951 27.6095324 7.95 T
61.3355724 22.0080922 5.97 T
61.5186361 26.2116078 7.61 T
61.5957910 14.4026039 7.36 T
61.6518615 27.5995831 5.15 T
61.6559916 19.1533123 7.51 T
61.7967102 12.2680288 7.71 T
61.8280351 13.5382713 7.90 T
61.9257903 15.1626752 6.11 T
61.9777551 16.5305327 7.62 T
61.9976183 17.3398193 6.10 T
62.0860044 19.7376051 7.77 T
62.2063562 17.2914061 7.65 T
62.2159974 23.8710647 7.12 T
62.2228083 23.0969847 7.65 T
62.2566465 13.3982011 5.93 T
62.2922304 19.6090195 5.62 T
62.4320154 24.0728005 7.40 T
62.6773126 18.4230564 6.64 T
62.7075321 26.4807286 5.43 T
62.7298235 15.9465881 7.19 T
62.7641608 16.6469927 7.02 T
62.7937498 15.6261970 7.76 T
63.1309735 17.2773392 6.21 T
63.2042725 19.5386499 7.84 T
63.2134986 22.4133784 6.16 T
63.4577384 12.7535933 6.36 T
63.5783998 12.3477313 6.82 T
63.6100857 23.6963683 6.91 T
63.6273850 22.4516715 7.10 T
63.6337993 26.2552117 7.26 T
63.9435941 15.4005584 6.35 T
64.2027366 16.2142437 6.70 T
64.2551062 19.6750980 7.20 T
64.3149921 20.5782056 4.95 T
64.4296956 13.8368625 7.03 T
64.5084171 18.2566150 7.60 T
64.5606152 22.8066950 7.65 T
64.5973426 21.5790618 5.66 T
64.8589355 21.1420413 5.47 T
64.8757039 19.9477703 7.88 T
64.9031454 21.7732290 5.33 T
64.9403203 23.7383448 7.58 T
65.0881953 27.3502650 5.08 T
65.1266148 25.8273928 7.82 T
46.8570833 17.8800000 6.11 B
47.0883333 18.7950000 6.27 B
53.5345833 17.8327778 6.17 B
56.2187500 24.1133333 3.70 B
56.8712500 24.1050000 2.87 B
57.0679167 11.1433333 5.07 B
65.1045833 18.7425000 6.12 B
65.5950000 20.8213889 5.91 B
66.2379167 19.0416667 5.98 B
67.1541667 19.1802778 3.53 B
