137.9812173 5.4685729 6.38 T
138.0036863 -4.5552129 7.57 T
138.0533376 3.8669466 6.13 T
138.1052207 -6.9306835 7.67 T
138.1083995 -7.1097097 6.13 T
138.1725705 -3.0332588 7.24 T
138.3452529 5.8155131 7.29 T
138.3532044 3.8245603 7.26 T
138.4687517 -0.1871874 7.85 T
138.4770311 2.8627557 7.17 T
138.5919066 2.3123403 3.85 T
138.6835424 -4.5439588 7.93 T
138.7166371 -1.5871468 6.98 T
138.7882848 2.0836792 7.71 T
139.1660078 0.7289338 6.81 T
139.1740544 -6.3531311 5.36 T
139.2995192 2.6786549 7.80 T
139.3008810 1.9296273 6.86 T
139.3873236 0.5547279 6.98 T
139.4617359 7.9460654 7.18 T
139.4809372 -3.3876606 7.87 T
139.5699078 0.7096856 7.88 T
139.7811359 -2.4580908 7.75 T
139.9629915 5.2159430 6.65 T
140.1098012 0.2837359 7.65 T
140.1528925 0.1815777 6.89 T
140.1839219 -7.7302551 7.46 T
140.2869475 2.9409834 7.01 T
140.4365400 -2.7929024 7.20 T
140.5338648 5.5787186 7.94 T
140.5424595 -0.4258615 7.70 T
140.5957469 -6.0606148 7.35 T
140.7106987 -5.0392733 7.50 T
140.8152219 3.5014798 7.33 T
140.8730728 7.7134737 7.05 T
140.9114419 2.4099185 7.54 T
140.9178252 5.2194994 6.88 T
140.9775521 1.4256635 7.66 T
140.9784788 -5.3614578 7.60 T
141.0032171 -5.4666281 7.15 T
141.1054809 4.7648891 7.57 T
141.1178014 6.3500857 7.50 T
141.1178014 6.3500857 7.57 T
141.2216961 -4.2832088 6.97 T
141.3436578 4.2855283 7.73 T
141.3445254 6.2581623 7.50 T
141.3500816 -5.1174335 5.76 T
141.3624029 -6.4046048 7.03 T
141.3995240 -5.8768819 7.56 T
141.5010263 3.0303151 7.72 T
141.5157675 -1.2349604 6.74 T
141.5929594 -1.4641010 6.14 T
141.6478404 6.5305926 8.00 T
141.8184400 6.2321200 7.71 T
141.8184400 6.2321200 7.76 T
141.8854670 -3.7976223 7.97 T
141.9435181 -6.0717129 5.48 T
142.0553345 -7.7207865 7.20 T
142.0602405 5.9048215 7.62 T
142.1213951 8.1881074 5.83 T
142.2591535 -1.2569152 6.31 T
142.2893572 -2.7508976 7.28 T
142.3270605 -3.1653756 6.97 T
142.3515230 -2.2051624 6.15 T
142.3848657 -4.2469688 6.35 T
142.4017904 -3.1223788 7.79 T
142.4752836 5.6558206 7.33 T
142.5411031 -6.0021843 7.92 T
142.6460809 1.2572836 7.43 T
142.6722922 -4.0653865 7.24 T
142.7297801 -5.6612921 6.95 T
142.7752052 3.0798574 7.32 T
142.8287192 -3.3214270 7.83 T
142.8471402 -8.1445320 7.83 T
142.8801332 1.4652005 7.38 T
142.9445603 -3.3841298 7.77 T
142.9474726 -7.4960652 7.82 T
142.9654501 -5.0800827 7.70 T
142.9954173 -1.1847021 4.56 T
143.1347383 7.0633882 7.49 T
143.1723424 1.8639336 6.19 T
143.3325419 -7.1903604 6.38 T
143.6360936 -5.9153144 5.68 T
143.6363701 -3.4878786 7.25 T
143.6728005 8.1874435 7.57 T
143.7600284 -4.8892613 7.51 T
143.7791223 -5.3692286 7.28 T
143.8548237 3.9046593 7.86 T
143.9540285 0.2000364 7.89 T
144.0181532 4.5142279 7.57 T
144.1156648 -2.7779209 7.13 T
144.3024244 6.8357935 5.12 T
144.4182998 1.6962086 6.99 T
144.4413329 -3.1707194 6.57 T
144.4770599 -0.3196682 7.92 T
144.5695120 1.8347406 7.79 T
144.5923227 -3.8547542 7.83 T
144.5938505 7.7088777 7.47 T
144.6126560 4.6489804 4.82 T
144.7426392 -4.0155961 7.68 T
144.7670914 -2.8395445 7.23 T
144.9149156 3.1952955 7.42 T
144.9643051 -1.1431983 4.04 T
145.0408829 -1.0358579 7.92 T
145.1321821 -1.7302495 7.61 T
145.1735898 -6.8891838 7.77 T
145.5972228 -0.2792915 6.75 T
145.8026970 -6.6310876 7.67 T
145.8638263 2.6275516 7.52 T
146.0985190 1.9678892 7.73 T
146.1268159 -4.6572104 7.77 T
146.1585209 3.3534548 7.34 T
146.2975297 -0.4649881 7.31 T
146.5169728 -2.5918126 7.99 T
146.5418804 6.7084034 5.99 T
146.5980340 1.7853275 5.68 T
146.6344120 1.7189198 7.83 T
146.6799176 -3.2110103 7.54 T
146.7334322 -3.3680505 8.00 T
146.7590156 7.0908344 7.45 T
146.7707437 -0.6196331 7.93 T
146.8458898 2.3152464 7.77 T
147.0161276 -8.1687967 7.69 T
147.0280477 -5.9034791 7.79 T
147.0528309 -7.2458138 7.04 T
147.5507383 -0.2285733 7.24 T
147.5542217 0.1046500 7.45 T
147.5996088 -1.4222275 7.91 T
147.6244048 4.3433318 6.29 T
147.6712510 -7.3824051 7.14 T
147.7294965 8.1273453 7.79 T
147.8085661 -4.2435170 6.04 T
147.8320642 -1.8590930 7.48 T
147.8392807 -6.1815894 6.48 T
147.8701419 3.3683952 7.52 T
148.0495364 2.4547185 6.00 T
148.0497491 0.0754630 6.43 T
148.1265210 -8.1052639 5.11 T
148.4276859 -3.8619711 7.40 T
148.4288348 5.9585785 6.12 T
148.5276462 8.0743701 7.12 T
148.5277693 4.9454915 6.89 T
148.6370907 -2.6175611 7.98 T
148.6431711 0.9439232 7.84 T
148.9041584 -4.9764088 7.36 T
148.9790639 7.6770263 6.89 T
149.0332357 -7.6452791 6.88 T
149.2013765 4.2417590 6.76 T
149.4329874 -1.9417220 6.57 T
149.4528717 -1.9473268 7.97 T
149.6873246 6.1145358 7.41 T
149.7032933 4.8083094 7.39 T
149.7580099 -3.0217294 7.53 T
149.8274682 -3.0749957 7.44 T
149.9257545 5.2215583 7.74 T
149.9290882 3.3849480 6.73 T
150.0160407 -5.0126494 7.86 T
150.0531657 8.0440909 4.86 T
150.0541139 6.2507014 7.70 T
150.2465643 -3.1892573 7.26 T
150.3976917 -1.0181737 7.22 T
150.7052447 -1.0683906 6.83 T
150.7349796 -5.6179178 7.51 T
150.9117698 3.9721773 7.33 T
151.0346715 3.2004651 6.48 T
151.1124884 -7.2196991 7.56 T
151.1979345 5.0040293 7.42 T
151.2688084 7.9909345 7.37 T
151.3012521 -3.5173310 7.51 T
151.3367535 -3.3740007 7.72 T
151.6973943 5.6113914 6.29 T
151.7454085 -3.2840198 7.77 T
151.7739743 -5.5662726 7.80 T
151.8488135 -7.7247191 7.70 T
151.8885380 -6.4385354 7.78 T
151.8887975 0.9182652 6.90 T
151.9397892 -7.6308513 6.84 T
151.9844319 -0.3717144 4.47 T
152.1306826 -3.4778243 7.94 T
152.1720052 1.1609016 6.73 T
152.3118806 6.1708898 6.73 T
152.3463530 2.3710352 7.63 T
152.5993773 -5.4703437 7.92 T
152.7553830 -2.4151177 7.67 T
152.7751282 5.2523805 7.37 T
152.7967527 6.1681056 7.78 T
152.8240951 -7.3167152 6.23 T
153.2012113 4.6146564 5.91 T
153.3048586 3.0725495 7.43 T
153.3799201 -5.0875835 7.49 T
153.4337065 -7.3839261 7.25 T
153.4430442 -5.2197918 7.51 T
153.5349430 -7.9936494 7.08 T
153.5361714 3.1487889 7.81 T
153.6808062 5.7493282 7.92 T
154.0050605 -5.0958776 7.95 T
154.0704998 -5.8290358 7.79 T
154.1942791 -2.7977027 7.79 T
154.2148997 1.7978204 7.70 T
154.4065020 -8.0688960 5.28 T
136.7495833 1.4627778 6.17 B
138.5912500 2.3141667 3.88 B
142.2870833 -2.7688889 4.60 B
