57.5150965 37.8735697 6.63 T
57.5555869 34.8196085 6.80 T
57.7137275 35.0997507 7.83 T
57.9738557 34.3591085 5.76 T
58.0184382 31.1683617 6.24 T
58.0790175 34.2220882 7.43 T
58.1658124 32.4084525 6.82 T
58.3833300 25.7297707 7.86 T
58.3938183 25.6826732 6.36 T
58.5330461 31.8835860 2.86 T
58.6857661 23.2015336 7.95 T
58.8461472 31.0458307 6.79 T
59.1195594 35.0808849 5.48 T
59.2174563 22.4772578 5.66 T
59.2659312 23.1754606 6.04 T
59.3598825 24.4618857 6.33 T
59.3969963 36.4906360 7.02 T
59.5132754 34.8137778 6.56 T
59.5871904 24.0808030 7.21 T
59.7412626 35.7910454 4.03 T
59.7727546 27.1973697 7.45 T
60.0364226 29.7107852 7.84 T
60.2368674 23.2012798 6.92 T
60.3117368 36.9894576 6.39 T
60.3581848 28.5016872 7.09 T
60.5619537 28.1263418 7.52 T
60.5632121 22.4219584 7.88 T
60.7899842 37.1212941 7.39 T
60.7951558 38.0547996 7.84 T
61.0903048 24.1059072 5.60 T
61.1406773 35.9204838 7.97 T
61.1744376 22.0815592 4.46 T
61.1794941 32.5711302 6.87 T
61.2407493 37.0871996 7.99 T
61.3011951 27.6095324 7.95 T
61.3355724 22.0080922 5.97 T
61.4005434 34.2387832 6.69 T
61.4147805 37.7553307 7.90 T
61.5186361 26.2116078 7.61 T
61.6518615 27.5995831 5.15 T
61.6627276 32.3850186 7.04 T
61.7326424 33.4463204 6.86 T
61.7512350 29.0013431 5.25 T
61.8945267 38.0731011 7.32 T
62.0633463 37.7262614 6.17 T
62.0760651 32.4600222 7.53 T
62.1538975 38.0384653 5.57 T
62.2159974 23.8710647 7.12 T
62.2228083 23.0969847 7.65 T
62.3477106 36.0341953 7.82 T
62.4123864 31.6525797 6.95 T
62.4320154 24.0728005 7.40 T
62.5699614 23.9805810 7.28 T
62.7075321 26.4807286 5.43 T
62.7458806 33.5866882 5.89 T
62.9217076 31.5506054 7.74 T
63.0160351 35.3595398 7.59 T
63.1040965 23.5743818 7.39 T
63.2134986 22.4133784 6.16 T
63.3466883 35.4767109 7.93 T
63.4983401 37.9671767 6.58 T
63.6100857 23.6963683 6.91 T
63.6273850 22.4516715 7.10 T
63.6337993 26.2552117 7.26 T
63.7169020 37.5426485 6.41 T
63.7430180 36.5018064 7.55 T
63.7942905 29.9009919 7.25 T
63.9821664 31.6927652 7.48 T
64.0088653 30.0354849 7.82 T
64.0443934 34.8686940 7.62 T
64.5606152 22.8066950 7.65 T
64.5610305 32.3900855 7.72 T
64.8757408 37.9982820 7.22 T
64.9031454 21.7732290 5.33 T
64.9403203 23.7383448 7.58 T
65.0178254 23.5985564 7.32 T
65.0414418 31.9530904 6.38 T
65.0734445 27.3474969 7.51 T
65.0881953 27.3502650 5.08 T
65.1024767 34.5666761 5.03 T
65.1266148 25.8273928 7.82 T
65.1575867 28.8918423 7.96 T
65.2453877 36.5742556 7.74 T
65.3192698 38.2441370 8.00 T
65.6457317 25.6292067 5.37 T
65.8773130 24.4051369 7.22 T
65.9907466 24.3038248 7.94 T
65.9988594 35.2157198 7.91 T
65.9990501 24.3009352 6.36 T
66.0615489 21.7359527 7.18 T
66.1036596 34.3145843 7.30 T
66.1216440 34.1305484 5.71 T
66.1564154 33.9592423 5.84 T
66.2955050 25.7490159 7.89 T
66.3430889 22.2935966 4.21 T
66.3550009 22.1997172 5.29 T
66.5268432 31.4381787 5.39 T
66.5776835 22.8132877 4.30 T
66.8227057 22.9962396 5.50 T
66.8262306 36.5201066 6.89 T
67.0745032 27.7807219 7.85 T
67.2167950 30.3613567 6.44 T
67.3014869 35.2656686 7.44 T
67.3327120 27.4040523 6.54 T
67.5153390 32.5117339 7.71 T
67.5845667 28.1321831 6.60 T
67.5936261 23.5888632 7.24 T
67.6600904 32.4576751 6.16 T
67.8992842 22.8448619 7.54 T
67.9873131 36.7422682 6.46 T
68.0721149 37.0431865 6.83 T
68.0908182 25.1853106 7.47 T
68.3705242 24.2791969 7.81 T
68.6582849 28.9610034 5.87 T
68.6896409 22.6921262 6.82 T
69.1221386 23.3405275 6.05 T
69.1580741 36.9524442 6.76 T
69.2108244 37.4388579 7.65 T
69.2876383 27.9256743 7.48 T
69.3101925 30.3991167 7.84 T
69.5634670 31.9987293 7.16 T
69.6232609 26.9386729 7.21 T
69.7144351 23.1496373 7.57 T
69.7455334 36.5464214 7.73 T
69.8104416 31.7413245 7.97 T
69.8465693 25.2182006 6.23 T
69.8540754 35.9541451 8.00 T
70.0949189 29.9719645 6.83 T
70.3326034 28.6148016 5.73 T
70.5169826 24.0107107 7.25 T
70.5507963 22.9422748 7.02 T
70.5612418 22.9568490 4.24 T
70.6567060 36.3115485 7.93 T
70.8074253 24.0887988 6.21 T
70.9507291 32.8652516 6.53 T
70.9750061 22.9443234 6.92 T
71.1486459 38.2550020 6.84 T
71.3013332 35.1580457 7.90 T
71.4270094 23.6278988 6.34 T
71.4586938 28.6605078 7.13 T
71.5503417 26.0352557 7.73 T
72.0797432 29.2353422 6.95 T
72.0948036 29.7728349 7.40 T
72.3036501 31.4367292 5.71 T
72.3167230 29.5711785 7.27 T
72.3296651 32.5879849 5.86 T
72.4411508 21.9496632 7.86 T
72.4773453 37.4885155 5.04 T
72.7167349 28.3139510 7.58 T
72.7217867 37.7607394 7.35 T
72.8728404 35.8144070 6.84 T
73.0438197 31.1635227 6.81 T
73.0582393 34.4434141 7.65 T
73.0851527 36.6417581 6.93 T
73.1160103 31.9865029 7.57 T
73.1580510 36.7031423 4.94 T
73.1966403 27.8972665 6.00 T
73.3419875 24.1772616 7.70 T
73.3920892 23.3156876 6.67 T
73.3948759 36.8056793 6.80 T
73.4021165 25.3661930 7.17 T
73.5535844 23.9985419 7.55 T
73.6566578 23.9378293 7.90 T
73.8672881 32.1546786 7.45 T
73.9410391 30.5510422 7.09 T
73.9510040 30.3377521 7.61 T
74.0647464 24.5921281 6.37 T
74.0836990 36.1685036 6.13 T
74.1494462 23.2950410 7.56 T
74.2484270 33.1659728 2.83 T
74.4527116 23.9484794 5.93 T
74.5057458 30.1255951 7.97 T
74.5393191 25.0501119 5.79 T
74.6188694 37.3287251 6.77 T
74.6928212 29.8434476 7.76 T
74.8145758 37.8896300 5.00 T
74.8465374 31.0565437 7.66 T
74.9020706 25.9353080 7.38 T
74.9740851 27.3254698 6.98 T
75.1011166 24.1626438 7.88 T
75.1386356 36.6273776 7.31 T
75.2834305 23.4389418 7.82 T
75.3287765 26.5342665 7.57 T
75.4344493 26.6713049 6.85 T
75.4412917 31.7779741 7.75 T
75.9094348 37.2684835 7.33 T
75.9673591 24.9720906 7.53 T
76.0607587 30.4944915 6.29 T
76.1537484 32.3198561 6.62 T
76.1583837 27.6957713 6.64 T
76.2089907 26.7205681 7.55 T
76.2999876 23.7989244 7.30 T
76.4071549 23.0610175 6.74 T
76.4553735 35.8459996 7.38 T
76.4725467 26.4298754 6.62 T
76.5037528 35.9363425 6.53 T
76.5349015 33.9185896 7.05 T
76.6245543 35.5624673 7.87 T
76.6972742 34.5354140 7.74 T
77.5783408 37.3017935 6.78 T
65.8850000 20.9822222 5.99 B
67.0033333 21.6200000 5.72 B
67.8500000 40.0102778 6.26 B
70.4595833 38.2802778 5.99 B
