36.5011647 -15.3416023 5.88 T
36.9101932 -6.9289352 7.16 T
37.1940582 -11.3469917 7.10 T
37.3483482 -12.9107146 7.24 T
37.6101631 -5.0311578 7.67 T
37.6343202 -1.6715779 7.89 T
37.7657515 -15.1328271 7.75 T
38.0213355 -15.2453678 4.79 T
38.2061199 -11.4134193 7.50 T
38.3138986 -14.3625379 7.89 T
38.4807586 -12.3373612 6.92 T
38.5314368 -5.6353697 7.98 T
38.6779779 -7.8598542 5.89 T
38.7676847 -17.2894644 7.65 T
38.8320716 -3.5633369 6.89 T
38.8520044 -9.3507939 7.10 T
38.9098563 -14.9456876 6.96 T
38.9861295 -17.6327715 7.01 T
38.9999951 -7.8319700 5.72 T
39.0238618 -17.1456826 7.88 T
39.0704654 -11.1661376 7.44 T
39.0849756 -12.8969229 7.74 T
39.1412287 -14.6569290 7.06 T
39.2840682 -2.3340151 7.58 T
39.4244290 -3.3964478 5.76 T
39.4621549 -13.1287099 7.78 T
39.7550041 -8.9282012 7.06 T
39.7870309 -9.8314011 6.76 T
39.8221173 -11.7480427 7.93 T
39.8318220 -2.0728128 7.83 T
39.8918420 -11.8736545 4.87 T
40.0032397 -16.3083860 7.50 T
40.0508790 -9.4533630 5.85 T
40.1111641 -14.4491243 6.73 T
40.3762903 -15.1011160 7.33 T
40.3921409 -14.5489729 6.03 T
40.4512871 -3.2138871 6.18 T
40.5782082 -16.0213334 7.52 T
40.7810149 -6.6426808 7.37 T
40.8706741 -2.5313797 6.59 T
40.9816686 -7.9129024 6.68 T
41.0048625 -6.0092665 7.14 T
41.0305684 -13.8587850 4.22 T
41.0436257 -12.4927335 7.74 T
41.3023580 -15.4263822 7.70 T
41.4987500 -4.9564422 7.73 T
41.6413804 -6.7019780 7.82 T
41.9829847 -12.4609466 6.94 T
42.0551917 -3.6193577 6.87 T
42.0943397 -4.9210124 7.87 T
42.1218006 -5.7385063 7.34 T
42.2326400 -5.1695111 7.94 T
42.2608852 -4.2249115 7.11 T
42.5841994 -6.8069364 7.41 T
42.5892656 -4.9864139 7.20 T
42.8435746 -2.9974540 7.81 T
43.0590891 -8.2671833 7.34 T
43.1364144 -12.7709002 6.14 T
43.2121199 -9.4409880 6.35 T
43.3027434 -5.2492943 7.37 T
43.3637734 -8.8480575 7.98 T
43.3944515 -7.7506836 7.24 T
43.3964817 -1.6410630 7.60 T
43.4310212 -4.2476874 7.77 T
43.5293071 -10.4422990 6.99 T
43.5581179 -11.0894255 7.81 T
43.6619851 -5.3309596 7.42 T
43.7256196 -14.0248789 7.12 T
43.7414917 -3.3072213 7.81 T
44.1197729 -15.0201313 7.92 T
44.1556998 -3.7125852 5.17 T
44.2309714 -12.5882278 0.00 T
44.4981866 -2.3367481 7.76 T
44.5523530 -12.0058958 6.62 T
44.6654928 -4.2088007 7.95 T
44.6751505 -2.7833012 5.23 T
44.6970377 -9.7765906 6.17 T
44.8811986 -10.6815291 7.89 T
44.8951610 -4.1164518 7.83 T
44.9016422 -7.1802271 6.76 T
44.9214714 -2.4650900 5.54 T
44.9808195 -13.6833867 7.18 T
45.0127898 -1.8045411 7.07 T
45.0294308 -3.6728678 7.81 T
45.0788027 -11.4590487 7.47 T
45.2120489 -2.8785540 6.33 T
45.2260855 -10.0357306 7.86 T
45.2923848 -7.6634434 5.87 T
45.4840996 -9.9614405 5.96 T
45.5391533 -6.4954211 6.26 T
45.6157325 -13.5315953 7.91 T
45.6764191 -7.6854969 5.44 T
45.7581454 -2.0863086 7.57 T
45.8831546 -10.9757597 7.16 T
46.0257469 -5.2433216 7.37 T
46.0692281 -7.6007470 5.28 T
46.2974508 -8.2741050 6.43 T
46.3805989 -16.6083306 7.38 T
46.6391856 -10.2520515 6.80 T
46.6395908 -6.0885827 5.44 T
46.8032892 -1.8028414 7.05 T
46.8273459 -13.7634118 7.04 T
46.8309799 -5.3852263 7.82 T
47.5753999 -1.6947761 7.33 T
47.7154358 -11.1257510 7.33 T
47.7721792 -13.2642109 6.43 T
47.8195282 -16.0250217 6.38 T
47.8282061 -3.8117041 6.27 T
47.8780590 -13.5250786 7.73 T
47.9446815 -14.9258137 7.86 T
48.4043952 -13.6393563 7.68 T
48.4792210 -6.6655920 7.78 T
48.6372471 -9.6869230 7.72 T
48.6506067 -2.3327147 7.33 T
48.6768219 -6.7024117 7.30 T
48.7080429 -14.4433697 7.95 T
48.7704734 -13.8280880 7.46 T
48.8151237 -12.9872376 7.89 T
48.8823873 -8.7701698 6.74 T
48.9411478 -16.8288342 7.94 T
48.9584110 -8.8194481 4.82 T
48.9730375 -14.7998450 7.92 T
49.0036121 -5.9187394 6.38 T
49.0036121 -5.9187394 7.93 T
49.0257015 -7.9274339 7.49 T
49.0637666 -11.9860023 7.33 T
49.0906668 -5.7306117 6.50 T
49.1140039 -4.2874764 7.10 T
49.1490005 -9.1543536 6.19 T
49.1699457 -3.5305509 7.54 T
49.1849294 -3.3639784 7.71 T
49.2922973 -4.1398432 7.42 T
49.4963148 -10.4430657 7.12 T
49.5824561 -9.7315793 7.87 T
49.6719896 -14.2538908 7.91 T
49.7065359 -15.5513711 7.78 T
49.7594861 -2.8438305 7.13 T
50.0088874 -1.5921482 7.77 T
50.4953744 -15.4587290 7.39 T
50.5471571 -5.1377309 7.93 T
50.8178418 -11.3470402 7.64 T
50.8221066 -17.4392700 6.81 T
50.8237511 -7.7954674 6.31 T
50.8544563 -14.8754267 7.66 T
50.8650487 -14.2205251 7.90 T
51.1025677 -13.9928976 7.02 T
51.1044953 -15.6544602 7.59 T
51.2529340 -14.1159578 7.89 T
51.2904708 -4.4778270 7.34 T
51.3346601 -4.6552157 7.10 T
51.6005894 -15.3631987 7.59 T
51.7308263 -7.9824592 7.79 T
51.9222396 -14.3666346 7.24 T
52.0039368 -11.2868916 5.85 T
52.0397234 -12.7539588 7.55 T
52.1144879 -13.2095360 7.29 T
52.3249829 -10.5547259 7.55 T
52.4001559 -12.6747133 5.60 T
52.4125382 -6.8050100 6.10 T
52.5558921 -11.6468359 6.86 T
52.6693442 -9.7300178 7.00 T
52.7955987 -13.4988568 7.73 T
52.8569632 -16.7788481 7.68 T
52.9028891 -12.7347968 7.95 T
52.9169736 -3.4976337 7.29 T
53.0109582 -7.8400287 7.56 T
53.0638576 -7.0904197 7.36 T
53.2265020 -9.4581499 3.81 T
53.2974276 -10.0455859 7.37 T
53.4380550 -15.1287148 7.11 T
35.5058333 -10.7777778 5.46 B
39.8908333 -11.8722222 4.84 B
43.1337500 -12.7694444 6.04 B
43.2104167 -9.4411111 6.32 B
44.1070833 -8.8980556 3.89 B
53.2325000 -9.4583333 3.73 B
53.6558333 -9.8686111 6.25 B
53.9904167 -11.1936111 5.57 B
54.8558333 -10.4372222 6.19 B
55.8120833 -9.7633333 3.54 B
