0.1728866 62.1756283 7.10 T
0.3401015 60.8391865 7.30 T
0.4042406 61.2228018 5.62 T
1.0569137 62.2876593 5.92 T
1.2758735 61.3140189 5.78 T
3.2010111 46.0953064 6.67 T
3.2574817 49.9265578 7.20 T
3.3040208 62.0407799 6.65 T
3.3359872 49.7233370 7.31 T
3.5798412 52.8609746 7.83 T
3.7666581 52.6396123 7.65 T
3.9526210 59.4402236 7.90 T
3.9782497 61.0001177 6.53 T
4.1735041 54.6601216 7.68 T
4.2375968 61.5331624 5.84 T
4.2507475 53.2432424 7.75 T
4.2700534 56.9094778 7.62 T
4.2877204 47.9473757 5.84 T
4.4293540 51.4330798 6.08 T
4.4599470 59.0575829 7.72 T
4.5739714 61.7270455 7.69 T
4.8285107 59.1390356 7.32 T
5.0214994 48.8653651 6.54 T
5.1289635 48.9686121 6.54 T
5.1428598 56.5568170 6.82 T
5.2291370 46.4859875 7.93 T
5.4265853 61.6915518 7.31 T
5.8244594 60.2355573 7.62 T
5.9700245 60.9607998 6.61 T
6.0728293 60.4530297 7.56 T
6.1981089 61.8310493 5.38 T
6.2769663 53.0467663 5.71 T
6.5496849 56.7789538 6.87 T
6.6287628 56.1131450 7.83 T
6.6646305 56.6412067 6.58 T
6.8019338 49.9856919 6.96 T
6.9188460 58.5539057 7.47 T
7.4496707 57.0306675 7.54 T
7.5832378 59.9775378 5.93 T
7.6734487 62.3540064 7.38 T
7.7668687 57.3657502 7.71 T
7.9209305 52.8394479 5.73 T
7.9342930 53.9616321 7.57 T
8.0907524 58.3384692 7.21 T
8.2941048 54.8947415 6.04 T
8.3941895 60.5486345 7.89 T
8.5527001 54.0663760 7.61 T
8.8720048 54.2035154 6.96 T
8.8969145 53.4889267 7.27 T
8.9486631 55.7072363 7.90 T
8.9528564 49.0211138 7.05 T
9.0644476 48.5557390 7.49 T
9.1139742 60.3262106 5.83 T
9.3180884 58.0161929 7.44 T
9.6040947 51.2682254 7.70 T
9.6477839 57.5168911 7.68 T
9.7055287 59.8261359 6.71 T
9.7913019 49.3545651 5.62 T
10.2730709 57.1716310 7.45 T
10.3025919 52.1974692 6.74 T
10.4907575 59.9147251 7.45 T
10.5163235 50.5124662 4.78 T
10.6296974 58.7533584 6.17 T
10.6582217 52.3371242 6.95 T
10.6625884 57.5962942 7.53 T
10.8667390 47.0243117 4.97 T
11.0989862 54.1522724 7.51 T
11.1087659 47.8640360 5.63 T
11.3212369 55.2213736 5.41 T
11.4415005 56.7748552 7.00 T
11.5628477 55.3053493 6.53 T
11.6768289 59.5745258 6.53 T
11.9959120 51.4445887 7.24 T
12.1034910 49.7162874 7.71 T
12.1712926 52.1007262 6.94 T
12.4045472 47.7637955 6.69 T
12.7405549 51.5080505 6.40 T
12.8907415 51.5713674 6.22 T
13.2735857 57.2190854 7.25 T
13.3308509 49.6556190 7.10 T
13.3375598 46.5952687 7.69 T
13.3672866 60.6655410 7.79 T
13.4491410 52.6891359 6.33 T
13.5213127 57.0140337 7.45 T
13.6258699 56.3194695 7.18 T
13.7244625 49.4052238 7.72 T
13.7502662 58.9724201 4.96 T
13.9606661 46.8758021 7.95 T
14.1249373 57.2864429 7.64 T
14.1651540 59.1807723 4.73 T
14.1904990 60.0331364 7.83 T
14.3106311 54.9523552 7.16 T
14.3324820 61.4218034 6.54 T
14.4826693 52.1367555 7.30 T
14.6796027 47.0365496 6.80 T
14.8847591 48.9661576 6.94 T
14.9986999 48.0199045 7.10 T
15.1364949 58.3640959 7.14 T
15.1482277 47.3206582 7.66 T
15.2353668 50.8789696 7.65 T
15.3099054 52.0552693 7.65 T
15.3627515 49.5442083 6.60 T
15.4408291 57.8166654 6.80 T
15.5769025 51.0348323 6.49 T
15.6653242 52.8508662 7.38 T
15.7242303 51.7980824 6.85 T
15.7571859 47.3760533 6.76 T
15.9041760 61.0748165 6.06 T
15.9722625 47.6422728 6.78 T
15.9904207 48.8610370 7.22 T
16.0099753 52.5017748 6.15 T
16.0677231 54.2038674 6.89 T
16.0799958 61.5800310 5.90 T
16.1022908 57.9810345 7.53 T
16.1951277 51.0097419 6.51 T
16.5164918 57.7564557 7.11 T
16.7250504 59.8585282 6.86 T
16.7518152 56.9342914 6.54 T
16.7943094 56.3744276 7.65 T
16.8080343 49.5553794 6.79 T
17.0942823 54.2312939 7.12 T
17.1052834 54.9102925 5.23 T
17.1396595 58.2633978 5.76 T
17.3755433 47.2417123 4.28 T
17.3755433 47.2417123 7.77 T
17.3948726 57.3497671 6.70 T
17.4658062 49.0537597 7.19 T
17.6350039 52.1290984 7.50 T
17.7445362 56.7743614 7.22 T
17.8122911 46.6297910 7.31 T
18.2249216 51.6019690 7.32 T
18.2914862 61.7061918 6.50 T
18.5151826 60.8831133 7.18 T
18.5439827 58.8120422 7.23 T
18.6494350 49.4295809 7.34 T
18.6917464 60.9386839 7.36 T
19.0175814 61.9071000 7.37 T
19.1021412 48.0822107 6.60 T
19.3595687 57.6320882 6.88 T
19.4500568 49.0083828 7.19 T
19.4598852 55.4453978 7.36 T
19.8522445 57.2740261 7.62 T
19.9655687 58.2081443 7.04 T
20.0204880 58.2315996 5.07 T
20.0489828 52.1313937 7.51 T
20.1027532 51.8332601 7.64 T
20.1529242 54.9618382 7.27 T
20.1690341 51.5947781 7.15 T
20.2175943 60.9488680 7.55 T
20.2681921 54.6286073 7.33 T
20.8407122 58.1424376 6.40 T
21.0494383 51.1734288 7.62 T
22.0280582 47.7524711 7.56 T
22.4640768 60.2512486 7.29 T
22.5254368 47.0070185 5.37 T
22.8882442 61.5524602 7.67 T
23.2874859 60.4495418 7.64 T
23.3083430 60.6864278 7.30 T
23.3571722 58.3272908 5.88 T
23.4822974 59.2319058 4.79 T
23.8507073 53.3455529 6.84 T
23.8577858 56.0436913 7.02 T
24.0130278 47.1144024 7.05 T
24.1131900 48.7226603 6.35 T
24.1168802 54.6961109 7.37 T
24.1947609 48.3154473 7.44 T
24.2029457 59.6258239 7.21 T
24.3216424 46.9486846 7.86 T
24.3453438 58.6373778 7.26 T
24.4368083 48.4128589 6.86 T
24.4987264 48.6275099 3.72 T
24.5315727 57.9775929 5.70 T
24.5525833 62.3517879 6.71 T
24.7798879 61.0790855 7.00 T
24.8223047 54.6005081 7.41 T
24.9262636 55.7842055 7.44 T
25.0524537 54.4456713 7.42 T
25.1292477 59.0527191 6.95 T
25.1465566 54.9419845 7.58 T
25.5122184 61.0382356 6.67 T
25.5739391 58.6276985 6.34 T
25.6532955 48.4163497 7.68 T
25.7406764 58.1155905 7.08 T
25.7430442 61.4210106 6.32 T
25.8324991 60.5512791 5.77 T
25.8405886 59.6324315 6.70 T
25.9116158 52.8857387 6.83 T
25.9153857 50.6886377 4.01 T
25.9457314 55.8773536 6.98 T
25.9710659 49.6564492 7.42 T
26.0574092 48.2112779 7.00 T
26.0753845 57.5364679 6.29 T
26.1925682 57.0892341 6.24 T
26.9501968 46.2293882 6.37 T
27.3144530 47.8968292 6.47 T
27.3144530 47.8968292 7.22 T
27.7384360 51.9327017 6.00 T
28.0392289 50.7926101 5.68 T
28.9762434 62.3634882 7.60 T
29.6386458 61.6977203 6.00 T
1.5666667 58.4366667 5.96 B
1.6104167 64.1961111 5.59 B
2.2945833 59.1497222 2.27 B
2.6237500 57.1655556 6.74 B
6.0650000 52.0200000 5.57 B
7.9433333 54.5222222 4.73 B
8.2500000 62.9316667 4.16 B
9.0345833 54.1686111 5.08 B
9.2429167 53.8969444 3.66 B
10.1270833 56.5372222 2.23 B
12.2750000 57.8158333 3.44 B
12.2087500 50.9683333 4.89 B
12.8183333 61.8058333 6.07 B
13.2670833 61.1241667 4.82 B
13.7716667 48.6786111 6.27 B
14.0537500 57.9966667 6.21 B
14.1770833 60.7166667 2.47 B
14.1962500 60.3627778 5.55 B
16.7895833 53.4983333 6.38 B
17.0683333 54.9202778 5.17 B
17.7758333 55.1497222 4.33 B
18.1416667 45.3377778 6.11 B
19.2712500 44.9019444 6.34 B
19.5425000 47.4197222 6.25 B
20.5850000 45.5288889 4.88 B
21.5775000 43.4577778 5.96 B
21.9141667 45.4066667 4.83 B
25.0545833 53.8683333 6.39 B
27.9970833 55.1475000 5.52 B
0.1287500 59.5597222 6.19 B
0.6504167 66.0988889 5.86 B
0.8570833 63.6419444 6.24 B
