115.4378983 -7.1509246 7.58 T
115.6096979 -7.3271521 7.93 T
115.7093884 1.6095603 7.32 T
115.7725559 0.1892075 6.44 T
115.8100978 -4.1312647 7.22 T
115.8381477 4.9456666 6.64 T
115.8797113 3.4853184 7.07 T
115.8838005 -4.6806770 7.11 T
115.9053172 -4.7079112 7.00 T
115.9062762 6.2848293 7.38 T
115.9768213 -6.7138159 7.98 T
116.0316786 2.4053835 6.49 T
116.3013313 -4.4542304 6.93 T
116.3274130 -0.4382421 7.99 T
116.3406683 -0.5134060 7.66 T
116.4281882 -5.6784701 7.10 T
116.4484291 2.5598048 7.97 T
116.4621434 -7.5299013 7.52 T
116.5094450 -6.7731002 5.66 T
116.5423094 -3.9611295 7.66 T
116.6550417 1.8576826 7.49 T
116.7518321 4.9251143 7.04 T
116.9494460 -3.5296597 7.94 T
116.9585893 7.3413537 7.52 T
117.0662714 -6.7736481 7.18 T
117.2425883 0.6618250 7.48 T
117.2456332 4.3336902 6.62 T
117.5286991 -1.6823339 7.11 T
117.5582106 -1.4589162 7.95 T
117.5946361 5.7651385 7.62 T
117.6274458 -3.5977354 7.33 T
117.6426981 -1.6098181 7.96 T
117.6537375 -5.8029629 7.78 T
117.6978578 3.2770534 6.31 T
117.7021134 5.8594847 6.96 T
117.7128165 4.4598222 6.60 T
117.7227276 0.0795740 6.51 T
117.7607819 7.4380426 7.45 T
117.8820679 -6.9832375 7.63 T
117.9248457 1.7668429 5.09 T
117.9949029 5.3497230 7.46 T
118.0302611 3.2768431 6.53 T
118.0350001 -3.0541453 7.13 T
118.0942738 3.8431224 7.97 T
118.1755033 3.3837844 7.82 T
118.1755033 3.3837844 7.92 T
118.1993119 -5.4284345 5.81 T
118.5523581 -3.5451669 7.78 T
118.6374433 -2.7959333 7.32 T
118.6407736 -1.4125237 7.50 T
119.0904819 -7.9912300 7.99 T
119.0950294 4.2541108 7.75 T
119.0995690 4.4855267 6.27 T
119.2666363 2.9508401 7.76 T
119.3168909 1.1270521 6.42 T
119.3321378 -7.7999852 7.66 T
119.3576008 -0.6359218 7.15 T
119.5245013 7.2134691 6.42 T
119.5850637 2.2253809 5.41 T
119.6263853 2.9358069 6.67 T
119.6882107 5.6232666 6.97 T
119.7666336 -4.3326819 7.01 T
119.9336280 -3.6795900 5.07 T
120.0937142 3.2488991 7.95 T
120.1206434 -4.8797977 7.33 T
120.1838575 -2.8819001 6.46 T
120.2637260 -6.4194696 6.54 T
120.3059867 -1.3930851 4.85 T
120.3076806 4.8799271 5.64 T
120.5662223 2.3352377 4.52 T
120.6082468 -6.3372040 6.39 T
120.6679521 -2.3971994 7.74 T
120.6931836 -6.3223709 6.98 T
120.8836471 -8.1731374 7.47 T
120.9672254 6.3233605 7.81 T
120.9810433 3.3987611 7.85 T
121.0422115 -4.8269448 7.59 T
121.1993538 6.1860521 7.77 T
121.2154434 4.1414227 7.70 T
121.2441448 -3.4957329 6.98 T
121.3516930 5.8274254 7.48 T
121.4487630 2.1650597 6.82 T
121.4567170 -0.5733232 6.52 T
121.8236397 7.2830368 7.67 T
121.9845786 -1.3494662 7.83 T
122.1484395 -2.9838073 4.46 T
122.1583262 1.8951042 7.32 T
122.2542937 8.0395094 7.78 T
122.3245626 -0.1169307 7.84 T
122.3261867 -0.4493171 7.51 T
122.3423082 1.3140456 7.57 T
122.3845048 5.9262989 7.80 T
122.4936187 1.0205034 7.74 T
122.6678859 2.9492956 7.04 T
122.7431331 -6.7476586 6.83 T
122.8047883 -1.5664569 7.83 T
122.8872424 -7.7726968 5.46 T
122.9565498 4.2748512 7.81 T
123.2110889 4.9284206 7.24 T
123.3405468 -1.1658499 6.58 T
123.4661402 6.3032117 7.63 T
123.4739608 7.7327284 7.72 T
123.6626549 1.1573904 7.52 T
123.8809164 2.8321186 7.50 T
123.9522589 2.8014119 7.25 T
124.1096279 -3.2259956 7.33 T
124.1903519 7.3720216 7.64 T
124.2899704 -3.3637922 6.69 T
124.3152251 -5.3689027 7.82 T
124.3268888 4.2192103 6.61 T
124.3713678 -3.9923537 7.80 T
124.6026260 -7.5712065 7.61 T
124.8128950 -5.6192491 7.49 T
124.9579155 3.9478955 6.16 T
125.0544009 -0.9098543 6.25 T
125.0710154 -5.3302413 6.25 T
125.1722920 2.6646494 7.46 T
125.2197143 -4.8660326 7.41 T
125.3171605 1.0628020 7.27 T
125.3344163 -1.6021863 6.54 T
125.6253027 -6.1791363 6.17 T
125.6410853 -0.5365363 7.91 T
125.6974707 -0.8676295 7.07 T
125.7042674 -6.6948221 7.62 T
125.7253419 -7.5430782 6.12 T
125.9402937 0.0593030 7.47 T
125.9840231 -1.4981285 6.99 T
126.1390783 -1.1495619 7.14 T
126.1445714 -3.7514030 5.67 T
126.1519897 -4.7173284 6.08 T
126.3979430 2.1021235 5.89 T
126.4514491 1.5739908 6.68 T
126.4779780 7.5644478 5.22 T
126.6130314 -3.9878173 5.62 T
126.6816565 7.6506323 7.03 T
126.7500239 7.2211001 7.13 T
126.8153100 -3.5254829 7.86 T
126.8217277 -6.4099281 6.66 T
126.8821075 0.8285928 7.64 T
126.8955798 -5.1491456 7.25 T
126.9202998 -4.4151262 6.87 T
127.0885479 6.7006976 7.34 T
127.0964051 -4.2858777 7.98 T
127.1214227 -2.5172053 6.45 T
127.1386206 6.9643600 7.20 T
127.1499124 1.2474026 7.46 T
127.2831244 -0.3001798 7.72 T
127.3771093 -0.9601016 6.80 T
127.4797451 0.0192150 7.13 T
127.5791141 -2.3803103 7.90 T
127.6018557 -7.0401510 7.52 T
127.7604500 1.3372709 7.78 T
128.1162175 3.6733797 7.97 T
128.1470410 -5.8995516 6.96 T
128.1592794 -3.1789659 7.62 T
128.2951412 -5.2227391 6.81 T
128.3237448 -5.3281861 7.39 T
128.3555915 -0.3081488 7.93 T
128.4310800 4.7569683 5.99 T
128.4741177 1.5854011 7.85 T
128.5065318 -2.1514320 5.79 T
128.5125827 -1.5688237 7.54 T
128.6306318 -0.7259617 7.40 T
128.6566853 -2.7546279 7.63 T
128.7892711 0.3624330 7.06 T
128.8539546 2.7434790 6.45 T
128.8673631 -7.9821911 5.71 T
128.9616085 6.6194176 5.98 T
128.9627848 6.6219321 7.16 T
129.3036122 7.4476333 7.80 T
129.3632076 -4.9339769 6.29 T
129.4136025 5.7037459 4.13 T
129.4576828 -6.8065935 6.82 T
129.5844313 -6.6623460 6.57 T
129.6892008 3.3413361 4.58 T
129.7344152 -6.8483894 7.17 T
129.8521241 8.0174229 6.57 T
129.9336195 5.7624090 7.33 T
130.0554816 6.5658943 6.69 T
130.6048124 4.5768275 7.68 T
130.8060251 3.3986495 4.25 T
130.9181416 -7.2337241 4.72 T
130.9989870 4.3345166 6.35 T
131.0167680 -4.2021766 7.32 T
131.1296063 5.2859183 6.88 T
131.2196757 -8.2575478 7.68 T
131.2553470 5.6805610 6.15 T
131.3352651 -2.6012091 7.54 T
131.3368678 -2.6010686 6.89 T
131.3470092 0.1977183 6.67 T
131.3955366 4.6639044 6.57 T
131.4703145 -6.9666228 7.84 T
131.5105623 -2.0483565 5.81 T
131.5836676 0.6467379 7.10 T
131.6926124 6.4184448 3.49 T
131.7936091 4.3579753 7.37 T
131.8122127 -1.8969897 5.28 T
131.8951436 0.0776700 7.82 T
132.0204254 -6.5590368 6.22 T
132.0632584 -7.9725014 7.98 T
124.1287500 9.1855556 3.52 B
124.3820833 8.8661111 6.29 B
126.4150000 -3.9063889 3.90 B
