12.2521319 -36.2634542 7.70 T
13.2592388 -30.3567163 7.29 T
13.8454013 -24.6603121 7.18 T
13.9814809 -27.7758712 6.31 T
14.2049138 -25.3633607 7.21 T
14.6516570 -29.3574100 4.27 T
14.8561404 -34.6361450 7.78 T
14.9352710 -31.3361845 7.67 T
15.1397469 -25.7494665 7.45 T
15.1474724 -36.2382607 7.14 T
15.3421908 -33.3598066 7.82 T
15.3919873 -38.2153220 6.71 T
15.6107323 -31.5519072 5.51 T
15.8230032 -29.5260375 6.39 T
15.8505571 -32.0777236 7.69 T
16.1354558 -33.5329097 6.58 T
16.2855079 -37.5635003 7.96 T
16.5318290 -23.9926831 6.23 T
16.6112721 -35.6607700 6.63 T
16.7039905 -22.8563934 7.88 T
16.7967529 -24.8551403 7.61 T
16.8043488 -23.9965337 6.38 T
17.5135090 -26.1937980 7.45 T
18.0974649 -30.8025592 6.58 T
18.1900211 -37.8566712 5.97 T
18.1947572 -35.2056437 7.09 T
18.2292219 -35.7459983 7.84 T
18.4350523 -31.1163497 7.90 T
18.9735289 -23.9731474 7.18 T
19.3412276 -37.2700411 7.90 T
19.5125698 -34.1375910 7.77 T
19.5628472 -33.1373842 7.78 T
19.6057089 -23.0134390 7.34 T
20.0656377 -36.2429958 7.45 T
20.0942901 -28.9869252 7.50 T
20.1909486 -25.1040477 7.71 T
20.4130952 -33.2323095 7.15 T
20.5386425 -37.0516083 6.73 T
20.6169440 -34.6646140 7.66 T
20.6798463 -36.5966838 6.81 T
20.7603071 -37.7024378 7.53 T
20.8218669 -33.5480436 6.98 T
20.8788657 -30.9459014 6.01 T
20.8953426 -24.3527306 6.83 T
21.0524860 -31.8124439 6.92 T
21.1031818 -28.4974699 7.93 T
21.1686529 -34.1396833 6.80 T
21.5210112 -22.7983615 7.24 T
21.6205263 -30.2755976 7.60 T
21.7698079 -30.2360752 6.90 T
21.8471424 -22.3387921 6.54 T
21.9977085 -22.0369148 6.66 T
22.0090482 -27.1089494 7.53 T
22.0312308 -28.0508759 7.77 T
22.1425300 -37.9596286 7.99 T
22.1809746 -33.7641883 6.62 T
22.1995455 -24.7979442 7.07 T
22.2073905 -36.8330628 7.68 T
22.4286857 -25.6176669 6.50 T
22.5957491 -26.2078322 6.08 T
22.8750913 -29.9848188 6.72 T
22.9301898 -30.2834831 5.91 T
22.9731404 -27.7032011 7.41 T
23.0318171 -23.6490314 7.27 T
23.0795412 -26.5531499 7.99 T
23.2335558 -36.8653630 5.61 T
23.3177384 -24.1789586 7.05 T
23.5227230 -28.7835255 7.19 T
23.5766320 -27.3629906 7.92 T
23.5973992 -28.2367767 7.08 T
23.7110774 -31.8925755 6.23 T
23.7150506 -23.6996024 6.55 T
23.9953260 -36.4537284 7.85 T
24.0361848 -29.9071308 5.97 T
24.0361848 -29.9071308 7.35 T
24.2034888 -32.2971661 7.30 T
24.3866040 -38.1346342 7.43 T
24.6144058 -36.5290154 6.06 T
24.6594883 -32.1693936 7.54 T
24.7083312 -25.0221601 6.68 T
24.8193025 -29.0223701 7.46 T
24.8397864 -33.5647800 6.68 T
24.9229119 -37.4735104 7.41 T
24.9740099 -22.9135529 7.46 T
25.1524380 -36.4845904 7.98 T
25.3009475 -33.3982362 7.31 T
25.3642416 -38.1324736 6.23 T
25.5122527 -36.8324029 5.70 T
25.5353622 -32.3270736 5.37 T
26.1534192 -34.4061683 6.96 T
26.2397079 -28.7270078 7.13 T
26.2578710 -31.3859591 7.69 T
26.3882723 -26.3971475 7.87 T
26.5050920 -27.3491193 6.43 T
26.9490486 -37.1593691 6.43 T
27.1495092 -26.2536468 7.13 T
27.1796511 -23.8697111 7.96 T
27.3315261 -31.0725404 6.49 T
27.4899316 -29.0410025 7.39 T
27.8124884 -30.9023404 7.24 T
27.9677158 -37.0416951 7.48 T
28.0479613 -32.5398645 7.96 T
28.1438117 -34.1943325 7.95 T
28.3623704 -33.5646747 7.49 T
28.7681010 -24.8896273 7.04 T
28.9579148 -29.1138899 7.46 T
28.9844610 -36.2454098 7.94 T
29.1444625 -32.1382779 6.63 T
29.1679051 -22.5269676 5.06 T
29.2497547 -25.6201792 7.50 T
29.2637920 -33.9398163 7.78 T
29.2844992 -31.0846708 7.42 T
29.3513072 -36.0572846 7.01 T
29.6112002 -33.0669146 6.49 T
29.7514380 -22.9182596 7.56 T
29.7536627 -22.9195376 7.28 T
29.8320908 -26.4321440 6.77 T
29.9263882 -35.4196524 7.72 T
30.0806373 -32.0875053 7.93 T
30.1766571 -24.4223973 7.20 T
30.3105499 -30.0025123 5.45 T
30.5477812 -24.0396806 7.92 T
30.6176588 -29.6655698 6.42 T
30.6468783 -21.9657670 6.93 T
30.6473518 -26.7413708 7.87 T
30.7152897 -23.8868255 6.44 T
30.7591112 -21.9119172 7.73 T
31.0006856 -32.5186925 7.96 T
31.1227375 -29.2967689 4.66 T
31.1725174 -35.2732856 7.83 T
31.3179005 -28.5583919 7.50 T
31.3187749 -28.3782336 7.45 T
31.6544495 -37.1187985 7.67 T
31.8569585 -28.8967204 7.80 T
32.2054307 -35.8227704 7.95 T
32.6471539 -35.5101596 7.92 T
21.7420833 -32.5430556 5.79 B
22.4004167 -21.6294444 5.12 B
26.4116667 -25.0525000 5.31 B
