137.1962470 26.6267975 6.03 T
137.3397475 22.0454889 5.26 T
137.4919071 22.6773874 7.96 T
137.5869258 21.9964543 6.11 T
137.6248863 21.6713749 7.66 T
137.9868865 18.0439716 6.87 T
138.0697449 14.9975731 6.57 T
138.3878170 24.2932091 7.75 T
138.4051563 21.2831351 6.47 T
138.6160054 25.0111264 7.04 T
138.8074589 14.9414354 5.50 T
138.9706966 15.0085659 7.81 T
139.0462422 23.4023120 7.74 T
139.1118444 18.8101777 7.06 T
139.3297205 23.6523193 7.87 T
139.3996806 27.4221587 6.80 T
139.4399601 23.0787630 7.08 T
139.4638849 11.5011219 6.40 T
139.5704341 18.7809061 7.92 T
139.7442614 17.7045457 6.67 T
139.8138796 26.2516614 6.75 T
139.9145281 20.5464233 7.95 T
139.9568018 24.4160508 7.96 T
140.1576928 19.0905671 7.34 T
140.1590047 17.1272853 7.80 T
140.2365474 11.9585780 7.98 T
140.2945667 25.1623233 7.33 T
140.3136999 15.3713125 6.55 T
140.3269152 13.1109459 6.72 T
140.3560526 16.5980249 7.01 T
140.4458808 18.7456637 7.75 T
140.4972178 21.4985179 7.86 T
140.6925320 15.7762542 7.76 T
140.7010753 18.1319708 7.84 T
140.8815711 25.1828497 6.50 T
140.9451868 20.3646818 7.79 T
141.0332809 25.9180541 6.92 T
141.0780898 23.5791432 7.36 T
141.1298234 18.1412189 7.30 T
141.1633484 26.1820305 4.60 T
141.1747535 17.7104972 7.28 T
141.1882899 19.7859278 6.63 T
141.3848857 16.5854439 6.40 T
141.6434323 19.0600462 7.51 T
141.7011452 14.4937550 7.81 T
141.7361156 14.3028403 6.97 T
141.9016309 12.3998033 7.58 T
141.9806945 13.7486235 7.89 T
142.1112170 12.6741945 7.76 T
142.1389273 12.3852242 7.00 T
142.2189081 12.5836836 7.89 T
142.3871518 17.6518343 7.42 T
142.5977833 21.8125297 6.94 T
142.6738107 13.4956970 7.78 T
142.8222182 27.3870858 6.63 T
142.8341484 12.8586898 7.02 T
142.8953946 20.2706220 7.43 T
142.9124479 15.7700858 7.81 T
142.9299761 22.9677340 4.47 T
142.9331139 20.0048351 7.53 T
142.9858220 11.2993049 5.08 T
143.0550450 21.8563217 7.59 T
143.1812911 26.9869896 7.14 T
143.4961168 23.4533928 6.43 T
143.4988220 27.3534081 7.68 T
143.7486495 12.6543625 6.81 T
143.7865929 26.1924020 7.66 T
143.7894597 14.0755957 7.85 T
143.9700836 14.3795755 6.31 T
144.0089319 20.0456246 7.09 T
144.0192298 23.1907808 7.64 T
144.2186284 22.2439061 7.96 T
144.2378748 23.0310523 7.12 T
144.2606403 16.4379346 5.87 T
144.2811337 16.2255113 7.93 T
144.4571999 24.6701731 6.67 T
144.5048472 14.3466945 6.67 T
144.5551664 23.5466546 7.92 T
144.5668061 12.7363069 6.84 T
144.7276437 20.2974378 6.76 T
144.8034519 25.3674726 7.26 T
144.8040859 21.1972596 7.87 T
144.8213313 13.3126548 7.08 T
145.1470177 13.0530715 7.00 T
145.4102289 25.9126738 6.39 T
145.5882542 25.5901230 7.39 T
145.8437068 20.1931436 6.83 T
145.9021558 13.4416595 7.21 T
145.9304344 12.1597761 7.98 T
145.9329688 14.0216564 5.54 T
146.1250108 18.8631478 6.62 T
146.3111843 23.4743962 6.66 T
146.4624947 23.7741892 3.04 T
146.4665631 18.6835048 6.93 T
146.4763075 27.0458339 7.83 T
146.5550575 20.4892409 7.52 T
146.5971048 11.8101471 5.82 T
146.8423738 23.6476658 6.62 T
146.8578805 11.5681651 6.48 T
146.9289742 20.6047388 7.42 T
146.9622174 13.4776265 7.63 T
147.1774543 24.5470408 7.78 T
147.2192839 22.6090587 7.78 T
147.2725046 18.0578855 7.92 T
147.3875274 20.7936227 7.84 T
147.4584376 21.1793299 6.11 T
147.4702664 16.8382133 7.93 T
147.5427438 24.5623267 6.94 T
147.7052165 11.8424400 6.85 T
147.7583947 13.0661847 6.63 T
147.9554688 20.1644789 7.93 T
147.9710352 24.3942593 5.32 T
148.0605628 25.1080907 7.92 T
148.1894011 26.0066103 4.01 T
148.3210537 19.9376450 7.51 T
148.4041644 25.6671146 7.15 T
148.4517489 14.7392960 7.76 T
148.4961940 27.6954123 7.61 T
148.7748789 24.6363852 7.13 T
148.9662583 26.8510409 7.94 T
149.0237719 25.9993574 7.79 T
149.1557705 14.7234122 7.46 T
149.2576516 19.7623502 7.66 T
149.3903016 16.4590228 7.43 T
149.5142487 20.9823174 7.93 T
149.5484994 15.2212412 7.56 T
149.5555742 12.4446993 5.25 T
149.8137692 27.5225290 7.83 T
149.8668923 21.3216579 6.76 T
150.0055066 24.5525409 7.97 T
150.1316460 15.8639884 7.87 T
150.3362956 15.6706387 7.77 T
150.4708673 23.9812214 7.56 T
150.4827816 12.2457810 7.89 T
150.6241202 14.5557230 8.00 T
150.7038667 21.9492287 5.63 T
150.9695083 18.9507414 8.00 T
151.0349279 11.6285432 7.16 T
151.1100703 13.5950059 7.96 T
151.4199404 15.7573510 6.41 T
151.5445821 21.5147262 7.14 T
151.6552360 12.7819584 7.39 T
151.9136061 15.1568954 7.22 T
152.1160523 24.3087403 7.83 T
152.1850500 23.4806496 7.84 T
152.2854878 18.5301849 7.04 T
152.2931628 21.7902733 7.88 T
152.3315922 20.3322699 6.76 T
152.5943199 20.9456046 7.46 T
152.6530502 23.8813694 7.86 T
152.6781785 15.7040402 8.00 T
152.7864881 20.6952655 6.66 T
152.8972861 12.0363831 7.98 T
152.9094547 13.3548967 6.48 T
153.0126707 20.1184780 7.56 T
153.0784783 17.2977397 7.94 T
153.2994127 21.4197067 7.87 T
153.4258892 26.1505748 7.55 T
153.4569120 27.1358072 6.14 T
153.6229916 21.1675954 6.08 T
153.6326340 16.1382850 7.25 T
153.7900828 11.6742047 7.34 T
154.0668080 17.7401825 7.25 T
154.0668080 17.7401825 7.46 T
154.1331710 23.5033116 6.03 T
154.1695997 13.7282309 5.61 T
154.1730934 25.3707303 5.97 T
154.2371924 25.8588763 7.64 T
154.2519265 21.9129236 7.66 T
154.3077756 23.1056051 5.87 T
154.3542188 23.2332380 7.91 T
154.4955117 21.9684831 7.77 T
154.5436615 27.4155443 6.52 T
154.5869552 12.6208636 7.08 T
154.7391824 17.7057641 6.84 T
154.7525580 24.7121881 6.56 T
154.8044201 24.3636323 7.75 T
154.9325184 19.4695650 4.83 T
154.9744963 20.4042499 7.88 T
155.0642320 22.0112253 7.67 T
146.8895833 11.4288889 6.02 B
151.8333333 16.7627778 3.52 B
154.9337500 19.4708333 4.79 B
154.9929167 19.8416667 2.61 B
154.9941667 19.8405556 3.80 B
156.7520833 19.3644444 6.15 B
