182.5786144 -19.7698314 7.64 T
182.6192218 -24.9589002 7.49 T
182.7655633 -23.6025489 5.45 T
182.8448496 -16.7912461 7.17 T
182.8891672 -27.0708256 7.82 T
182.9546992 -19.9293423 7.46 T
182.9959431 -25.9415186 7.57 T
183.0769353 -19.8730510 7.35 T
183.1031211 -11.6591591 7.86 T
183.4192903 -27.3210669 7.79 T
183.4361551 -20.3268140 7.63 T
183.6734513 -24.7753898 7.55 T
183.7482891 -20.8442019 5.92 T
183.8780086 -14.0721470 7.56 T
183.9020774 -20.5293040 6.97 T
183.9444615 -23.3541075 6.86 T
183.9536908 -22.0557433 7.60 T
183.9577902 -13.8166911 7.49 T
184.2153600 -26.5986790 7.39 T
184.2635631 -16.6937197 6.06 T
184.4812094 -24.0133852 7.01 T
184.5561126 -20.8401760 7.37 T
184.6110565 -20.8098319 7.62 T
184.6471654 -14.4072182 7.61 T
184.7538437 -13.5424672 7.37 T
184.8281218 -16.2737416 7.53 T
184.9799521 -26.7370252 6.79 T
185.0441459 -22.1759000 6.04 T
185.2321097 -13.5656603 5.26 T
185.3175258 -26.7324999 7.70 T
185.4232176 -22.8885534 7.87 T
185.5773513 -15.5555506 6.67 T
185.6105059 -24.2366370 7.15 T
185.7284771 -14.6629718 7.51 T
185.7499930 -24.8709867 6.95 T
185.8282998 -11.8121786 6.69 T
185.8398095 -24.8407886 5.79 T
185.8410036 -26.4715440 7.87 T
185.9155804 -20.0884985 7.96 T
185.9691798 -19.2256011 7.55 T
186.0089743 -19.5721632 7.48 T
186.2986413 -11.6107816 5.93 T
186.3071155 -25.9861105 6.89 T
186.3705863 -19.3587332 7.93 T
186.3995217 -26.8117113 7.74 T
186.4976382 -14.9479395 7.19 T
186.6300490 -19.3162837 7.95 T
186.7596417 -22.3894289 7.95 T
186.8111548 -18.4116969 7.19 T
186.8756363 -21.2265151 7.79 T
186.9170599 -24.7275114 7.43 T
186.9444423 -18.2353029 7.91 T
186.9559587 -16.6318042 6.39 T
186.9867336 -18.6097305 7.58 T
187.0074193 -14.4511379 6.96 T
187.1621085 -16.0056589 7.81 T
187.5183163 -13.3934610 6.49 T
187.5725034 -23.6964066 5.81 T
187.7903080 -19.5941831 7.43 T
187.9549656 -15.7159537 7.56 T
187.9711645 -20.9813556 7.38 T
188.0148465 -16.1963597 4.34 T
188.0413750 -27.5661705 7.31 T
188.1358053 -21.2124092 6.51 T
188.1490569 -13.8594456 5.77 T
188.1553794 -24.2009705 7.51 T
188.2252470 -16.6602793 7.58 T
188.3424742 -19.7926482 6.29 T
188.3926380 -12.8298843 5.68 T
188.4789635 -17.0782541 7.46 T
188.5201243 -23.5458261 7.55 T
188.5402515 -18.1956941 7.46 T
188.6537641 -16.3543348 7.81 T
188.8884409 -12.0212196 6.78 T
188.9138742 -17.1505988 7.14 T
188.9276692 -16.8260064 6.74 T
188.9310091 -12.0248460 7.94 T
188.9696795 -12.0689803 6.64 T
188.9952173 -20.5277999 6.22 T
189.1678724 -21.3067024 7.87 T
189.2112457 -15.5721779 7.57 T
189.2984988 -24.8924038 7.96 T
189.4267313 -27.1394723 5.45 T
189.5714599 -12.3853781 7.89 T
189.5828245 -11.5168484 7.82 T
189.6850931 -18.2499465 6.02 T
189.8964579 -23.8102461 7.69 T
190.1500243 -14.0998276 6.98 T
190.2142274 -27.7132232 7.57 T
190.3157203 -13.0138412 5.89 T
190.3167997 -13.0147937 5.88 T
190.3775532 -20.6167875 7.93 T
190.4546047 -19.7589897 6.06 T
190.5737326 -15.0840130 7.94 T
190.6022903 -15.2379095 7.84 T
190.7314051 -13.6310469 7.77 T
190.8045382 -24.9905862 7.03 T
190.8833829 -26.3016044 7.64 T
190.8873455 -13.8596998 7.09 T
190.9489975 -12.0143554 6.77 T
190.9694691 -18.2845669 7.69 T
190.9832503 -13.1419896 6.99 T
191.1784611 -17.7785183 7.38 T
191.3863279 -20.1457351 7.56 T
191.4690893 -21.7683386 7.03 T
191.5949065 -18.2199968 7.40 T
191.6267616 -11.8121091 6.95 T
191.7650482 -22.1292929 7.46 T
191.8248254 -12.2789564 7.49 T
191.8369243 -19.0045402 7.30 T
191.9290160 -12.5803609 7.71 T
191.9719610 -25.0155175 6.92 T
191.9732390 -24.8514357 6.40 T
192.1083252 -27.5977869 5.76 T
192.1349618 -15.7192393 7.99 T
192.4402902 -15.8832663 6.80 T
192.4458532 -15.0789341 7.29 T
192.6192409 -13.0346816 7.45 T
192.9904827 -26.7380940 6.17 T
193.1413599 -23.1362173 7.63 T
193.2448375 -14.6206808 7.77 T
193.2896312 -14.9654130 7.64 T
193.4275180 -27.4045398 7.76 T
193.5009769 -18.0376044 7.07 T
193.5768594 -11.6485050 5.99 T
193.6257272 -20.0980495 6.91 T
193.7791712 -13.4527663 7.12 T
193.7951308 -24.9556899 7.39 T
193.9717249 -15.3270309 6.17 T
194.0708671 -19.6314570 7.30 T
194.1069529 -14.9499945 7.27 T
194.1256372 -26.4604302 6.82 T
194.1794036 -11.9437990 7.62 T
194.1870676 -27.3818481 7.28 T
194.2933504 -22.1719569 7.37 T
194.3027009 -12.0670022 6.52 T
194.3876510 -22.7535896 6.42 T
194.3956942 -17.3950313 8.00 T
194.5138528 -14.9858095 7.10 T
194.5400337 -23.0552216 6.99 T
194.5698254 -20.3842747 7.78 T
194.5749168 -25.1648828 7.82 T
194.7406929 -21.5469234 6.77 T
194.9503605 -20.2919673 7.28 T
195.0564966 -23.9146030 7.55 T
195.1053178 -13.8921162 7.55 T
195.2404065 -21.4262919 7.81 T
195.3066213 -20.7776420 7.05 T
195.3434882 -17.8820901 7.71 T
195.4031406 -24.6664619 7.25 T
195.5529362 -12.1087041 7.45 T
195.7392961 -16.8813841 7.36 T
195.7601283 -19.0777579 7.85 T
195.9038648 -11.5831642 7.99 T
195.9118340 -16.3367524 7.81 T
195.9429214 -20.5834182 6.25 T
195.9429214 -20.5834182 6.51 T
195.9624049 -25.8018490 7.79 T
195.9827993 -24.5170443 7.67 T
196.0795025 -17.2371450 7.94 T
196.1080783 -26.4818672 7.80 T
196.2186354 -21.5197629 7.40 T
196.3617823 -17.0045910 7.96 T
196.3993164 -22.0715534 7.42 T
196.4404399 -18.2596552 7.12 T
196.4649928 -14.1120634 7.35 T
196.6122289 -14.9159511 7.21 T
196.9123022 -14.1880323 7.77 T
196.9662896 -19.0356558 7.81 T
197.1161161 -11.7632675 7.46 T
197.1631491 -23.1068391 6.81 T
197.1653091 -23.8220779 7.59 T
197.2634591 -23.1183071 5.05 T
197.3756946 -20.1237402 7.17 T
197.4263878 -16.5151929 6.78 T
197.4283557 -22.1947098 7.43 T
197.5886871 -23.6246657 7.78 T
197.6919971 -24.1794548 7.99 T
197.7721401 -17.0900629 7.16 T
197.8097148 -14.2423901 7.72 T
197.8396455 -13.9625715 7.06 T
197.9128141 -26.5517288 6.52 T
197.9185573 -11.2216498 7.02 T
198.0153801 -16.2003958 5.08 T
198.0412525 -20.8844394 7.76 T
198.3364171 -13.4715482 7.63 T
198.3616491 -18.8264636 6.78 T
198.5445985 -19.9299510 5.42 T
198.6141780 -24.2842004 6.72 T
198.7308380 -11.3714206 7.11 T
198.9750026 -12.3502394 7.42 T
198.9969155 -19.9438195 5.33 T
199.2432529 -13.1589120 7.91 T
199.3411522 -11.4834835 6.63 T
199.3820948 -15.5484527 6.80 T
199.6892590 -17.1336527 7.54 T
199.7698012 -20.0035368 7.63 T
200.1243137 -27.4101885 7.99 T
200.1880913 -23.7636625 7.29 T
200.2697108 -24.4701782 7.10 T
180.2133333 -19.6588889 5.26 B
183.9516667 -17.5419444 2.59 B
185.1404167 -22.2158333 5.21 B
187.4662500 -16.5155556 2.95 B
187.5200000 -13.3930556 6.35 B
188.0175000 -16.1961111 4.31 B
188.5966667 -23.3966667 2.65 B
191.0020833 -28.3238889 5.48 B
192.1100000 -27.5975000 5.66 B
198.0145833 -16.1986111 5.04 B
198.9950000 -19.9430556 5.22 B
199.6012500 -18.3113889 4.74 B
200.3745833 -19.4888889 6.21 B
