0.3381742 -28.7251207 7.23 T
0.4801444 -37.2302403 7.18 T
0.5018087 -37.9021069 7.20 T
0.5831026 -29.7203219 5.00 T
0.7523937 -34.7436463 7.87 T
0.7831246 -24.1451544 6.58 T
0.8600388 -36.2511615 7.00 T
0.9050554 -31.0945236 7.84 T
0.9730514 -28.3939444 7.73 T
1.0497272 -30.1348794 7.06 T
1.0848685 -29.2687914 6.37 T
1.0955876 -29.3815496 7.74 T
1.2246320 -31.9967814 7.96 T
1.2625811 -36.0147140 7.81 T
1.2922849 -32.4690717 7.22 T
1.3659508 -37.3025240 7.91 T
1.5379350 -29.1513732 7.89 T
1.6620059 -36.0850097 7.83 T
1.7093534 -23.1078349 6.22 T
1.8454091 -25.3574739 7.10 T
1.9458949 -22.5087725 5.94 T
2.0142035 -33.5293103 5.79 T
2.1155726 -24.0936760 7.64 T
2.1924895 -34.7943281 7.93 T
2.2234230 -22.1795564 7.32 T
2.2614546 -35.0919570 7.80 T
2.3381390 -27.9880761 6.13 T
2.3381390 -27.9880761 6.24 T
2.4965991 -25.8746165 7.66 T
2.6552129 -31.2774940 7.20 T
2.6933737 -21.9336738 7.78 T
2.6960652 -34.8607195 7.00 T
2.8816357 -34.4601213 7.87 T
2.8934477 -27.7996372 5.56 T
2.9021177 -23.6323586 7.91 T
2.9346641 -35.1323946 5.29 T
2.9786282 -22.8179361 7.95 T
3.2663385 -22.4700563 6.77 T
3.3074593 -37.8228915 7.38 T
3.3145089 -26.3253839 7.58 T
3.4262993 -26.0228170 6.12 T
3.4348735 -26.2849239 6.30 T
3.4404393 -23.2152384 7.00 T
3.5554841 -35.8086728 7.97 T
3.5841165 -27.5324008 7.47 T
3.7433355 -34.9042972 6.32 T
4.0378125 -31.4465534 5.80 T
4.0979055 -22.5882628 7.97 T
4.1355124 -32.7604840 7.47 T
4.1750710 -32.6885843 6.78 T
4.5769431 -36.5098586 6.82 T
4.8926948 -21.8072867 7.91 T
4.9916315 -25.1226740 7.58 T
5.0406192 -35.9028174 7.86 T
5.2024546 -23.6302162 6.79 T
5.3112895 -35.7992228 7.32 T
5.3802311 -28.9819218 5.28 T
5.4694098 -23.0090715 7.67 T
5.5832979 -23.8405405 7.70 T
5.6956778 -35.3861519 7.67 T
5.7161765 -37.4034498 7.21 T
5.8027003 -31.0357549 6.54 T
5.8424896 -29.8474922 7.02 T
6.0554650 -23.4035013 7.94 T
6.2546161 -30.6995163 7.65 T
6.4403333 -27.7104035 7.02 T
6.4843806 -30.7479935 7.62 T
6.8115167 -25.5472724 6.08 T
6.8421063 -28.2431867 7.11 T
6.8756757 -31.8280130 7.76 T
6.9819001 -33.0074798 5.06 T
7.0584814 -29.0404199 6.86 T
7.1104497 -29.2850189 7.16 T
7.2115331 -24.6366570 7.17 T
7.3958656 -32.5678867 7.67 T
7.4542659 -32.1161325 6.73 T
8.0932958 -24.6461597 7.35 T
8.1640654 -25.3600524 6.85 T
8.3658758 -36.7887096 7.99 T
8.4320499 -35.0051413 6.64 T
351.1107822 -37.2009726 7.35 T
351.3098241 -36.1854907 7.87 T
351.3621724 -30.0079114 7.93 T
351.7555158 -22.7234458 7.42 T
351.8894064 -27.2780883 7.47 T
351.9045709 -33.6287040 7.58 T
352.0029070 -35.5444750 6.47 T
352.1049170 -25.4206558 6.92 T
352.2766778 -28.2641272 7.72 T
352.3571563 -24.0385704 7.75 T
352.5670323 -21.8825482 7.54 T
352.6427084 -36.9574155 7.87 T
352.6676902 -24.1958842 7.61 T
352.9832919 -25.7440110 6.69 T
353.3572922 -31.2894200 7.28 T
353.4437868 -36.2638744 7.29 T
353.5015999 -24.8594366 7.54 T
353.7267604 -35.0853865 7.20 T
353.9175560 -27.4914289 6.79 T
354.0041553 -30.6471214 7.63 T
354.0400110 -26.8763058 6.60 T
354.1731548 -25.2378121 7.80 T
354.2728299 -31.8711319 6.69 T
354.4625674 -24.8791032 7.69 T
354.8162354 -21.9239416 7.74 T
354.9233862 -22.5335595 7.30 T
354.9647903 -32.7453138 7.26 T
354.9872472 -28.9422800 7.54 T
355.0561687 -28.3596156 7.68 T
355.1099486 -26.2020061 7.66 T
355.1582876 -32.0734656 5.41 T
355.2542577 -37.8682349 7.82 T
355.2791487 -24.1605386 6.79 T
355.2856324 -32.0710729 7.19 T
355.5076237 -29.6242874 7.96 T
355.7593646 -29.0440784 7.40 T
355.7799851 -36.7849493 7.48 T
355.7944582 -23.6757132 7.72 T
355.8440610 -33.0828906 7.28 T
355.8854308 -22.9027146 7.93 T
355.9654149 -33.4278948 7.01 T
356.1209029 -26.2468214 6.28 T
357.2321499 -28.1309215 4.57 T
357.3308270 -27.8545721 7.01 T
357.4565007 -25.3314721 6.45 T
357.5634068 -29.4016061 7.96 T
357.8350651 -36.0350333 7.93 T
357.8674685 -32.4301762 7.77 T
357.9146586 -34.6917754 6.80 T
357.9527133 -33.4520683 7.92 T
357.9801423 -33.1220238 7.17 T
358.1702729 -24.9850834 6.91 T
358.3372064 -24.2293240 6.25 T
358.4344624 -29.3965684 7.62 T
358.4877496 -30.3572588 7.89 T
358.5875097 -27.0428818 7.41 T
358.5892893 -27.0429239 6.79 T
358.8192394 -31.9214508 6.06 T
358.8196930 -31.8842479 6.80 T
359.0300242 -21.9919985 7.44 T
359.1248066 -24.7371556 6.42 T
359.1353739 -29.5104208 7.92 T
359.2843676 -26.6232929 6.42 T
359.3703051 -36.7057172 7.53 T
359.4104273 -33.1889991 7.07 T
359.8661793 -29.4852057 5.77 T
359.8944046 -31.6880343 7.58 T
359.9321876 -24.6452970 7.90 T
8.3856659 -38.1134814 7.33 T
8.4013173 -26.0918299 7.47 T
8.4208050 -29.5584581 5.68 T
8.6690300 -37.9960267 7.53 T
8.7580239 -26.1257852 7.73 T
9.1792583 -27.4193346 7.98 T
9.3481822 -37.2883430 7.08 T
349.8496589 -36.1303931 7.91 T
350.9356275 -31.1107284 7.58 T
351.0067555 -27.2808001 7.77 T
351.1782025 -27.3538552 7.50 T
351.2419036 -22.5024286 7.79 T
351.5519889 -27.4245110 6.70 T
351.6481735 -21.7408539 6.55 T
353.2434352 -37.8180710 4.35 T
358.6608333 -40.3000000 6.03 B
