215.2110727 36.3923941 7.37 T
215.5580542 29.3697673 6.75 T
215.6587745 32.5033361 7.16 T
215.8632342 37.2068825 7.40 T
215.9677277 27.2706129 7.84 T
216.0082243 27.4131521 6.57 T
216.4769935 26.2650482 7.58 T
216.9927494 35.5766561 7.54 T
216.9946080 29.2639664 7.70 T
217.0683286 36.1970449 6.34 T
217.1309143 28.2894496 7.56 T
217.1388158 28.2905063 7.11 T
217.1918992 25.8538079 6.88 T
217.3655669 30.6800679 7.83 T
217.4568168 31.7912495 6.05 T
217.5302548 37.1444218 7.99 T
217.9567148 30.3721917 3.71 T
218.0761946 30.2602823 7.91 T
218.0838060 26.6771119 6.03 T
218.1347415 22.2603068 5.94 T
218.3344628 36.9585550 6.44 T
218.5495783 32.5345165 6.36 T
218.6602072 36.6257639 6.16 T
218.6714314 29.7459491 4.50 T
218.6834534 28.3938290 7.98 T
218.9696212 24.9383821 7.99 T
219.0285622 23.2505247 6.50 T
219.0642492 23.9844406 7.78 T
219.1002309 27.4850413 7.06 T
219.1347221 23.6212601 7.78 T
219.2245248 24.4630183 7.69 T
219.2807768 33.6780441 7.58 T
219.2865007 35.9297319 7.15 T
219.3958729 31.6148870 7.71 T
219.5714297 36.7256184 7.86 T
219.6674183 30.0150200 7.69 T
219.9974629 38.1105123 7.75 T
220.0773362 30.4435711 7.76 T
220.0910189 21.9761265 6.17 T
220.1838502 31.2895396 7.97 T
220.2416185 38.1517518 7.46 T
220.3433167 29.0577529 7.88 T
220.4405385 24.5381953 7.71 T
220.6650614 36.7567104 7.29 T
220.8555773 26.5277561 5.00 T
221.2324798 30.2948568 7.68 T
221.2464672 27.0742928 2.58 T
221.3001055 34.3760535 7.95 T
221.3074586 32.7879208 6.46 T
221.5600130 36.4304274 7.85 T
221.8379615 35.5677287 7.65 T
221.9131970 24.0977295 7.62 T
221.9578766 35.6547888 7.59 T
222.0966523 24.3672574 6.58 T
222.0966523 24.3672574 7.48 T
222.1061988 22.3986151 7.88 T
222.2760978 37.8118693 6.18 T
222.3116697 25.1508144 6.83 T
222.4296457 23.0322966 7.17 T
222.4841198 24.7205256 6.77 T
222.4934502 28.6158300 5.79 T
222.5668650 23.9120293 5.93 T
222.6218568 37.2726476 5.59 T
222.6677988 22.9072268 7.57 T
223.1216227 23.8015082 7.37 T
223.1822934 31.9249388 7.00 T
223.2206540 26.4650311 7.27 T
223.2230007 32.6909231 6.91 T
223.5744017 32.0170853 7.06 T
223.6481195 30.0637721 6.88 T
223.7252181 23.5929315 7.63 T
223.8287774 32.8237915 7.34 T
223.9722828 36.4299369 7.78 T
223.9937375 32.3000445 6.14 T
224.0019539 24.3858645 6.95 T
224.2784714 35.4899382 7.41 T
224.3460968 25.3237984 7.40 T
224.4228816 24.6742206 7.11 T
224.5532934 26.8169553 7.60 T
224.7019862 24.1698432 7.18 T
224.7067177 25.0479699 7.44 T
224.9313303 35.1006979 7.86 T
224.9680238 27.1605899 7.74 T
225.1071891 31.6157625 7.64 T
225.2177916 22.0456306 6.42 T
225.5270763 25.0078373 4.96 T
225.6220450 33.2743449 7.26 T
225.6276061 31.6839789 6.85 T
225.7749193 35.2058524 5.63 T
225.7766805 28.2672843 7.06 T
225.9020152 34.5655913 6.69 T
225.9552294 27.0811033 6.94 T
225.9553553 26.0385933 7.34 T
226.0670018 29.0785144 7.88 T
226.1101898 26.9476202 4.65 T
226.1934534 22.4147756 7.84 T
226.6459532 36.4563228 6.41 T
226.7762893 33.9649473 7.93 T
226.8143786 22.5641312 7.90 T
226.8222155 22.9082261 7.29 T
226.8265501 24.8681731 4.97 T
226.9380890 32.2592021 7.85 T
227.0021623 28.5183627 7.32 T
227.0765055 33.7065949 6.80 T
227.0991269 26.3010513 5.81 T
227.1481665 25.1086306 5.94 T
227.2384990 33.2655694 7.28 T
227.3730275 24.6762227 7.46 T
227.6621101 33.0788700 7.03 T
227.7186591 30.6722698 7.89 T
227.7229290 29.2289993 7.30 T
227.9883432 36.7548704 7.37 T
228.0166976 22.3132562 6.82 T
228.1431773 35.9715454 7.90 T
228.3831377 22.9840118 6.31 T
228.3982118 38.2644061 6.33 T
228.5254886 31.7876594 6.16 T
228.6209917 29.1644767 5.28 T
228.8763116 33.3141393 3.56 T
228.9104127 33.3202381 7.89 T
228.9226686 25.6425160 6.95 T
229.0869367 37.0696907 7.17 T
229.3644327 22.3002691 7.91 T
229.4712421 33.5943325 6.75 T
229.4988085 30.8324569 6.97 T
229.5472498 31.6469831 7.82 T
229.5847732 26.8408161 7.32 T
229.5847732 26.8408161 7.41 T
229.7137436 29.9176951 7.87 T
229.8749126 32.5149301 6.34 T
230.0348088 29.6159520 5.62 T
230.2073550 31.4809766 6.95 T
230.2784780 24.9578907 6.50 T
230.3936348 24.3433106 7.25 T
230.4520292 32.9337813 5.36 T
230.5553927 25.2441360 7.66 T
230.6056298 25.6240972 7.39 T
230.6340297 34.2297832 7.41 T
230.6918048 28.0570352 7.48 T
231.0760152 38.1870389 7.69 T
231.1214629 37.3777039 4.33 T
231.1274353 37.3480149 7.09 T
231.1274353 37.3480149 7.63 T
231.3066939 24.8163575 7.93 T
231.4986254 32.4739086 7.13 T
231.5715693 34.3363694 5.62 T
231.6256780 28.1274111 7.62 T
231.9120056 25.1015468 6.20 T
231.9559164 29.1062301 3.67 T
232.1790753 27.1388885 7.69 T
232.4753984 23.8170667 7.61 T
232.5438056 23.7551969 7.62 T
232.5848345 27.6582954 7.89 T
232.5947419 31.2858228 6.48 T
232.6153193 36.8047707 6.65 T
232.6917862 34.4655987 6.81 T
232.8428744 36.6164240 6.45 T
233.0124479 22.5698268 7.65 T
233.2322812 31.3590911 4.14 T
234.0513975 35.7049233 7.57 T
234.2232455 29.9908427 6.50 T
234.5383173 38.0280675 7.62 T
234.5533696 36.2471306 7.85 T
234.6770536 31.5518340 7.25 T
234.7034971 34.6749386 6.25 T
235.1083005 37.5170088 7.08 T
235.1258005 37.0169491 7.17 T
215.0362500 30.4291667 6.44 B
218.6700000 29.7450000 4.46 B
222.2779167 37.8111111 6.16 B
224.2650000 21.5552778 6.49 B
224.9037500 39.2652778 5.64 B
225.4866667 40.3905556 3.50 B
230.8012500 30.2877778 5.58 B
