317.2636319 26.9899837 7.99 T
317.6291101 22.4570619 7.42 T
317.6338070 22.4545527 6.65 T
317.8592900 27.5534782 7.77 T
317.9951731 17.7221251 7.43 T
318.3702104 15.9822132 6.28 T
318.5481445 26.2603730 8.00 T
318.6925099 16.4791215 6.97 T
318.9254193 16.7270821 7.06 T
318.9667484 19.7142296 7.35 T
318.9669192 11.4784670 7.51 T
318.9877598 25.4336011 7.09 T
319.0709301 26.3502945 7.23 T
319.2280860 13.9531962 7.56 T
319.3856201 22.5413798 7.26 T
319.4233234 20.0061574 7.57 T
319.4713262 14.5386938 7.98 T
319.4859865 17.6282141 7.86 T
319.5442688 22.1140026 7.24 T
319.6331315 17.9877085 7.39 T
319.6454743 11.5684718 7.08 T
319.6646491 24.6593684 6.72 T
319.7169145 11.2034813 6.15 T
319.7966370 17.8217842 6.73 T
320.0586752 22.0262091 6.26 T
320.0833302 16.8120668 7.62 T
320.1108440 12.1412748 7.60 T
320.2699688 23.8552230 5.70 T
320.3453060 22.8893193 7.36 T
320.5143869 19.8116018 7.56 T
320.5223748 19.8049012 4.20 T
320.7254087 18.0618787 7.72 T
320.8975027 14.0501285 6.74 T
320.9960463 24.2742570 5.73 T
321.0313193 25.3124938 6.20 T
321.0966334 24.5283158 6.46 T
321.1420346 26.1745884 5.70 T
321.2005420 25.8804397 7.06 T
321.2490116 27.4179737 6.98 T
321.2895487 18.4625792 7.74 T
321.3169610 24.4914854 7.87 T
321.3852890 11.6505255 7.68 T
321.5309581 18.0650858 6.82 T
321.6116273 19.3757502 6.09 T
321.6573989 20.7125875 7.68 T
321.6714589 13.6882853 7.38 T
321.7770350 16.1235514 6.78 T
321.9172066 27.6087169 5.38 T
321.9508409 21.7360572 7.25 T
322.1762764 25.9212570 6.70 T
322.1766831 24.6702476 7.51 T
322.1814867 26.5702853 7.86 T
322.2493063 22.1794999 6.08 T
322.2495944 17.9059241 6.56 T
322.4872216 23.6388548 4.70 T
322.5284302 18.5784363 7.45 T
322.5344824 12.2697917 7.68 T
322.7902337 12.1373773 6.09 T
322.9590059 23.8451982 6.54 T
322.9638333 25.2184200 7.97 T
323.1127390 23.3945951 6.67 T
323.6416285 22.7541863 6.51 T
323.6915459 18.3290112 6.61 T
323.6956985 19.9363420 7.01 T
323.7205515 18.9168572 7.99 T
323.8002177 21.4040789 7.45 T
323.8627114 24.4521033 6.25 T
323.8720515 18.9670514 8.00 T
323.9688965 23.9648661 7.39 T
324.0204523 15.0814485 6.62 T
324.2631916 19.7824060 7.37 T
324.2773694 11.7195563 7.25 T
324.4235892 15.2157712 7.54 T
324.4399484 19.3187005 5.49 T
324.6881455 25.4988312 6.31 T
324.7557715 20.2654421 5.80 T
325.2782256 26.7501048 7.52 T
325.3452778 21.9439446 6.99 T
325.4101962 21.6019126 7.05 T
325.4994120 18.9385323 7.38 T
325.7277348 23.3216682 7.10 T
325.7887335 25.5250292 7.70 T
325.8272051 12.5178868 7.90 T
325.8739692 19.6350127 7.45 T
325.9919733 22.8150507 6.57 T
326.0075772 19.3544672 7.99 T
326.0361865 25.1788936 7.85 T
326.0906793 17.0452088 7.93 T
326.1279528 17.3499506 4.45 T
326.1320374 14.7712274 6.02 T
326.1616072 25.6451029 4.18 T
326.3383310 26.9995542 7.30 T
326.4853543 25.5833861 6.55 T
326.5182428 22.9488698 5.42 T
326.5894449 22.9462323 7.66 T
326.6009099 25.5638374 6.41 T
326.6200184 22.1744463 7.09 T
326.6806829 19.4770708 7.56 T
326.6928631 13.7196391 6.70 T
326.7705150 17.1939506 6.21 T
326.7905308 24.1450973 7.66 T
326.8050755 22.0246863 7.51 T
327.1956058 22.4277123 7.19 T
327.2310743 25.7098658 8.00 T
327.3401489 15.7611938 6.94 T
327.3619712 20.4624524 6.25 T
327.5346772 19.4240623 7.24 T
327.5518335 25.5960895 7.31 T
327.6357095 21.9429842 7.37 T
327.8928556 19.8267756 5.75 T
327.9171425 19.3069037 6.92 T
327.9281087 12.0356791 7.63 T
328.0758638 21.2733186 6.56 T
328.0862220 24.0121602 7.69 T
328.2084632 13.4887068 7.47 T
328.2437164 15.9322660 7.02 T
328.2657653 25.9251401 5.05 T
328.4058605 19.6685308 5.68 T
328.5723499 19.7180637 6.45 T
328.5785968 19.7159272 7.99 T
328.5918607 12.7509871 6.61 T
328.7243391 15.2253468 7.77 T
328.8376527 20.8488874 6.79 T
329.0205906 24.3397786 7.97 T
329.0999476 21.2399504 6.59 T
329.1501383 21.1614742 6.97 T
329.2347016 12.0764080 5.54 T
329.4060216 11.9472560 7.51 T
329.4137896 20.3022215 7.27 T
329.4482648 19.8779969 7.50 T
329.6141136 14.0218183 6.68 T
329.7492312 19.0201048 6.61 T
330.0278296 26.7838554 7.73 T
330.2726626 13.1194642 5.64 T
330.2977540 26.8301846 7.30 T
330.4308954 26.3780096 7.50 T
330.5302757 11.5681677 7.84 T
330.6277246 23.5783158 7.48 T
330.6605140 15.9863675 6.68 T
330.7292843 15.7824036 7.30 T
330.7950851 18.8842225 7.70 T
330.8294051 11.3865262 5.81 T
331.0696711 16.2704747 7.75 T
331.0938302 13.6479443 7.77 T
331.0938302 13.6479443 7.89 T
331.1252591 15.8573576 7.95 T
331.1365482 25.6584261 7.22 T
331.2448684 22.6367249 7.52 T
331.2643241 14.8158042 6.60 T
331.2974222 26.6738812 5.89 T
331.3001983 12.6049561 7.53 T
331.3850186 17.5102330 7.62 T
331.6025627 25.1513262 7.28 T
331.6413139 12.4454130 7.25 T
331.6745453 16.7495877 7.82 T
331.7445919 26.6228087 7.37 T
331.7548329 25.3452752 3.81 T
331.8699482 19.4757450 5.77 T
331.8750177 18.0005199 6.52 T
331.9592985 21.7025023 5.77 T
331.9922821 13.0692473 7.82 T
332.0378475 17.5586075 7.13 T
332.0716296 25.5432980 6.11 T
332.0778505 24.1562609 6.65 T
332.2100497 22.1387262 7.29 T
332.4151620 22.2420808 7.58 T
332.5091850 23.1258809 7.39 T
332.5798613 19.6157429 6.26 T
332.5919220 14.6296952 6.48 T
332.6113335 18.7969205 7.65 T
332.6156177 16.7080478 7.73 T
332.6257382 20.9779266 6.45 T
332.6556656 11.6242105 5.96 T
332.8111524 27.7365806 7.27 T
332.8118033 17.7394904 7.97 T
332.9638621 16.0404425 6.04 T
333.0338078 24.9506611 6.10 T
333.2917676 18.2795830 6.65 T
333.2975906 25.9396759 6.71 T
333.3063774 27.3184849 7.29 T
333.3592452 24.0268683 7.93 T
333.5761475 17.1887573 6.65 T
333.7005196 24.3150770 7.05 T
333.7024143 22.5233639 6.73 T
333.8610921 18.6031249 7.77 T
334.0027624 11.7598995 7.29 T
334.1673530 12.9203029 7.58 T
334.1676048 22.8959143 6.94 T
334.2935644 22.3873610 7.62 T
334.3185533 12.8991081 7.11 T
334.3185846 15.0463955 7.19 T
334.3542349 26.3870018 7.23 T
334.4468781 26.9364675 6.81 T
334.5174953 13.9502387 6.95 T
334.5236792 16.3887428 7.88 T
334.6880220 25.7740624 7.72 T
334.6965605 19.9617993 6.97 T
334.7189399 16.2579365 6.92 T
334.7805779 27.6817106 7.51 T
335.2503405 26.9351373 6.69 T
320.2683333 23.8558333 5.57 B
325.6375000 10.8247222 6.09 B
326.0466667 9.8750000 2.39 B
326.0358333 28.7427778 4.73 B
326.1304167 14.7719444 5.94 B
327.5362500 17.2855556 5.29 B
335.9150000 20.8483333 6.04 B
