321.7299420 63.5855208 7.64 T
321.9420918 66.8089697 5.39 T
321.9608141 64.0140864 7.44 T
322.0205524 62.0964365 6.80 T
322.2618082 61.4331472 7.15 T
322.3361618 67.0511701 6.93 T
322.4433583 60.3786376 7.46 T
322.6499272 61.8841638 7.80 T
323.4100593 60.3351722 7.61 T
323.4872019 61.8003400 7.76 T
323.5304772 65.7397734 7.90 T
323.5447045 63.7512836 7.31 T
323.5483994 64.0045910 7.89 T
323.8070055 65.5876484 7.96 T
324.4115205 58.7582896 7.68 T
324.7941591 71.3083327 7.18 T
325.3399505 69.6928616 7.89 T
325.4826991 71.3120180 4.66 T
325.6660674 63.7208792 6.94 T
325.6889840 59.2708554 6.24 T
325.7659599 72.3198307 5.29 T
325.8769821 58.7800196 4.27 T
326.2219395 62.4605538 5.97 T
326.3659624 72.1662095 7.50 T
326.4265283 62.3083189 7.51 T
326.7533290 70.1507254 6.44 T
326.8552936 60.6926804 5.70 T
326.9157718 59.7003560 7.34 T
327.2831770 66.7915855 6.53 T
327.7424710 61.6167103 7.74 T
327.9052254 65.7524693 7.01 T
327.9052254 65.7524693 7.28 T
327.9484975 61.9428880 7.43 T
327.9520740 59.9305608 7.75 T
328.0724905 72.4899472 7.14 T
328.1464286 62.7121614 6.73 T
328.1964612 73.7024116 6.65 T
328.2728876 68.4986714 7.49 T
328.2846454 69.6965690 7.37 T
328.3000252 71.9896204 6.99 T
328.4503536 62.6144100 7.07 T
328.4720848 62.6002044 7.91 T
328.4747214 63.7372255 7.60 T
328.6796152 67.7539348 7.00 T
328.8092914 65.7243214 7.27 T
328.8792987 65.3208092 6.00 T
328.9732602 63.2609010 7.29 T
328.9865853 59.8331429 7.79 T
329.0666979 62.8946133 7.67 T
329.1141075 59.7951317 7.20 T
329.1630363 63.6255440 5.36 T
329.2242869 65.5934843 7.52 T
329.2670026 66.0297033 7.36 T
329.2963742 66.1561513 6.38 T
329.3236108 61.2952831 7.03 T
329.7474428 61.6621547 7.10 T
329.8108990 73.1788922 5.09 T
329.8318821 60.2976577 7.69 T
330.1636024 62.4877879 6.73 T
330.3571567 61.5560970 7.79 T
330.5776390 61.0946939 7.95 T
330.7068954 66.0644045 6.76 T
330.9508369 64.6285236 4.45 T
330.9712528 63.1202716 5.47 T
330.9743502 59.8145792 6.73 T
331.0536908 59.8671810 6.96 T
331.0714259 59.8303694 7.84 T
331.0836394 58.7820304 7.62 T
331.1858632 61.3379266 7.19 T
331.2522771 62.7860345 5.43 T
331.3082483 63.5784247 7.03 T
331.7899440 58.8405767 6.44 T
331.7971333 72.3731297 6.86 T
331.8094768 68.3024849 7.57 T
331.8101399 70.6942303 7.12 T
332.0719332 69.9823462 7.86 T
332.1171339 62.7310484 7.85 T
332.1420820 59.2938098 7.98 T
332.1503317 59.2895281 7.14 T
332.1899416 61.0224059 7.33 T
332.4352997 64.1223563 6.98 T
332.4524839 72.3412198 4.89 T
332.5636188 72.1111281 6.34 T
332.6162191 65.5236796 7.69 T
332.6603901 70.1327028 5.56 T
332.7138032 58.2012869 3.51 T
332.7480557 63.3994870 7.54 T
332.9886328 59.0850770 6.41 T
333.0083795 60.7591950 5.49 T
333.0935855 63.2909365 5.97 T
333.2202812 73.3073221 6.19 T
333.2250632 68.9833698 7.41 T
333.2920405 59.2995730 7.23 T
333.4570220 63.1622813 6.11 T
333.7706829 59.1141685 7.16 T
334.0779315 62.3159713 7.11 T
334.3010109 66.1290037 7.09 T
334.5533044 62.8044457 5.88 T
334.8572550 60.1477765 7.03 T
334.8812456 64.7882522 7.42 T
335.1614997 58.4100422 6.56 T
335.2410168 66.9652719 7.37 T
335.4662093 63.1400670 6.96 T
335.7523978 62.4194442 6.04 T
335.9595243 58.5343512 7.12 T
336.0620081 71.3010256 7.60 T
336.1367694 71.0466806 7.45 T
336.5037989 70.7709149 5.61 T
336.5545170 69.0434888 7.14 T
336.7248440 73.5747283 7.89 T
336.7721466 65.1322489 5.55 T
336.7950674 61.9117232 6.72 T
336.8363075 63.9563993 7.33 T
336.9721778 70.8017175 7.71 T
337.0813723 64.0849371 6.41 T
337.2887032 58.4041319 6.11 T
337.2929489 58.4152330 4.21 T
337.3776335 70.4358562 7.30 T
337.5015844 70.1714394 7.14 T
337.6360242 61.6237346 7.00 T
338.2642964 69.9139368 6.06 T
338.2813730 68.5050742 7.77 T
338.3208751 70.3737928 6.32 T
338.4717275 61.7782175 6.57 T
338.7498640 60.8262384 7.13 T
338.9460676 73.6433468 5.11 T
339.3300671 69.2086368 7.35 T
339.5454802 66.1440105 7.38 T
339.6626732 63.5843547 5.20 T
339.7734048 58.9274927 7.06 T
340.3606994 73.2570535 7.67 T
340.6631568 65.6814024 7.92 T
340.7683835 65.3362370 6.75 T
340.8576353 62.6714276 6.83 T
341.8469149 58.4830740 6.32 T
341.9705888 65.0621492 6.93 T
342.1845885 62.9381264 6.20 T
342.2555473 68.5705918 6.91 T
342.2584515 68.5713776 7.02 T
342.4009794 66.5537785 7.26 T
342.4190500 66.1996324 3.61 T
342.8454067 61.6970227 6.03 T
342.8454067 61.6970227 7.08 T
342.8729765 62.9718760 6.73 T
342.8906628 59.0085042 7.30 T
343.1270638 67.9939626 7.58 T
343.1749948 58.8065158 7.90 T
343.1775322 67.9905183 7.02 T
343.5280583 74.6119134 7.56 T
343.8545775 70.2972780 7.51 T
344.0142906 58.1958618 7.05 T
344.0548049 72.8372663 7.43 T
344.2341077 59.9617104 7.21 T
344.4497547 73.1333338 6.65 T
344.6385350 63.7067201 7.43 T
344.6657510 63.0771566 7.46 T
344.7875987 59.8146311 6.45 T
345.6049698 59.8526686 6.99 T
345.6557816 59.6050384 7.33 T
345.8396815 58.5637311 6.53 T
345.8489123 60.4453968 6.73 T
345.8873623 67.2092761 5.37 T
346.1360280 63.2408920 6.74 T
346.5373657 63.2127800 7.49 T
346.6193393 61.4399970 6.80 T
346.7915903 60.8323883 7.73 T
346.7936587 59.7273822 6.41 T
346.9253393 65.6167929 7.03 T
346.9884843 64.2225059 6.33 T
347.3182525 65.2113988 6.66 T
347.4338971 59.3327023 5.72 T
347.4829756 67.2421579 6.65 T
347.6034976 64.5295381 7.07 T
348.0066753 64.7192176 7.31 T
348.1419623 64.8025199 7.30 T
348.6555129 74.2313051 5.88 T
348.7274624 65.4234931 7.28 T
348.8689344 64.2666838 7.17 T
348.9075388 70.8880550 5.58 T
349.0982881 64.1162461 7.45 T
349.1127228 61.9629113 6.57 T
349.6571011 68.1116259 4.97 T
349.9178519 73.9241423 7.63 T
349.9567359 59.6333523 7.89 T
350.0027071 61.1498295 6.94 T
350.0111335 64.8484662 7.28 T
350.0867118 60.2747459 6.70 T
350.3000281 64.7406653 7.39 T
350.5120537 64.5196013 7.98 T
350.6356535 60.1334794 5.72 T
350.9658680 65.3432217 7.01 T
351.2095977 62.2827246 5.16 T
351.5497965 70.6856354 6.68 T
351.8214986 70.3597618 5.61 T
351.9307111 74.1195415 7.63 T
351.9756501 59.6952162 7.59 T
352.4680396 58.5484736 7.23 T
352.8560359 59.1662314 6.84 T
353.1216085 72.0008396 6.74 T
353.5342372 72.9145857 7.40 T
319.8425000 64.8719444 5.18 B
324.4800000 62.0819444 4.73 B
326.3620833 61.1208333 4.29 B
327.3291667 61.2727778 6.17 B
328.7216667 56.6113889 5.80 B
328.8362500 61.5419444 6.13 B
329.7225000 62.6983333 5.93 B
329.8458333 57.6583333 6.59 B
330.5191667 58.0005556 5.56 B
330.9475000 64.6277778 4.29 B
331.2870833 62.2800000 5.11 B
331.5562500 56.3430556 6.39 B
332.8779167 59.4144444 5.04 B
332.9533333 56.8394444 5.24 B
332.6620833 70.1327778 5.50 B
333.7583333 57.0436111 4.19 B
334.1104167 57.2202778 5.88 B
338.2620833 69.9136111 6.60 B
338.9420833 73.6430556 5.08 B
342.2529167 68.5702778 6.19 B
346.9487500 63.6333333 6.26 B
346.9745833 75.3875000 4.41 B
349.3287500 75.2991667 6.38 B
351.8191667 70.3597222 5.60 B
353.7458333 71.6422222 5.84 B
354.7933333 75.2927778 5.95 B
354.8379167 74.0027778 5.98 B
356.6529167 66.7822222 5.95 B
356.9783333 67.8069444 5.04 B
357.9900000 77.5994444 6.55 B
358.1045833 75.5447222 6.39 B
