147.3663257 -37.1867130 6.08 T
147.4637982 -36.2684553 6.47 T
147.6309764 -36.2617191 7.68 T
147.9078580 -38.1886432 7.85 T
147.9821778 -32.9799890 7.30 T
148.2397991 -27.3315710 6.36 T
148.4795266 -33.2348608 7.75 T
148.5213014 -27.9990177 7.15 T
148.5500613 -25.9319966 5.01 T
148.6204831 -37.2903698 7.57 T
148.6323960 -22.4874614 6.22 T
148.6351803 -34.9069156 7.28 T
148.7947032 -33.6906539 7.34 T
148.7993856 -33.3634809 7.54 T
149.0649120 -31.0915026 6.92 T
149.1481421 -33.4183644 5.96 T
149.1946651 -26.5494490 6.31 T
149.2248525 -27.4750064 6.33 T
149.2445242 -34.8255381 7.45 T
149.3191391 -32.8578500 7.19 T
149.3471713 -27.3044244 7.99 T
149.5581700 -25.1310939 6.78 T
149.6819217 -29.3047761 7.12 T
149.7171290 -35.8910771 5.26 T
149.7761168 -23.9507487 6.14 T
150.0229720 -36.0428644 7.43 T
150.0566395 -35.3133155 7.86 T
150.2948131 -23.1463870 7.75 T
150.3154413 -22.7648779 7.83 T
150.4343720 -23.8068900 6.91 T
150.5013857 -34.1734390 7.12 T
150.7052842 -30.5773491 6.67 T
150.8479099 -33.2382904 6.75 T
150.9157045 -26.9093960 7.43 T
150.9232987 -25.3166844 6.71 T
151.0738027 -28.3788603 7.37 T
151.0864429 -24.2853869 5.74 T
151.2040582 -28.1886218 6.96 T
151.2999067 -28.1970138 6.96 T
151.3136052 -36.3844735 6.39 T
151.3604993 -34.8826732 6.71 T
151.3856400 -33.3922868 7.02 T
151.4383587 -30.8917831 6.74 T
151.6674462 -23.1396127 7.87 T
151.7103820 -24.7160154 7.93 T
151.7103820 -24.7160154 7.95 T
152.0066549 -37.3333730 6.44 T
152.0076262 -32.0593832 7.61 T
152.0957048 -35.0136670 7.22 T
152.1555435 -31.1027689 7.95 T
152.3789775 -35.8567028 6.22 T
152.3809279 -32.8464266 7.52 T
152.4392397 -37.7321672 7.62 T
152.9544298 -34.3343218 6.70 T
153.0115796 -28.6059499 6.28 T
153.0624428 -33.9113859 7.84 T
153.1980207 -29.4990731 7.46 T
153.2100314 -32.5156132 7.20 T
153.3306553 -27.0286855 6.25 T
153.3502867 -33.0313110 6.43 T
153.5371783 -23.8138754 6.56 T
153.6771532 -30.8174997 7.81 T
153.8367470 -36.5176689 6.28 T
153.9328871 -31.2015918 7.87 T
154.0153962 -28.6135907 7.30 T
154.0784713 -28.9786226 7.79 T
154.0908329 -36.9078771 7.53 T
154.2153900 -34.1272807 7.40 T
154.2553240 -29.6699624 7.98 T
154.3892542 -23.8762451 7.42 T
154.5315235 -28.9919327 5.54 T
154.6454187 -35.7659967 7.70 T
154.6574566 -36.8044948 6.45 T
154.7094362 -23.1813387 7.70 T
154.7945990 -34.6163083 6.73 T
154.8084225 -37.6323180 7.90 T
154.9134027 -30.9955782 7.49 T
155.0495200 -31.5828467 7.44 T
155.0548692 -23.1024687 7.59 T
155.0568439 -33.1286570 7.55 T
155.1410994 -31.8133739 6.61 T
155.3396036 -25.3730318 6.81 T
155.3690948 -23.7107262 6.49 T
155.3991692 -22.5284727 6.70 T
155.4601800 -24.4358404 7.52 T
155.5907815 -29.5555482 7.55 T
155.7470873 -24.3338416 6.80 T
155.8047772 -30.1623371 6.29 T
155.8707905 -38.0101781 5.36 T
155.8745756 -26.0560552 7.20 T
155.8955760 -30.9258580 7.91 T
155.9800272 -29.6449210 7.01 T
156.0553248 -24.6060691 7.20 T
156.1081551 -25.5656369 7.19 T
156.2695461 -26.3580522 7.54 T
156.3484410 -29.1938151 6.79 T
156.7873334 -31.0677174 4.42 T
156.9481477 -34.3997133 7.59 T
157.0605985 -36.2203575 7.49 T
157.2788501 -38.0591792 7.33 T
157.3702921 -29.6637762 5.73 T
157.3712367 -33.4089618 7.82 T
157.3971820 -30.6070187 5.56 T
157.4118854 -22.2470554 7.42 T
157.4252473 -22.0443797 7.16 T
157.7136817 -26.4836876 6.57 T
157.7707531 -24.1799949 7.82 T
157.8754313 -35.1287793 7.37 T
157.9522655 -28.2371319 6.09 T
158.1027172 -23.6017584 7.62 T
158.2274094 -22.5276223 6.95 T
158.3721861 -36.0658993 7.73 T
158.5036160 -23.7450314 5.25 T
158.5548848 -24.3022140 7.93 T
158.5705717 -37.3867517 6.92 T
158.6748501 -22.2033754 7.71 T
158.7043186 -31.3468168 7.41 T
158.7397409 -23.1760361 6.15 T
158.8646426 -37.3613353 7.16 T
159.0186636 -26.6759912 6.68 T
159.0186636 -26.6759912 7.77 T
159.1054095 -26.7326277 7.80 T
159.1471621 -28.7717753 6.86 T
159.1492941 -33.2727461 7.14 T
159.1772232 -27.6562906 6.82 T
159.3033045 -31.7626513 6.92 T
159.3063923 -27.4125109 5.07 T
159.3987333 -23.3823024 7.47 T
159.4251572 -35.7200574 7.00 T
159.7904963 -25.8518248 7.24 T
159.8173999 -36.6770460 6.79 T
159.8316482 -37.4405493 7.85 T
159.9268845 -22.5306174 7.23 T
160.0003800 -23.6249953 7.83 T
160.2145473 -35.7416817 6.49 T
160.3762236 -35.7311504 6.81 T
160.4692156 -26.0467091 7.37 T
160.6102477 -33.6556254 7.73 T
160.6796894 -32.7156475 5.62 T
160.7180898 -23.5490392 6.90 T
160.7890069 -35.0043497 7.60 T
160.8247881 -31.7599648 6.66 T
160.8424982 -32.1372008 7.16 T
160.8662846 -29.0645985 7.81 T
161.1169122 -23.9853367 6.77 T
161.1625617 -38.1419844 7.75 T
161.1648863 -36.9307500 6.74 T
161.2111113 -35.3439774 7.90 T
161.3607088 -37.3922889 7.69 T
161.3867477 -25.0259964 7.41 T
161.4559595 -36.9434461 7.77 T
161.5354328 -23.4326121 7.73 T
161.6768106 -26.0478429 6.82 T
161.8595107 -37.5237192 7.89 T
162.0220462 -26.3984816 7.95 T
162.0585839 -31.6878442 5.86 T
162.2398667 -27.9177080 6.96 T
162.2534755 -31.0597223 7.54 T
162.2705342 -30.7507944 7.44 T
162.3124099 -26.8150528 7.80 T
162.3968048 -29.9945239 7.92 T
162.4804454 -35.8045087 7.34 T
162.4872888 -34.0581427 5.60 T
162.6092919 -33.8394824 7.64 T
162.6847801 -34.4864815 7.97 T
162.9115007 -22.0716543 7.94 T
163.2553414 -35.4890618 6.77 T
163.4494046 -32.3268200 7.93 T
163.4834515 -36.4568409 6.78 T
163.4941504 -26.7460450 7.49 T
163.7098371 -30.3344877 7.94 T
163.8679201 -26.9789776 7.21 T
163.9631492 -31.7862887 7.34 T
163.9746354 -35.1145973 7.45 T
164.1799688 -37.1385547 4.71 T
164.2167464 -31.2049917 7.46 T
164.4783593 -22.0208680 7.54 T
164.5450746 -35.6646740 7.98 T
164.6569563 -38.2061134 7.63 T
164.7675698 -34.8761136 7.84 T
164.8072754 -33.7379388 5.77 T
164.8505817 -26.7684545 7.66 T
164.9453046 -35.1431039 7.55 T
165.1693562 -31.8387089 6.11 T
165.1835948 -25.7173919 7.83 T
165.5032438 -37.8334678 7.69 T
165.6023582 -26.8323007 6.24 T
165.7706290 -25.5749279 6.74 T
165.8165970 -31.9610175 6.64 T
165.8191921 -27.5179671 7.72 T
165.9714949 -33.4446676 7.40 T
166.0691527 -36.7214326 7.14 T
166.2256715 -35.8046470 5.42 T
166.3011854 -30.4356116 7.61 T
166.3316007 -27.2936603 4.96 T
166.4901139 -27.2879652 5.70 T
166.6615661 -28.7277781 6.75 T
166.7179485 -30.5553613 6.80 T
166.7841625 -32.5873076 6.62 T
166.9731222 -30.1754044 6.57 T
152.3825000 -35.8566667 6.13 B
153.3533333 -33.0319444 6.38 B
158.8037500 -39.5627778 5.38 B
166.9766667 -30.1747222 6.54 B
167.0658333 -29.9727778 6.49 B
