122.1851409 -60.6257490 7.30 T
122.2507079 -61.3042119 4.79 T
123.8549941 -52.0606481 6.68 T
123.9699638 -46.3119755 6.66 T
124.1304854 -52.7599586 7.10 T
124.3315124 -47.9200353 6.85 T
124.3923986 -58.6973697 6.98 T
124.4816458 -59.1670021 6.50 T
124.5046708 -47.0918110 7.02 T
124.5208548 -60.3138208 7.29 T
124.7428449 -47.2109547 7.12 T
124.7731484 -48.1978022 6.41 T
124.9902404 -51.9415375 6.78 T
125.2516788 -52.2278550 6.65 T
125.2886099 -52.5875941 7.05 T
125.3003670 -57.9732058 5.94 T
125.6320451 -48.4903858 4.85 T
125.7295943 -52.1236069 5.89 T
126.1705704 -55.3642690 6.78 T
126.2886777 -55.4727984 6.60 T
126.3431041 -55.7484572 6.98 T
126.3760327 -58.1331907 6.64 T
126.3803760 -51.7273176 5.14 T
126.6046076 -52.8074898 6.05 T
126.6487238 -49.4971716 7.22 T
126.6902106 -48.9562151 7.34 T
126.7395049 -52.7052223 6.54 T
126.8646999 -55.0111373 6.51 T
126.9017256 -53.0883369 5.11 T
127.2698575 -47.9288294 5.51 T
127.3739976 -54.2116472 6.42 T
127.4015266 -55.1909978 6.43 T
127.4399067 -46.3316018 5.95 T
127.5661240 -51.1348878 7.02 T
127.7941630 -47.8665531 6.35 T
127.9093320 -62.3390079 7.39 T
127.9151477 -47.2409976 6.75 T
128.0203686 -53.2117938 6.13 T
128.0203686 -53.2117938 7.08 T
128.0973709 -49.6013081 6.92 T
128.1481170 -55.1234700 7.33 T
128.2240297 -47.6054871 6.61 T
128.2729917 -56.3965914 7.45 T
128.5398121 -53.0714504 6.76 T
128.6207276 -51.0930938 6.54 T
128.6815031 -49.9440854 5.13 T
128.7919965 -54.2061004 7.03 T
128.8145696 -58.2246635 5.21 T
128.8327565 -58.0090752 4.96 T
128.9666524 -50.9695817 5.76 T
129.0092862 -46.5015869 7.26 T
129.1780319 -47.9983401 7.36 T
129.4164312 -46.2826540 6.87 T
129.6864170 -53.0902504 6.42 T
129.8045799 -60.3171635 6.76 T
129.8490528 -53.4396216 5.42 T
129.9897247 -53.0545990 5.14 T
129.9964488 -59.5468844 6.76 T
129.9971107 -53.2608122 7.20 T
130.0346446 -51.9415111 7.42 T
130.0725151 -53.0152646 5.52 T
130.0730108 -52.9217553 3.54 T
130.1541770 -59.7609612 4.29 T
130.1564894 -46.6487177 3.88 T
130.1812544 -57.5452924 6.54 T
130.2019306 -52.8018113 7.26 T
130.2224761 -48.2255032 6.90 T
130.2721117 -48.9226617 5.85 T
130.3046517 -47.3170701 4.78 T
130.5412223 -52.9675425 7.36 T
130.5674446 -48.0990838 5.44 T
130.5789161 -53.0999181 5.45 T
130.6055155 -53.1138335 4.79 T
130.6178228 -47.5216179 6.76 T
130.6450932 -48.1635691 7.22 T
130.6964862 -46.8067059 6.95 T
130.8193453 -47.8065774 7.33 T
130.8768698 -61.6892272 6.82 T
130.9177493 -49.8227790 5.10 T
130.9478722 -46.7989618 7.12 T
131.0403636 -47.1160553 7.20 T
131.2709900 -58.7238659 6.93 T
131.2729458 -58.7242900 6.87 T
131.4320564 -55.8540675 6.79 T
131.5808015 -47.5498319 6.89 T
131.6771773 -56.7697364 4.45 T
131.8284971 -46.1553781 5.81 T
132.0006600 -52.8500055 6.25 T
132.0030709 -49.5752678 6.76 T
132.6393904 -46.5291705 5.07 T
132.9019554 -57.6334778 5.57 T
132.9396021 -55.8088200 6.68 T
133.0906658 -56.2420484 7.17 T
133.1027945 -55.3416052 6.86 T
133.1606937 -48.3590974 5.87 T
133.1696491 -52.1288597 6.63 T
133.1990204 -47.3943547 6.79 T
133.2654928 -56.6492786 6.00 T
133.4526017 -60.3538478 5.75 T
133.4607490 -47.5208854 5.34 T
133.7249394 -58.2395676 6.34 T
133.7614909 -60.6443633 3.80 T
133.7993617 -54.9663405 5.75 T
134.0801049 -52.7234132 4.70 T
134.2432920 -59.2292811 4.87 T
134.2643703 -59.2265523 6.58 T
134.3701698 -50.7495154 7.10 T
134.4813419 -48.5728402 6.00 T
134.7173784 -47.2343477 5.18 T
134.8486331 -59.0819512 5.21 T
134.9388956 -51.5035950 7.19 T
135.1581922 -51.5555638 6.69 T
135.1905315 -60.9637931 5.92 T
135.3815048 -49.5793156 7.40 T
135.4354892 -52.1886373 5.28 T
135.7720192 -53.5503384 6.37 T
136.0239749 -47.4413943 6.41 T
136.0382517 -47.0978051 3.87 T
136.1366899 -56.3410206 7.11 T
136.1995573 -57.8523831 6.48 T
136.2078729 -46.8157309 6.89 T
136.3770677 -50.2868459 7.24 T
136.6416871 -55.8023655 6.06 T
136.7135256 -60.2614679 7.36 T
137.1668818 -54.3703966 7.42 T
137.2225566 -53.5933933 6.83 T
137.3115728 -59.2700672 7.13 T
137.4375019 -49.4245844 6.50 T
137.4699535 -47.4761617 6.79 T
137.5255782 -49.2897176 6.99 T
137.7418779 -58.9668006 3.38 T
137.8191467 -62.3168866 3.92 T
137.8860877 -57.9684174 6.59 T
137.8890303 -46.5838888 5.74 T
137.9075310 -54.0369377 6.71 T
138.2105358 -60.9166528 6.35 T
138.2318837 -59.4138207 5.62 T
138.2861159 -53.5047496 7.24 T
138.3933413 -47.3383228 5.89 T
138.4662055 -61.2797170 6.98 T
138.5745855 -55.5694374 5.36 T
138.6975748 -55.6408589 7.14 T
138.8232870 -58.3883697 5.98 T
139.0499793 -57.5415638 4.52 T
139.5242519 -51.0507650 5.24 T
139.6764255 -51.5606246 5.94 T
139.7885987 -56.3653956 6.83 T
139.8851604 -55.1864264 6.25 T
140.0042225 -46.9503480 7.24 T
140.1325106 -61.9930009 6.88 T
140.2365263 -62.4046341 4.90 T
140.3928754 -60.8304394 7.39 T
140.4578181 -55.5142065 5.63 T
140.8555505 -48.2869183 6.24 T
140.9154440 -46.9087091 6.17 T
140.9971930 -51.7370616 6.14 T
141.0228995 -61.6491929 6.11 T
141.3620665 -61.9502231 5.79 T
141.4957323 -56.0892863 7.32 T
141.5746252 -53.3788283 5.07 T
141.6158703 -54.8743287 7.14 T
141.6958964 -59.5787160 6.50 T
141.7453071 -48.6940076 6.80 T
141.9887200 -53.5173844 6.78 T
142.1953848 -62.2729638 6.03 T
142.3177825 -52.4245154 7.23 T
142.3870141 -62.3607890 6.55 T
142.5210919 -51.5171003 5.42 T
142.8051135 -57.0343419 3.33 T
142.8287470 -47.9524448 6.55 T
142.9732632 -56.9888519 7.13 T
143.0126112 -61.2349219 7.26 T
143.1378447 -57.5215462 7.29 T
143.1712981 -54.8307365 7.16 T
143.1954784 -57.0942640 7.12 T
143.4353762 -49.0051199 5.54 T
143.4353762 -49.0051199 6.19 T
143.5365568 -51.2552254 4.97 T
143.6109086 -59.2297160 4.08 T
144.1058367 -48.7512381 6.26 T
144.2051513 -49.3547978 4.36 T
144.3024642 -53.6684655 5.54 T
144.3798064 -59.8897958 6.92 T
144.5132593 -54.2190407 6.86 T
144.8369958 -61.3279401 4.49 T
144.8605746 -54.7533539 6.80 T
145.1770042 -57.9834980 5.33 T
145.2333469 -54.9834133 6.89 T
145.2600245 -57.2597853 5.91 T
145.4495832 -55.2137338 5.96 T
145.8647881 -51.2281089 6.15 T
145.9252631 -53.8910789 5.54 T
146.1553939 -48.5488070 6.66 T
146.3115651 -62.5078438 3.90 T
146.3224518 -54.2473627 6.92 T
146.4189523 -57.1859889 6.45 T
146.4808611 -58.7933870 6.26 T
146.6101392 -59.3526274 6.86 T
147.6574409 -60.5275510 7.15 T
149.4551692 -61.9318092 7.03 T
120.3454167 -54.5150000 6.10 B
122.3900000 -56.0855556 5.66 B
125.6283333 -59.5097222 1.86 B
127.8733333 -54.3941667 6.34 B
129.3283333 -62.8536111 5.47 B
130.5870833 -55.7741667 6.29 B
131.1758333 -54.7083333 1.96 B
131.5070833 -46.0416667 3.91 B
131.6275000 -45.9127778 5.46 B
132.4487500 -45.3080556 4.93 B
133.8304167 -45.0416667 6.26 B
135.0925000 -43.1733333 6.07 B
134.8504167 -59.0836111 5.16 B
136.8112500 -51.2119444 6.73 B
136.5316667 -64.4997222 6.37 B
137.7683333 -44.8680556 5.00 B
138.8958333 -57.5780556 6.32 B
139.2725000 -59.2752778 2.25 B
139.4262500 -54.4952778 6.33 B
140.5283333 -55.0108333 2.50 B
140.8641667 -60.3025000 6.30 B
142.5975000 -58.3616667 5.88 B
144.1929167 -52.9441667 6.19 B
147.1666667 -56.4119444 6.06 B
148.2500000 -55.3733333 6.48 B
149.2158333 -54.5677778 3.54 B
