227.4530455 -20.5207554 7.26 T
227.5774055 -26.3326874 5.87 T
227.9581663 -16.1596907 6.81 T
228.0497728 -19.1066319 6.67 T
228.0872592 -16.4110722 7.38 T
228.1099041 -18.0899623 6.98 T
228.3224337 -24.0084746 6.45 T
228.3296286 -19.6478371 6.08 T
228.3666800 -25.3098182 6.54 T
228.4459657 -14.0229093 7.59 T
228.4720324 -26.1936147 5.98 T
228.5843079 -18.9533465 7.23 T
228.6164963 -18.4286695 6.79 T
228.6405595 -17.7686730 6.17 T
228.9138749 -27.5961973 6.85 T
229.0956454 -22.3994012 5.66 T
229.2000280 -24.0099490 7.31 T
229.2026540 -13.0392001 7.28 T
229.4152852 -26.2537427 7.84 T
229.6567821 -25.0006496 7.72 T
229.7878161 -24.2650661 7.53 T
229.8626298 -18.2884652 7.63 T
229.9178239 -24.2701244 7.42 T
229.9580222 -19.5502093 7.13 T
230.0389709 -13.1916914 7.96 T
230.1723513 -25.9913531 7.22 T
230.2236185 -18.1590455 6.28 T
230.2559348 -15.5482097 6.19 T
230.7378452 -26.6887440 6.67 T
230.9674124 -12.3697216 5.83 T
231.0101053 -27.3055078 7.61 T
231.4669563 -18.5159166 7.77 T
231.5220727 -21.3801348 7.09 T
231.7099212 -20.0050829 7.06 T
232.0575449 -11.4488788 7.77 T
232.0643012 -16.7166950 5.81 T
232.0778068 -21.2095763 7.31 T
232.1594372 -15.7003504 6.89 T
232.3943035 -17.4409069 6.71 T
232.6510910 -20.7287330 6.22 T
232.6685077 -16.6094747 5.92 T
232.6779731 -21.8784312 7.87 T
232.7622867 -18.8367071 7.69 T
232.7712799 -15.8453686 7.72 T
232.8301696 -12.9850281 7.92 T
232.9304625 -20.1651204 6.31 T
233.0429698 -21.9669572 7.23 T
233.1528046 -19.6707049 5.52 T
233.2300240 -16.8529359 5.48 T
233.2492835 -17.2469941 7.88 T
233.2871727 -24.4894306 7.00 T
233.2894306 -24.4906109 6.94 T
233.4779895 -25.1106141 7.69 T
233.5146962 -14.2296390 7.31 T
233.7482446 -17.1389751 7.13 T
233.8169809 -25.7343147 7.31 T
233.8294643 -12.5076613 7.93 T
234.1491682 -17.0155401 7.78 T
234.2786115 -26.4924083 7.38 T
234.3686802 -26.2800178 6.19 T
234.3804651 -22.1170633 7.01 T
234.4499587 -23.1421970 5.91 T
234.4991735 -14.5305436 7.40 T
234.5682612 -21.0167388 5.93 T
234.5920998 -24.6550271 7.95 T
234.6043365 -19.9138170 6.69 T
234.6208074 -14.5173889 6.96 T
234.6721949 -17.6650254 7.25 T
234.7279104 -19.3023719 5.46 T
234.7501457 -19.7326796 7.63 T
234.8388533 -23.1503787 6.33 T
234.9775679 -19.7691134 7.65 T
234.9775679 -19.7691134 7.67 T
235.0702899 -23.8181498 5.10 T
235.3165508 -13.9703490 6.87 T
235.4863992 -19.6794700 4.92 T
235.4903425 -24.3002372 7.45 T
235.6923393 -16.0140174 7.27 T
235.7868631 -13.0568955 6.70 T
235.7985073 -25.4157273 7.31 T
235.8535542 -15.0438248 6.42 T
236.0181077 -15.6732294 5.44 T
236.0732176 -24.3954344 7.61 T
236.3493464 -19.1074068 7.56 T
236.4287295 -22.7534245 6.88 T
236.4598674 -16.9508200 7.71 T
236.8470736 -25.8678727 7.81 T
236.9855374 -25.9870210 7.00 T
237.0136124 -25.2157456 7.17 T
237.1106433 -23.8341682 6.72 T
237.4176414 -20.7774733 7.74 T
237.4680588 -17.9019917 6.87 T
237.5132928 -18.1429794 7.65 T
237.6446270 -26.2897950 6.75 T
237.6659988 -23.2584684 7.52 T
237.7446743 -25.7514475 4.62 T
237.7711223 -22.6268823 7.76 T
237.8743181 -20.5873876 7.71 T
237.9098493 -14.1336203 6.32 T
237.9873456 -12.5375329 7.57 T
238.0185493 -26.5231121 7.28 T
238.0737676 -18.4359188 7.32 T
238.3237557 -14.7173220 7.85 T
238.4028926 -25.3272844 4.69 T
238.4570671 -16.7284466 4.24 T
238.4745442 -24.5333163 5.37 T
238.4826708 -23.9782565 5.39 T
238.6253494 -27.3388043 6.13 T
238.6646123 -25.2438928 5.85 T
238.6732301 -22.7663963 6.86 T
238.7514698 -19.3830100 5.96 T
238.8750522 -26.2661657 5.64 T
238.9245412 -26.7477040 7.42 T
238.9428423 -15.1596240 7.83 T
239.0211468 -25.9360247 7.66 T
239.0604097 -14.3998885 6.38 T
239.1395158 -14.8296557 6.15 T
239.1993214 -23.1842364 7.76 T
239.3027303 -21.4857591 7.15 T
239.3067229 -27.6428873 7.34 T
239.4185349 -20.9832304 5.84 T
239.4532769 -23.5274134 6.77 T
239.4902946 -17.0906552 7.87 T
239.5472988 -14.2794619 4.93 T
239.6265468 -20.8934794 7.29 T
239.6452007 -24.8316486 5.41 T
239.8649174 -27.0163484 7.14 T
240.0775409 -16.5358126 5.51 T
240.2672278 -27.0481255 7.67 T
240.2741701 -21.1557712 7.25 T
240.3609406 -25.1986317 7.79 T
240.4809860 -21.9805349 7.20 T
240.5564021 -22.6877194 7.34 T
240.6896140 -23.1811857 7.99 T
240.7150144 -13.8120018 7.85 T
240.7163183 -25.0145630 7.17 T
240.7793374 -19.8407446 7.35 T
240.8172142 -26.7182199 7.01 T
240.8354581 -25.8654817 5.11 T
240.9779099 -24.7262710 6.37 T
241.0009233 -19.7676029 7.79 T
241.0917717 -11.3733194 4.36 T
241.1076303 -11.4495284 7.52 T
241.2617463 -18.5396647 6.79 T
241.3297071 -23.6692928 7.65 T
241.4307385 -21.8389522 7.81 T
241.4367511 -19.6811841 7.54 T
241.5265248 -23.6064592 5.88 T
241.6480242 -11.9056821 7.54 T
241.7145953 -21.8638547 7.89 T
241.7623505 -14.0712357 6.39 T
241.7694099 -16.9433769 7.92 T
241.8121521 -17.9361797 7.82 T
241.8342369 -13.1347635 7.81 T
241.8516608 -20.8690429 4.40 T
241.9014691 -12.7455568 5.77 T
241.9660896 -24.4625052 6.31 T
242.0297947 -18.2439395 7.09 T
242.0323026 -26.3267113 5.55 T
242.0683199 -13.7695808 7.55 T
242.1821076 -23.6855796 5.86 T
242.2607831 -18.9957266 7.81 T
242.3446668 -12.3759884 7.55 T
242.3456173 -13.0528225 7.11 T
242.4798627 -18.3410593 6.48 T
242.4918460 -22.4098579 7.75 T
242.5410328 -24.5826151 6.64 T
242.5662217 -26.9093449 6.59 T
242.5828469 -22.1571704 7.08 T
242.6055268 -23.1066857 7.82 T
242.8895186 -27.1509981 6.96 T
242.9937281 -19.4504461 6.50 T
243.0104857 -18.2328458 7.48 T
243.0908911 -19.5791952 7.67 T
243.1837120 -19.5030304 7.61 T
243.4172830 -21.3999043 6.75 T
243.4395004 -24.4222126 6.43 T
243.4620733 -11.8378065 5.40 T
243.5853783 -22.1361852 7.75 T
243.6202463 -21.1078197 6.41 T
243.6629131 -18.5364279 6.45 T
243.7220788 -22.3804397 7.39 T
243.7225503 -25.4771215 6.06 T
243.8291220 -27.2111051 7.61 T
243.8886148 -12.6800409 7.51 T
243.9646176 -14.8491175 6.09 T
244.1047876 -24.9889038 7.95 T
244.1111341 -24.2819362 6.73 T
244.2447936 -21.3042912 6.60 T
244.2466170 -20.1041300 6.56 T
244.3373876 -15.3280701 7.57 T
244.4987288 -13.4449935 7.42 T
244.6132020 -17.3879335 7.41 T
244.6176573 -23.2744641 7.54 T
244.7516057 -14.8728093 6.18 T
244.7822846 -20.2181722 6.42 T
244.8962550 -18.8280177 7.09 T
245.0228063 -20.0565570 7.39 T
245.1590386 -24.1694289 4.67 T
245.2970672 -25.5929384 2.91 T
228.0554167 -19.7916667 4.54 B
233.8816667 -14.7894444 3.91 B
234.5654167 -28.2066667 6.32 B
236.5533333 -28.0616667 6.51 B
238.3337500 -20.1672222 5.03 B
239.7129167 -26.1141667 2.89 B
240.0833333 -22.6216667 2.32 B
240.0816667 -16.5333333 5.47 B
241.3591667 -19.8055556 2.62 B
241.3604167 -19.8019444 4.92 B
241.7016667 -20.6691667 3.96 B
242.9987500 -19.4605556 4.01 B
246.0258333 -20.0375000 4.50 B
