2.4965991 -25.8746165 7.66 T
2.6933737 -21.9336738 7.78 T
2.8155416 -15.4696733 4.95 T
2.8974615 -18.6006062 7.03 T
2.9021177 -23.6323586 7.91 T
2.9786282 -22.8179361 7.95 T
3.0125629 -13.8132899 6.66 T
3.0419777 -17.9384585 5.44 T
3.2663385 -22.4700563 6.77 T
3.3069411 -17.1846161 7.68 T
3.3145089 -26.3253839 7.58 T
3.3267773 -20.6183992 7.51 T
3.4262993 -26.0228170 6.12 T
3.4348735 -26.2849239 6.30 T
3.4404393 -23.2152384 7.00 T
3.4817757 -17.5453363 7.33 T
3.5841165 -27.5324008 7.47 T
3.5861679 -21.1984258 6.94 T
3.6162622 -14.4325739 7.00 T
3.6598928 -18.9333365 4.63 T
3.6693987 -14.8054907 6.73 T
3.7004174 -14.1779938 6.84 T
3.8185508 -16.7563975 7.72 T
4.0979055 -22.5882628 7.97 T
4.1413711 -13.4040984 7.18 T
4.1763744 -20.2100791 6.47 T
4.3864011 -19.0511051 6.49 T
4.4978678 -13.4556511 6.58 T
4.5706127 -21.1384790 6.72 T
4.8926948 -21.8072867 7.91 T
4.9916315 -25.1226740 7.58 T
5.0125513 -17.7004786 6.87 T
5.0442977 -13.0613843 6.95 T
5.2024546 -23.6302162 6.79 T
5.4432306 -20.0581030 5.93 T
5.4694098 -23.0090715 7.67 T
5.5832979 -23.8405405 7.70 T
5.7183017 -12.2090564 6.46 T
5.7688079 -15.9423677 6.62 T
5.8544918 -18.8918016 7.23 T
5.9989020 -17.8101168 7.48 T
6.0554650 -23.4035013 7.94 T
6.2067584 -18.4722720 7.05 T
6.3459882 -17.4280477 7.21 T
6.4028553 -19.9344482 7.77 T
6.4273556 -21.6314553 7.63 T
6.4403333 -27.7104035 7.02 T
6.5673856 -21.6728075 7.70 T
6.5907781 -18.6937202 6.46 T
6.8115167 -25.5472724 6.08 T
6.9069488 -20.1344968 6.80 T
7.0025329 -11.6589096 7.49 T
7.0870877 -20.3357841 6.50 T
7.1389998 -11.2373039 6.94 T
7.2115331 -24.6366570 7.17 T
7.2936851 -11.5979136 7.53 T
7.3097913 -15.0653182 7.84 T
7.4671858 -14.8643313 6.18 T
7.6601995 -18.6209856 7.60 T
8.0197727 -18.2221347 7.20 T
8.0932958 -24.6461597 7.35 T
8.1640654 -25.3600524 6.85 T
8.4013173 -26.0918299 7.47 T
8.7580239 -26.1257852 7.73 T
8.8311157 -18.5647870 7.94 T
9.0127404 -14.9734116 6.56 T
9.0280778 -22.8426855 6.09 T
9.0323213 -20.7584251 7.93 T
9.1792583 -27.4193346 7.98 T
9.3458221 -24.7673702 5.74 T
9.5280703 -27.6211371 7.86 T
9.6328213 -20.2965270 6.70 T
9.6499956 -23.5994792 7.15 T
9.7036502 -25.1079561 6.58 T
9.7208520 -25.5959731 7.78 T
10.1193605 -16.5168847 6.59 T
10.1410112 -23.8070896 6.22 T
10.3742024 -20.2995999 7.87 T
10.3935767 -25.1968156 6.68 T
10.5612516 -11.8050456 6.93 T
10.6690104 -20.1938992 7.53 T
10.9586643 -12.0130820 6.12 T
11.1132458 -26.5147649 7.86 T
11.1158417 -13.4160023 7.63 T
11.1845206 -22.0056334 5.26 T
11.2480830 -12.1444433 7.33 T
11.3693249 -12.8820881 6.21 T
11.4238618 -16.4242390 6.54 T
11.4970905 -16.6523990 7.32 T
11.5503008 -22.5221763 5.60 T
11.5566298 -11.4526256 7.76 T
11.7495861 -24.2168726 7.54 T
11.9302850 -18.0611163 5.84 T
12.0046081 -21.7225710 5.55 T
12.1834128 -17.5472440 7.99 T
12.2757786 -21.1513891 7.13 T
12.3087081 -24.1370104 6.00 T
12.3573981 -13.5619335 5.75 T
12.3650579 -23.2116923 7.23 T
12.3892233 -23.3622201 6.28 T
12.4845782 -22.1020389 7.77 T
12.5684809 -15.8785587 7.95 T
13.0524586 -22.6186318 7.63 T
13.0545398 -21.1083484 7.69 T
13.1342483 -20.9968234 7.89 T
13.1623206 -12.9367422 7.97 T
13.1694550 -21.4390158 7.59 T
13.1695198 -24.0056428 5.62 T
13.2822798 -17.6517460 7.67 T
13.3025861 -24.7768633 6.60 T
13.4259805 -13.9202377 7.58 T
13.5286484 -16.1755111 7.79 T
13.8454013 -24.6603121 7.18 T
13.8776464 -12.5522211 7.92 T
14.0060304 -11.2665608 5.51 T
14.2049138 -25.3633607 7.21 T
14.4074713 -18.9985619 6.98 T
14.4321071 -15.7872348 7.64 T
14.4912152 -20.6763828 7.80 T
14.5397671 -15.6841735 7.86 T
14.5408608 -15.6827057 7.77 T
14.6825685 -11.3800715 5.72 T
14.6827083 -19.6327786 7.30 T
14.7611557 -19.3262275 7.73 T
15.1397469 -25.7494665 7.45 T
15.1601672 -18.1191222 7.94 T
15.1673676 -20.0901463 7.36 T
15.4114891 -16.2661423 6.60 T
16.2058134 -20.7324437 7.54 T
16.2661922 -13.7598592 7.42 T
16.3564247 -12.9030521 7.75 T
16.5318290 -23.9926831 6.23 T
16.6848247 -15.5104401 7.30 T
16.7039905 -22.8563934 7.88 T
16.7967529 -24.8551403 7.61 T
16.8043488 -23.9965337 6.38 T
17.0447566 -12.1680593 7.78 T
17.4002110 -11.6785934 7.59 T
17.5135090 -26.1937980 7.45 T
17.5969236 -16.3068292 7.73 T
17.7576377 -18.8049768 7.32 T
17.8221433 -13.5032660 7.38 T
17.8834665 -12.8435125 7.55 T
18.1423089 -20.4588473 7.68 T
18.5052369 -13.4750479 6.90 T
18.7271234 -15.8189753 7.38 T
18.9735289 -23.9731474 7.18 T
19.1016765 -12.0970392 7.64 T
19.6057089 -23.0134390 7.34 T
19.6201723 -20.1904290 7.91 T
19.6779098 -13.3967692 7.89 T
20.0218476 -20.4708681 7.66 T
20.1909486 -25.1040477 7.71 T
2.1391667 -17.5775000 6.06 B
7.5945833 -23.7877778 5.19 B
9.3362500 -24.7672222 5.57 B
10.1370833 -23.8044444 6.14 B
10.8975000 -17.9866667 2.04 B
11.0475000 -10.6094444 4.76 B
20.6270833 -19.0813889 6.35 B
0.7400000 -20.0461111 6.25 B
