148.8973192 -17.4695533 7.06 T
149.1286932 -13.4639253 6.92 T
149.2408944 -15.8955362 7.47 T
149.2548751 -9.5863802 7.97 T
149.4153697 -16.5223249 6.65 T
149.4329874 -1.9417220 6.57 T
149.5334514 -13.1290212 7.58 T
149.7134434 -14.1429922 7.84 T
149.7580099 -3.0217294 7.53 T
149.7853038 -16.0115781 7.61 T
149.8091129 -12.7537419 7.87 T
149.8274682 -3.0749957 7.44 T
150.0160407 -5.0126494 7.86 T
150.2465643 -3.1892573 7.26 T
150.3422255 -15.4540236 7.96 T
150.4066527 -17.3330959 7.58 T
150.5208523 -15.0291862 7.88 T
150.5419883 -10.4305000 7.56 T
150.6373799 -13.2963966 7.04 T
150.8350234 -17.1825458 7.72 T
150.8371238 -10.7273493 7.21 T
150.9119212 -12.8774243 7.26 T
150.9207364 -9.5738505 6.30 T
151.1124884 -7.2196991 7.56 T
151.2808743 -13.0644994 4.57 T
151.2963424 -16.9542265 7.97 T
151.3367535 -3.3740007 7.72 T
151.3696850 -9.5480039 7.87 T
151.7241600 -17.4441446 6.74 T
151.7454085 -3.2840198 7.77 T
151.7734367 -17.4843344 7.89 T
151.7739743 -5.5662726 7.80 T
151.7896806 -17.1420870 5.76 T
151.8488135 -7.7247191 7.70 T
151.8885380 -6.4385354 7.78 T
151.9397892 -7.6308513 6.84 T
152.1306826 -3.4778243 7.94 T
152.1473565 -15.6119096 6.24 T
152.1902117 -10.8848287 6.54 T
152.2837092 -15.4957222 7.61 T
152.3454873 -13.3623442 7.31 T
152.4087811 -11.8954152 7.56 T
152.4853368 -12.0954264 6.25 T
152.5237414 -12.8166053 5.34 T
152.5312358 -8.4081713 5.90 T
152.5993773 -5.4703437 7.92 T
152.6456751 -12.3545929 3.71 T
152.7177724 -15.7091391 7.12 T
152.7327755 -8.4187488 5.77 T
152.7380431 -16.9308322 7.28 T
152.7553830 -2.4151177 7.67 T
152.8226702 -17.6355281 7.57 T
152.8240951 -7.3167152 6.23 T
153.0719124 -16.0863618 7.66 T
153.0996199 -15.0681252 7.10 T
153.3185899 -8.4457377 7.78 T
153.3799201 -5.0875835 7.49 T
153.4337065 -7.3839261 7.25 T
153.4430442 -5.2197918 7.51 T
153.5149056 -14.7257349 7.91 T
153.5349430 -7.9936494 7.08 T
153.7329212 -12.0130518 7.32 T
153.8032206 -11.7899176 7.50 T
154.0050605 -5.0958776 7.95 T
154.0373469 -11.2034249 6.20 T
154.0676727 -16.1420372 7.41 T
154.0704998 -5.8290358 7.79 T
154.1942791 -2.7977027 7.79 T
154.1951722 -13.0995783 7.29 T
154.4065020 -8.0688960 5.28 T
154.4322197 -12.0787764 7.87 T
154.5992340 -13.3049786 7.13 T
154.7508860 -11.1858856 7.88 T
154.8202148 -12.5282762 6.06 T
154.8845108 -5.1065931 6.46 T
154.8982219 -5.2276549 7.76 T
154.9974436 -9.0594548 6.35 T
155.0288690 -4.3433612 7.99 T
155.1615429 -6.1928572 7.29 T
155.1842057 -5.3821041 6.99 T
155.2068212 -15.4780819 7.24 T
155.2236446 -8.5617389 7.90 T
155.2798117 -5.4147522 6.88 T
155.2890672 -8.7098480 7.71 T
155.3103018 -13.7865664 6.57 T
155.3974481 -3.8594029 7.61 T
155.5446584 -13.4097863 6.89 T
155.5964297 -4.4253369 7.82 T
155.6740262 -9.3951461 7.27 T
155.8221706 -13.3773861 6.70 T
155.8600065 -4.0740046 5.91 T
155.8860010 -3.6428226 6.62 T
155.9534241 -2.2760077 7.35 T
156.0265894 -4.9273866 7.40 T
156.3667316 -12.7627231 7.34 T
156.4336084 -7.0590144 5.78 T
156.4655398 -13.1325195 7.53 T
156.4865415 -7.8586830 7.90 T
156.5217639 -16.8367906 3.98 T
156.5770006 -6.4272784 7.00 T
156.6950309 -4.3883433 6.66 T
156.8315867 -17.4147778 7.86 T
157.0482604 -6.6023305 7.96 T
157.0576407 -16.2886147 7.94 T
157.1193509 -9.8812623 7.73 T
157.1413448 -6.3032889 7.55 T
157.1831794 -3.7425429 6.04 T
157.3692866 -2.7391522 5.17 T
157.4545764 -3.9155353 7.80 T
157.7446486 -7.6376990 6.51 T
157.7491254 -13.5884860 5.58 T
157.9075825 -14.8850604 7.07 T
158.0062876 -11.4248074 7.46 T
158.1188014 -6.0753002 6.95 T
158.1713599 -16.9592710 7.68 T
158.3022317 -13.4042418 6.67 T
158.3117288 -5.3634238 7.23 T
158.5754568 -9.8992850 7.69 T
158.7092513 -3.9007005 6.72 T
158.8422716 -12.8599027 6.82 T
158.8551810 -5.3617617 7.32 T
158.9119711 -13.0002989 7.68 T
158.9304202 -13.9568967 7.50 T
159.0692218 -16.3443010 6.21 T
159.0725806 -10.5836010 6.60 T
159.1366461 -12.2343216 5.76 T
159.2494734 -8.8401845 7.23 T
159.2975225 -11.7488154 6.55 T
159.3625766 -12.3937410 7.00 T
159.3888967 -13.3847833 5.22 T
159.4802808 -17.7348657 7.83 T
159.4885224 -11.5096437 7.66 T
159.6335469 -2.0506236 7.84 T
159.6449665 -16.8763975 5.00 T
159.7092142 -15.7296897 7.82 T
159.7097392 -12.4435850 6.04 T
159.9048735 -12.9941724 7.55 T
160.0415943 -16.3730168 7.80 T
160.3499211 -1.7422367 6.35 T
160.4681997 -8.0562565 7.38 T
160.4740002 -6.5748893 7.48 T
160.5570317 -13.7887832 6.85 T
160.6136572 -8.7271582 6.97 T
160.6306196 -13.9744552 6.41 T
160.7021387 -2.1851577 7.38 T
161.4508142 -10.7136655 7.47 T
161.6032152 -13.4598477 7.26 T
161.6110399 -15.0340988 7.41 T
161.7167865 -17.2970123 5.44 T
161.7431535 -15.7319172 7.24 T
161.8698724 -13.9793405 7.98 T
161.9012719 -15.6270585 7.74 T
161.9080447 -15.2620179 6.66 T
161.9173371 -15.2440527 7.59 T
161.9285421 -15.1097363 7.09 T
162.1688640 -1.9588470 6.11 T
162.2412534 -9.1001706 7.18 T
162.2770660 -15.1646229 7.79 T
162.2880394 -5.4068806 7.71 T
162.3218161 -4.0231184 7.82 T
162.4312465 -9.8528743 5.96 T
162.5564713 -8.9881540 7.61 T
162.5751955 -8.8978516 5.81 T
162.6046136 -15.1047373 7.59 T
162.7255525 -14.8912082 7.53 T
162.7722076 -3.0927392 6.12 T
162.8268396 -4.7365353 7.29 T
163.0719436 -11.1099328 7.59 T
163.1632800 -17.0310039 7.83 T
163.1772754 -6.9877734 7.92 T
163.1834598 -11.4225978 7.69 T
163.2026095 -6.8231634 7.24 T
163.2347136 -17.2766741 7.21 T
163.3531995 -2.2557248 6.22 T
163.3875356 -15.4462018 6.47 T
163.4316228 -2.1291217 5.56 T
163.4860845 -12.4346267 7.40 T
163.5740259 -13.7579733 5.74 T
163.8103030 -12.1216911 7.79 T
163.9396757 -16.3669193 7.55 T
164.0208318 -1.6179698 7.56 T
164.0822600 -10.6250830 7.55 T
164.1912574 -17.4530061 7.98 T
164.7088298 -2.2363420 7.79 T
164.8172600 -17.6233114 7.64 T
164.8242089 -10.3254327 7.24 T
164.8785889 -16.3537599 6.08 T
164.9774957 -15.4297306 7.75 T
165.0088309 -3.4710706 7.91 T
165.0486668 -14.0835729 6.04 T
165.0938475 -9.4928008 7.54 T
165.2145881 -12.5585980 7.78 T
165.2396740 -15.7928952 6.48 T
165.3454792 -12.0595000 7.99 T
165.3705742 -16.9465850 7.64 T
165.4570513 -2.4848193 4.91 T
165.6531501 -3.5127165 6.92 T
165.7412400 -2.6353864 7.30 T
165.8114921 -11.3041236 5.62 T
165.9022616 -13.4349396 6.44 T
148.1266667 -8.1050000 5.05 B
157.5729167 -0.6369444 5.09 B
159.1350000 -12.2302778 5.70 B
166.3916667 -11.0888889 6.09 B
