180.1019534 44.6303749 7.58 T
180.5255497 43.0460882 5.24 T
180.6175130 43.0808871 6.72 T
181.1687907 35.5673704 7.51 T
181.5234345 49.1584627 7.75 T
181.5807474 46.2839368 7.72 T
181.8971975 42.0707456 7.84 T
182.0277879 39.6554465 7.38 T
182.1087106 48.9684158 7.79 T
182.2233946 49.1852996 7.53 T
182.3655758 38.6314587 7.40 T
182.4026630 40.2517358 7.54 T
182.6968032 39.8914468 6.87 T
182.8842135 34.2580923 7.34 T
183.6540259 39.3421519 7.15 T
183.8152134 47.1154295 7.38 T
183.8706356 38.6598349 7.70 T
184.0315978 40.6599839 5.86 T
184.1755241 39.5932170 7.28 T
184.7767699 40.3128352 7.27 T
184.8806475 40.9390485 7.91 T
184.9528211 48.9841908 5.47 T
184.9940324 43.6088815 7.76 T
185.0557853 37.9020803 6.83 T
185.2593819 45.5145664 7.48 T
185.2668404 38.0238134 7.58 T
185.2916773 41.4828553 7.84 T
185.2963897 34.6864703 7.24 T
185.4838443 47.1820632 6.45 T
185.6375234 48.3529283 7.44 T
185.7068257 43.8082283 7.99 T
185.9451863 42.5428445 6.07 T
186.1021586 43.0875349 7.94 T
186.1588534 41.3322670 7.35 T
186.2363584 42.8549092 7.16 T
186.3610558 38.3477321 7.76 T
186.3668217 48.3709744 7.86 T
186.4616013 39.0184062 5.12 T
186.8008017 36.3742316 7.66 T
186.8879803 41.3549926 6.59 T
187.0169426 44.7942647 7.49 T
187.1621126 49.6355875 7.10 T
187.3118501 34.7036105 7.64 T
187.5511586 39.2463865 7.71 T
187.7683991 39.5820164 6.90 T
187.9098201 45.2255707 7.67 T
188.3736085 38.0689643 6.64 T
188.4116045 44.0958238 7.54 T
188.4297347 41.3593053 4.31 T
188.5137103 46.7474889 7.41 T
188.6769493 47.0073397 7.81 T
188.7954405 36.4253408 7.32 T
188.9470410 39.6835585 7.27 T
188.9711491 45.7810939 7.49 T
189.0509066 40.5863926 7.70 T
189.4131248 38.6838982 7.40 T
189.6352684 45.2168749 7.26 T
189.6926237 40.8745800 6.38 T
189.6973971 39.3078845 7.59 T
189.8204002 35.9519353 6.40 T
190.0355618 34.1662723 7.19 T
190.2199399 34.1044983 7.97 T
190.3621712 40.5792126 7.70 T
190.3693937 49.2907640 7.04 T
190.5614943 45.8769933 7.05 T
190.5722381 33.6879169 6.76 T
191.0369502 35.7688521 7.15 T
191.1126423 44.1030251 6.39 T
191.1404532 43.1265736 7.09 T
191.2446095 39.2797846 6.02 T
191.2826162 45.4403307 5.66 T
191.4330157 33.5410256 7.61 T
191.7019618 43.1516421 7.96 T
192.1735911 48.4669119 6.27 T
192.4083183 48.7399669 6.62 T
192.5440395 37.5170808 5.89 T
192.8262359 49.2690590 7.86 T
193.3333989 46.6563470 7.62 T
193.6166610 46.7777538 7.58 T
193.7353428 47.1966736 6.02 T
194.1618021 43.5520448 6.98 T
194.2823970 46.1764529 6.22 T
194.7360755 39.8443263 6.95 T
195.0305891 34.9193465 7.72 T
195.0422788 34.9984323 7.87 T
195.3342566 38.0482179 7.83 T
195.6851135 45.3846945 7.69 T
195.9724125 43.0075563 7.01 T
196.1633419 39.3234932 7.81 T
196.4420771 47.7778774 7.37 T
196.4444351 39.6045852 7.49 T
196.4676489 45.2687110 5.77 T
196.5562796 40.9225172 7.48 T
197.0628177 43.1814046 7.82 T
197.4101874 37.4231661 6.14 T
197.4250382 38.5338942 6.26 T
197.5050752 38.7237308 7.16 T
197.5128383 38.4992697 5.95 T
197.6911142 34.3004657 6.94 T
197.8692598 40.7924625 7.27 T
198.2062714 42.6267988 6.90 T
198.2663618 38.2765044 6.89 T
198.3997886 36.8875764 6.71 T
198.4284962 40.1529839 5.05 T
198.7854748 35.4458192 6.83 T
198.8822837 40.8553256 5.80 T
199.3845505 40.5727304 4.74 T
199.5601343 49.6821768 5.13 T
199.6157714 34.0983449 5.95 T
199.7674902 35.1280836 6.04 T
199.8653338 45.5270211 7.87 T
199.9274798 36.0829206 7.30 T
199.9466148 36.3741408 7.76 T
200.0784868 40.1505254 5.73 T
200.2112538 43.9903569 6.56 T
200.2807943 47.2697104 7.08 T
200.2955439 37.8571070 6.99 T
200.3839933 38.8803460 7.46 T
200.5158106 43.9034638 6.36 T
200.7727486 47.0020905 6.90 T
200.8356644 46.1225310 7.80 T
200.8520905 39.4297796 7.58 T
200.9748218 37.0338655 6.31 T
201.5694477 46.0279248 5.98 T
202.1094452 40.7292850 6.59 T
202.2564101 47.8471714 7.10 T
202.2625408 42.2381784 7.70 T
180.5283333 43.0455556 5.21 B
186.0062500 51.5622222 4.80 B
188.4120833 33.2475000 5.42 B
188.4475000 33.3847222 6.24 B
188.4354167 41.3575000 4.26 B
191.2479167 39.2788889 5.95 B
193.5545833 33.5344444 6.26 B
194.0016667 38.3147222 5.60 B
194.0070833 38.3183333 2.90 B
196.4354167 35.7988889 5.25 B
