225.0144375 44.5863237 7.02 T
225.1612371 47.2775346 6.33 T
225.3595862 49.1946658 7.38 T
225.4861781 40.3903926 3.58 T
225.7764791 44.6446207 6.65 T
225.9429710 47.6541043 5.20 T
225.9443786 47.6546718 6.09 T
226.1811962 38.6054438 7.55 T
226.2511128 41.1093963 7.66 T
226.3570299 48.1511512 5.58 T
226.6459532 36.4563228 6.41 T
226.7762893 33.9649473 7.93 T
227.0765055 33.7065949 6.80 T
227.0813835 50.0548341 6.44 T
227.8956744 49.9030227 7.89 T
227.9883432 36.7548704 7.37 T
228.0958595 38.9876548 7.82 T
228.1431773 35.9715454 7.90 T
228.1820416 48.5810322 7.28 T
228.2513716 49.7752802 7.38 T
228.3982118 38.2644061 6.33 T
228.4958030 47.9689264 7.49 T
228.4961140 43.0483611 6.68 T
228.5431511 42.1713007 6.33 T
228.7354243 38.3014069 7.17 T
229.0869367 37.0696907 7.17 T
229.3281494 42.5660191 7.52 T
229.4099011 47.7387438 7.77 T
229.4712421 33.5943325 6.75 T
229.5622327 45.6198437 6.83 T
229.6648477 45.0173391 7.93 T
229.7755691 41.7320718 7.98 T
230.0093494 40.9853004 6.95 T
230.1740299 44.4337266 6.18 T
230.2208756 45.6647110 6.79 T
230.6340297 34.2297832 7.41 T
230.6557361 39.5813741 5.73 T
231.0211933 45.2710551 6.19 T
231.0760152 38.1870389 7.69 T
231.1214629 37.3777039 4.33 T
231.1274353 37.3480149 7.09 T
231.1274353 37.3480149 7.63 T
231.2827596 47.0606197 6.87 T
231.3720436 45.9482097 7.34 T
231.4963223 44.3022544 7.32 T
231.5715693 34.3363694 5.62 T
231.6118502 44.0030012 7.83 T
231.6815077 45.6042334 7.21 T
231.9175925 42.8797305 7.55 T
232.1306065 38.7237364 6.72 T
232.1847897 47.2015544 6.15 T
232.3471885 47.7134474 6.86 T
232.5233229 39.9091437 7.69 T
232.5293185 40.3856979 7.96 T
232.5401550 46.3861348 7.77 T
232.6153193 36.8047707 6.65 T
232.6917862 34.4655987 6.81 T
232.7324121 40.8329953 5.22 T
232.8428744 36.6164240 6.45 T
232.9352778 39.6792478 7.79 T
232.9455902 40.8992593 4.99 T
233.6972137 44.0680475 7.25 T
233.7913032 43.1677993 6.85 T
233.7996510 49.9941449 7.07 T
233.8118240 49.6983329 7.54 T
233.8123669 39.0101151 5.32 T
233.9550538 38.3738614 6.44 T
233.9820534 39.8314351 7.75 T
234.0056200 39.8028862 6.90 T
234.0513975 35.7049233 7.57 T
234.4571649 40.3538038 5.35 T
234.5383173 38.0280675 7.62 T
234.5533696 36.2471306 7.85 T
234.5683964 46.7969163 5.78 T
234.5946238 43.6042858 6.82 T
234.7034971 34.6749386 6.25 T
234.7452788 46.9264395 6.96 T
234.8834774 42.6970352 7.90 T
235.0727746 34.2603446 7.94 T
235.0735412 44.8310436 7.59 T
235.0804257 48.0554516 7.82 T
235.0890834 43.8467892 7.20 T
235.1083005 37.5170088 7.08 T
235.1258005 37.0169491 7.17 T
235.1888712 38.7185963 7.95 T
235.3594546 38.5571989 7.89 T
235.4524992 37.0484690 7.72 T
235.6576699 45.7624439 7.05 T
236.0074867 39.5738427 7.74 T
236.3907787 40.1775216 7.85 T
236.5565457 42.4684924 7.50 T
236.5687758 45.0216620 7.91 T
236.6012925 36.4463571 7.60 T
236.7232379 46.9862908 7.28 T
236.8454072 44.5988823 7.44 T
236.9429555 45.7328735 6.89 T
237.4580802 44.5221221 7.76 T
237.6942205 48.4828807 7.90 T
237.7152865 37.5536798 7.63 T
237.7386162 42.5655979 7.44 T
237.8079831 35.6552155 4.91 T
237.9842935 42.6517157 7.94 T
238.1726562 42.4554564 4.66 T
238.2685552 41.2945601 7.98 T
238.2853353 46.0402133 7.35 T
238.6574259 43.1389777 5.56 T
238.7367047 34.3625851 7.14 T
238.8772485 42.5662963 5.73 T
238.9485155 37.9474560 5.47 T
239.0295322 39.4295586 7.89 T
239.3737354 39.6953897 6.42 T
239.6014106 37.8274397 7.37 T
239.6068362 43.2136597 7.42 T
239.6277896 36.0221484 7.61 T
239.7406429 36.6439532 5.77 T
239.7494072 36.9419140 7.88 T
239.7685344 49.8807065 6.07 T
240.0495787 44.2792192 6.90 T
240.2290819 39.1775846 6.77 T
240.3859418 47.1427195 7.32 T
240.5082304 40.0230335 6.99 T
240.6625961 47.2407712 6.62 T
240.7000547 46.0363053 4.69 T
240.8307454 36.6317100 5.87 T
241.0559645 34.1788904 6.78 T
241.2320275 39.1568368 6.74 T
241.2967747 34.2368860 7.76 T
241.3640289 43.7189872 7.66 T
241.4531479 36.5282523 7.49 T
241.7481371 47.5050861 6.64 T
241.7838985 49.0830802 7.64 T
241.9974475 45.3803675 7.12 T
242.0041812 40.6274833 7.66 T
242.1921563 44.9351668 4.22 T
242.1998525 35.5499820 7.60 T
242.2424463 36.4930091 4.84 T
242.3211176 41.0955758 6.76 T
242.5648515 40.5563098 7.78 T
242.5668754 48.6112831 7.50 T
242.6024589 43.8157932 6.70 T
242.6320819 47.8070696 7.67 T
242.6653582 42.7838917 7.69 T
242.7467934 43.0551720 7.47 T
242.8015682 36.0213448 7.80 T
242.9482733 42.3747298 6.04 T
242.9501132 36.4248965 5.77 T
242.9605432 34.3966548 7.93 T
243.0272480 39.0553787 6.53 T
243.0620160 46.2274128 7.87 T
243.1790086 45.8944510 7.67 T
243.1798157 40.7817163 7.91 T
243.3036865 38.0725711 7.12 T
243.3553977 35.1986650 7.65 T
243.3651766 39.8245273 7.27 T
243.6661329 33.8569891 6.49 T
243.6682285 33.8580918 5.62 T
243.7994381 47.0401859 7.98 T
243.8122382 34.7130008 7.36 T
243.9612667 36.5544350 7.14 T
244.1772316 38.6450917 7.90 T
244.1934977 40.0385117 6.92 T
244.4635427 35.6996113 7.48 T
244.5240630 34.4823350 7.57 T
244.7522417 37.7654323 7.35 T
244.7965221 49.0383703 6.07 T
244.9350432 46.3136215 3.85 T
244.9786759 39.7086036 5.53 T
245.0757570 36.9754426 6.78 T
245.1454989 45.5795537 7.61 T
245.2999037 43.8197728 7.99 T
245.5892983 33.7988123 5.39 T
245.6216953 33.7038094 5.58 T
245.6915319 44.0835322 7.72 T
245.8108983 33.6977248 7.71 T
245.8235050 35.6115185 7.29 T
246.0682596 38.4783560 7.86 T
246.2003000 44.6899531 7.23 T
246.3293271 45.3787074 7.85 T
246.3468075 42.5197392 7.80 T
246.3507595 37.3939937 5.55 T
246.5896973 40.8091468 7.03 T
246.6327198 47.9583811 6.63 T
246.8911519 47.3415433 7.44 T
234.8425000 36.6366667 6.00 B
234.8445833 36.6358333 5.07 B
234.6429167 50.4233333 5.84 B
235.9970833 32.5158333 5.56 B
237.0083333 31.7358333 6.44 B
237.8079167 35.6575000 4.82 B
238.1687500 42.4516667 4.62 B
240.5229167 52.9158333 5.93 B
242.2429167 36.4908333 4.76 B
247.1604167 41.8816667 5.04 B
