14.0379790 13.9519425 6.57 T
14.1370879 9.2289112 7.95 T
14.4152885 1.7856764 7.11 T
14.4771010 13.6958243 6.38 T
14.4941940 7.6117059 7.99 T
14.5812499 6.8442590 6.84 T
14.6323143 16.3136457 7.95 T
14.6771368 4.2058001 7.63 T
14.9571457 6.4831758 6.34 T
15.0233897 2.6329105 7.76 T
15.0883770 17.2260938 7.36 T
15.2114819 4.8339178 7.79 T
15.3407914 11.9128721 7.99 T
15.3461618 8.4505777 7.70 T
15.4149345 7.3052764 7.82 T
15.4287930 9.7462468 7.96 T
15.4993542 2.5261087 7.64 T
15.5286098 7.9407265 7.66 T
15.6232837 8.8214439 7.07 T
15.6780852 9.1327951 6.88 T
15.7057745 7.5006837 7.82 T
15.7353660 7.8902969 4.36 T
15.9193107 5.2352999 7.77 T
15.9465739 6.7647336 7.14 T
15.9550486 1.3665915 6.10 T
16.1817290 2.3134534 7.33 T
16.2110878 7.0452944 7.99 T
16.2195137 5.6561634 6.19 T
16.2297859 16.2421711 7.40 T
16.2723617 14.9464706 5.68 T
16.4246850 4.1982740 7.41 T
16.4553192 4.9076260 6.39 T
16.4644546 4.9086165 7.26 T
16.4859055 15.3819809 7.24 T
16.5242961 3.2745110 7.44 T
16.6402017 12.9562080 6.25 T
16.6525072 13.8843599 7.27 T
16.6564441 8.3597989 6.95 T
16.6751684 8.8689934 7.73 T
16.7670435 11.5520817 7.26 T
16.9852856 17.4120836 7.73 T
16.9994822 1.9903654 6.54 T
17.0909720 9.9081848 6.91 T
17.2328878 9.7304084 7.28 T
17.3110940 12.0287200 8.00 T
17.5478096 15.6737417 6.23 T
17.6397423 2.4455758 6.12 T
17.7267804 9.5653760 7.28 T
17.8707931 10.2918639 6.59 T
18.0792458 12.2815042 6.94 T
18.1265861 2.4709084 6.59 T
18.2874226 11.6826908 7.93 T
18.4243692 8.9745451 7.97 T
18.4337623 7.5750226 5.22 T
18.4394198 7.5779328 6.15 T
18.4653932 5.1416967 7.75 T
18.5315969 16.1333313 5.95 T
18.6765425 6.9949737 6.14 T
18.8892610 6.9561854 7.83 T
18.9442047 9.7851501 7.25 T
18.9836875 16.1899282 7.72 T
19.0555170 16.8273008 7.87 T
19.0678925 16.1663430 7.97 T
19.1503100 2.7346969 7.59 T
19.2907699 2.0153350 7.36 T
19.3069588 10.5965970 7.98 T
19.3312517 1.8411948 7.71 T
19.3354856 4.6646953 7.95 T
19.3874888 14.2425277 7.33 T
19.3986249 5.8840973 7.76 T
19.4495189 3.6143225 5.15 T
19.5640458 2.5504290 7.63 T
19.7181516 4.6537542 7.65 T
19.8521103 3.2895828 7.60 T
20.1715730 15.6959832 7.35 T
20.3306587 11.5367442 6.97 T
20.4931229 12.6041429 7.08 T
20.5106808 15.7889717 7.40 T
20.5922059 16.8253337 7.14 T
20.5976523 5.2511739 7.52 T
20.6543789 1.7260478 6.38 T
20.6792550 17.1971711 7.22 T
20.6804461 10.3689545 7.56 T
20.6809206 4.7381069 6.98 T
20.6956554 6.4320251 8.00 T
20.7236410 11.3662075 6.90 T
20.7370903 7.4206902 7.42 T
20.7786010 9.1873536 7.46 T
20.8293120 10.8423577 7.68 T
20.9624546 17.8180889 6.63 T
21.2274679 3.3493147 7.37 T
21.3296965 16.2569896 7.19 T
21.3342001 1.4604787 7.47 T
21.4196407 2.9719651 7.02 T
21.4929025 10.4070112 7.23 T
21.7231831 3.5355296 6.65 T
21.8192160 3.8050485 7.77 T
21.9157298 5.3519815 7.12 T
22.0961796 7.9613031 6.34 T
22.1022866 17.0790389 6.66 T
22.2627259 7.2937397 6.58 T
22.5481521 6.1435380 5.00 T
22.8084571 17.1519333 7.61 T
22.8710411 15.3458185 3.71 T
22.9281677 10.8895119 7.14 T
22.9541398 15.6252540 7.64 T
22.9715184 9.9881532 7.91 T
22.9786102 16.0460428 7.92 T
23.0138247 16.9459986 6.88 T
23.0623560 3.6851553 7.58 T
23.1388928 11.8825395 7.81 T
23.3262653 8.2085323 6.46 T
23.4466203 17.6852245 7.81 T
23.7151886 12.5585637 7.33 T
23.7190649 8.2747923 7.09 T
23.9435467 14.6613810 6.21 T
23.9791352 17.4339800 5.98 T
24.0118729 7.6454899 7.50 T
24.0118729 7.6454899 7.63 T
24.1718291 6.7178547 7.15 T
24.1813918 7.8315842 6.61 T
24.4211081 12.0784169 6.84 T
24.4875653 9.7635388 7.63 T
24.5831203 2.5860602 7.09 T
24.8133931 16.6253551 6.89 T
24.8149246 14.2853800 6.88 T
24.9206118 16.4057840 6.11 T
25.1459590 8.7608121 6.39 T
25.2688187 13.7729663 7.71 T
25.3552267 9.0730295 7.48 T
25.3577460 5.4876189 4.59 T
25.4715848 2.7044539 7.94 T
25.5431645 2.3081015 7.53 T
25.6123508 15.7785035 7.71 T
25.6491373 10.2444055 7.32 T
25.9105139 5.7455112 7.71 T
25.9958769 4.9957663 7.97 T
26.0642031 9.4836226 7.87 T
26.1496958 3.2236382 6.91 T
26.2710298 2.5030416 7.32 T
26.3489146 9.1580269 4.37 T
26.4272634 8.5590825 6.54 T
26.4325362 3.6671576 7.00 T
26.4790750 3.4174861 6.86 T
26.6474086 17.4127084 6.57 T
26.7879929 10.8441741 7.04 T
27.0459320 16.9553387 5.84 T
27.0865157 17.0230601 7.37 T
27.1083522 3.6855584 6.01 T
27.1693686 7.6838005 7.18 T
27.2272353 16.3773992 7.60 T
27.2515349 1.3314987 7.40 T
27.4831558 7.2231569 7.47 T
27.7161115 11.0432046 5.96 T
27.7349763 6.0062821 7.85 T
27.7791503 8.5480597 7.92 T
27.9180197 17.7966605 7.96 T
28.1602703 2.4981663 7.63 T
28.3745850 12.6821593 7.11 T
28.3890877 3.1876655 4.71 T
28.4094178 7.6338866 7.61 T
28.4891685 10.6122492 6.82 T
28.5503642 9.9501787 7.87 T
28.5923434 8.7810649 6.81 T
28.6024743 11.4028050 7.24 T
28.6967088 13.7569831 7.58 T
28.7016572 3.3937956 7.81 T
28.8118519 15.3405068 7.93 T
28.8264191 6.4370177 7.56 T
28.9146601 12.5732236 7.71 T
28.9752047 1.8510804 6.79 T
28.9752047 1.8510804 6.84 T
29.3379638 17.8173903 5.21 T
29.6600780 15.9300989 7.90 T
29.6985774 17.0255686 7.85 T
29.8579110 12.2946478 6.10 T
29.9937443 6.0353755 6.87 T
30.0396153 3.0954356 5.94 T
30.0530128 6.9179246 7.65 T
30.0908212 4.3895245 7.20 T
30.0947156 10.6298587 7.71 T
30.2903473 16.5649828 7.70 T
30.4600643 15.0670994 6.67 T
30.4693922 7.8640669 7.12 T
30.5119595 2.7636737 4.10 T
30.5119595 2.7636737 5.17 T
30.6047550 12.6848503 6.99 T
30.6461475 13.4766968 6.18 T
30.6477860 9.0815900 7.48 T
30.6949617 1.9383026 7.66 T
30.7399331 11.0187485 6.67 T
30.7585497 3.3595100 6.95 T
17.0925000 5.6497222 5.52 B
22.4704167 18.3555556 6.02 B
22.5462500 6.1438889 4.84 B
24.2745833 12.1416667 5.57 B
31.5512500 8.2475000 6.31 B
