272.4712606 61.8812002 7.31 T
272.7797228 60.4095538 6.49 T
272.8811205 60.6123426 7.76 T
272.8963678 48.2891678 6.76 T
273.1304543 49.0985602 7.86 T
273.6706451 56.5884010 6.70 T
273.7046202 58.0025652 7.97 T
273.7342412 49.1588012 6.97 T
273.8153714 54.1400670 6.94 T
273.8335377 50.9710379 7.71 T
273.8815609 56.8866920 7.82 T
273.8924184 47.5607251 7.52 T
274.0032713 53.2969557 7.33 T
274.0139079 50.5325422 7.43 T
274.5752866 46.4068830 7.10 T
274.7485022 48.5714363 7.75 T
274.9832344 51.3475103 6.42 T
275.2798113 49.7256265 6.51 T
275.3727535 51.3009397 6.80 T
275.3858541 49.1219044 5.22 T
275.3894016 52.9021643 7.78 T
275.5493308 51.5418193 6.86 T
275.7485821 46.3631451 7.25 T
275.7896480 54.4238196 7.68 T
275.9501577 53.3007736 6.37 T
275.9930076 58.8243734 7.95 T
276.2992879 49.8641686 7.27 T
276.3228384 46.8853895 7.99 T
276.3260004 48.7617095 7.45 T
276.6014991 46.8090286 7.91 T
276.6615905 59.7056173 7.16 T
276.8647918 49.8189987 7.50 T
276.9176728 53.9509445 7.33 T
276.9261572 59.5493418 6.53 T
277.0000314 57.3983814 7.90 T
277.0804165 55.6741353 7.81 T
277.1483943 46.4232614 7.24 T
277.1788295 51.9448969 7.75 T
277.8293718 62.5383588 7.26 T
277.9657138 49.8912427 7.69 T
277.9768483 59.4198465 7.77 T
278.0473558 52.1155428 6.55 T
278.1438750 57.0455552 4.83 T
278.1578543 46.0925979 6.83 T
278.4486056 46.2192333 6.71 T
278.4861675 52.3535235 5.50 T
278.5996853 51.1132341 7.76 T
278.6093998 57.8017839 7.39 T
278.6361882 55.9329514 7.70 T
279.1404153 48.8553793 8.00 T
279.3895457 62.5269117 5.72 T
279.3950218 46.1501872 7.44 T
279.3976883 47.9816644 7.98 T
279.6013340 60.7113891 6.68 T
279.6334976 55.2456578 7.67 T
279.7136357 52.3440048 7.63 T
279.9701491 52.1962118 5.98 T
280.7112986 47.5754527 6.98 T
280.8243145 57.8178747 7.69 T
280.8709749 53.8716779 6.20 T
280.9397782 57.9484973 7.45 T
280.9767260 47.6159786 6.83 T
281.0760801 61.0482716 6.25 T
281.0883690 61.9386664 7.50 T
281.1294283 57.2858372 7.76 T
281.2309308 54.8971745 6.35 T
281.2653479 46.1355811 7.89 T
281.5078902 59.6872051 7.30 T
281.5431294 46.6309281 7.92 T
281.6796346 52.9879260 5.87 T
281.7461770 46.3148272 6.51 T
281.8733584 49.4319648 7.23 T
281.9173255 49.0749359 6.71 T
282.0668015 48.7678618 6.14 T
282.3651906 57.8401033 7.97 T
282.5750861 60.8376618 6.82 T
282.5904826 54.3008715 7.43 T
282.8013834 59.3885043 4.76 T
282.8951006 52.9769406 5.61 T
282.9725981 53.0656628 7.79 T
283.0091316 59.6670941 6.93 T
283.3064406 50.7080822 5.01 T
283.4362585 60.0178697 7.01 T
283.4432039 57.4864596 6.37 T
283.6264375 58.7350917 7.73 T
283.6958100 48.8585878 5.89 T
283.8882958 47.4404238 7.15 T
283.9773162 46.5134183 7.97 T
284.1339802 46.7660324 7.10 T
284.1873858 57.8144612 5.79 T
284.2304056 56.7496709 7.17 T
284.2710350 51.7209352 7.95 T
284.3222985 62.3965225 6.59 T
284.3686513 58.2252451 7.01 T
284.3692344 58.2251782 7.44 T
284.5964315 47.8363457 7.75 T
284.6412776 60.6675048 6.89 T
284.7474938 50.8091921 6.45 T
284.7538696 49.3194375 7.47 T
285.0570470 50.5334799 5.35 T
285.1809582 55.6582534 5.61 T
285.2772811 48.0353776 7.14 T
285.3600813 46.9343122 5.03 T
285.5292613 52.2608432 6.50 T
285.5425613 47.2874927 7.49 T
285.8700880 62.0943905 7.12 T
285.9448502 49.6329266 7.55 T
286.0193489 48.8668172 7.70 T
286.2298055 53.3967921 5.39 T
286.2909460 49.9231957 6.60 T
286.4584513 59.2920991 7.69 T
286.9451409 49.4855849 7.42 T
287.0225876 55.3980770 7.96 T
287.0842151 55.3306908 7.49 T
287.1064349 52.4253898 6.01 T
287.1389678 50.3639532 6.91 T
287.4071387 58.2758014 7.79 T
287.6145665 48.4444109 7.21 T
287.8072805 52.0245985 7.91 T
287.9195412 56.8595233 5.24 T
288.0177166 49.8578211 6.67 T
288.0189167 49.8596385 6.54 T
288.0498633 57.6745335 7.12 T
288.0654932 47.3749930 6.64 T
288.4213889 53.2124368 7.98 T
288.4796001 57.7046844 5.13 T
288.5716796 59.6893790 7.70 T
288.5856322 55.9404871 6.85 T
288.6098834 48.7190748 7.42 T
288.8297560 50.0711022 6.46 T
289.1097488 46.5964766 7.89 T
289.2140424 47.0009143 6.06 T
289.2763418 53.3692245 3.88 T
289.3274878 49.8498545 7.30 T
289.4552940 59.8365357 7.65 T
289.5486110 60.9601747 7.12 T
289.6580173 49.5697227 6.44 T
289.9020039 54.3758060 6.23 T
290.0671235 57.6451673 6.10 T
290.0792953 56.8861366 8.00 T
290.3560601 57.7670623 6.74 T
290.4006809 52.3765689 6.96 T
290.7514026 56.2261504 7.44 T
290.8117880 47.1956491 7.90 T
290.8491397 50.2713949 6.49 T
291.0230471 46.4384378 7.63 T
291.4448287 58.0273644 6.57 T
291.6108633 62.5573947 6.53 T
291.6188252 47.9698572 7.58 T
291.7003355 50.1459619 7.46 T
291.8580292 52.3202747 5.72 T
292.0940606 53.9703772 7.97 T
292.4267028 51.7305915 3.77 T
292.4955892 46.9464940 6.88 T
292.5511958 55.4235791 7.00 T
292.5523769 56.6443199 6.92 T
292.6437408 56.1362842 6.67 T
292.7545920 46.3318286 7.16 T
292.7732252 48.5821376 7.21 T
292.7771293 58.5835335 6.70 T
292.8064401 55.7317187 6.49 T
292.8180503 47.4809936 6.91 T
292.8302478 50.3069987 5.68 T
292.8691012 55.2656628 6.97 T
293.2879691 59.3961787 7.80 T
293.2920068 60.1587178 6.46 T
293.4234025 49.2622400 6.23 T
293.4738771 56.4601682 6.98 T
293.5827800 51.2354509 5.77 T
293.6659341 48.1640673 6.81 T
293.7551816 52.5018081 6.50 T
293.8826560 53.5460107 7.41 T
293.8883568 47.4356914 7.66 T
293.9817119 56.9826380 6.80 T
293.9830891 50.2388644 6.60 T
294.1104543 50.2227305 4.53 T
294.4866187 49.2852928 6.57 T
294.6719767 54.9748118 5.94 T
294.7736164 54.1815136 7.93 T
294.9858469 59.8411860 7.79 T
295.0550548 60.5070495 6.51 T
295.0675131 55.7943644 7.37 T
295.1889391 48.5126454 7.92 T
295.4525199 50.5240693 6.00 T
295.4652624 50.5165058 6.23 T
295.5174163 55.4629627 6.70 T
295.6982385 47.2089401 7.35 T
295.8115835 58.0162829 6.36 T
295.8202184 52.5610697 7.86 T
295.8436396 47.2446945 7.71 T
295.9145824 57.0428650 6.38 T
295.9537679 52.6110372 7.67 T
296.6028937 54.4056052 6.84 T
296.6365790 50.0102286 6.80 T
296.8615734 47.9073401 6.32 T
297.5908385 61.2093117 6.76 T
297.6999039 50.3554401 7.99 T
297.7303023 49.7002784 7.37 T
297.8876023 50.6546791 7.88 T
298.0338156 52.2815014 7.37 T
272.6316667 54.2866667 5.95 B
273.4741667 64.3972222 5.03 B
275.9770833 58.8005556 4.98 B
280.2345833 62.7497222 6.09 B
280.6579167 55.5394444 5.04 B
282.8958333 52.9750000 5.51 B
288.0191667 49.8541667 6.75 B
288.0208333 49.8561111 6.57 B
289.2141667 46.9991667 6.00 B
290.9854167 43.3880556 5.84 B
295.4537500 50.5252778 5.96 B
295.4666667 50.5175000 6.20 B
297.6570833 52.9880556 5.03 B
