5.7681722 -65.1214693 7.95 T
5.9311345 -62.4245552 7.70 T
7.0843254 -64.7297412 7.77 T
7.8872705 -62.9585775 4.28 T
7.8907556 -62.9658677 4.50 T
8.1841386 -63.0318260 5.07 T
8.3487669 -71.2663238 6.14 T
8.3857290 -61.1472277 7.76 T
8.9476724 -73.2218378 7.96 T
9.0046717 -59.7173528 6.95 T
9.1574761 -65.1244980 6.56 T
9.5366885 -66.0424894 7.44 T
9.5711887 -73.9634393 7.49 T
9.6686996 -73.1375892 6.88 T
10.1178112 -59.4518352 5.96 T
10.6190290 -65.4677787 5.44 T
10.6729012 -65.6085048 7.06 T
10.6780660 -60.2631343 6.13 T
10.8193004 -64.8195162 7.78 T
11.0348061 -74.2655341 7.63 T
11.1334013 -62.4974993 6.31 T
11.1660081 -65.6541514 6.62 T
11.2278713 -63.1968685 7.11 T
11.5708817 -62.6758955 7.74 T
12.7181108 -71.1511944 6.90 T
13.1022565 -69.5042048 6.70 T
13.1182271 -69.5033605 7.35 T
13.1507793 -63.7409726 7.06 T
13.2881160 -74.6514295 7.70 T
13.4088150 -62.8713515 5.92 T
13.7514475 -69.5273424 5.57 T
13.7520014 -74.3016362 6.80 T
14.0930304 -63.9574125 7.25 T
14.4584651 -63.7739496 7.86 T
14.4667841 -66.5608891 7.30 T
14.5931452 -60.6960898 6.25 T
14.8317995 -58.4049849 7.90 T
15.2241328 -72.6975997 7.85 T
15.3302412 -60.8595445 6.99 T
15.3881686 -71.5498097 7.88 T
15.6789427 -65.4560829 6.47 T
15.8231150 -60.0980648 7.58 T
15.8253137 -60.0989758 7.67 T
16.1428331 -64.7011147 7.73 T
16.2851571 -71.7336465 7.48 T
16.8287327 -61.7753652 5.44 T
17.0181259 -61.8716950 7.50 T
17.5069995 -72.9570448 7.26 T
18.0463222 -73.9068612 7.24 T
18.8438680 -62.1087463 7.99 T
18.9493149 -68.8752966 5.00 T
19.1234033 -67.4308696 6.96 T
19.2665269 -66.3978322 6.41 T
19.3963753 -65.2117496 7.15 T
19.4635653 -67.1103521 7.42 T
19.9390260 -68.8974518 7.12 T
20.0533176 -60.0742599 7.45 T
20.0591156 -72.7492713 7.49 T
20.4529129 -66.3841662 6.96 T
20.4942021 -69.7187378 7.37 T
20.5394644 -59.1266975 7.61 T
20.5886046 -61.3292918 7.41 T
20.6157436 -61.0030273 7.96 T
20.7022210 -69.0797627 7.69 T
20.9864526 -60.6289601 7.86 T
21.0021137 -72.3243936 7.82 T
21.2724437 -64.3695776 6.09 T
21.3339081 -59.4985727 7.11 T
21.9123748 -71.7037589 7.36 T
22.1730890 -68.1752995 7.61 T
22.6938211 -59.6595768 7.98 T
22.8180740 -65.1178323 7.34 T
22.9053668 -61.2492901 7.43 T
23.3758805 -70.8679688 7.87 T
23.4989196 -62.4762221 6.94 T
23.9353522 -60.9665230 7.85 T
24.1869312 -58.2709663 6.39 T
24.4730395 -60.5114854 7.39 T
24.5210397 -66.5564183 7.81 T
24.6508016 -65.6065986 7.24 T
25.1010468 -60.9991244 7.66 T
25.4500391 -60.7895831 5.83 T
26.1377169 -61.0187509 6.77 T
26.3335779 -73.5531097 7.71 T
26.6631918 -61.3910897 7.73 T
27.3444920 -72.4118550 7.79 T
27.4497188 -64.3860985 7.57 T
27.5596485 -58.9395510 7.49 T
27.6070034 -62.9578837 7.50 T
28.1452599 -67.9445439 6.75 T
28.7351013 -67.6468457 4.79 T
28.8329618 -60.3125105 7.23 T
28.9438492 -60.8605589 6.10 T
28.9689368 -68.3919072 7.19 T
29.1556760 -58.4713542 7.59 T
29.4718685 -65.4247356 6.46 T
29.9009648 -65.4477408 7.34 T
29.9218764 -66.0665117 6.21 T
30.1249038 -62.7622481 7.73 T
30.2584128 -65.1091405 7.89 T
30.3007466 -66.3487101 7.71 T
30.4595613 -63.6224219 6.94 T
30.4681180 -74.4458213 7.04 T
30.6569608 -70.4193104 7.05 T
31.1274690 -58.3443312 7.71 T
31.1495796 -65.1362048 7.31 T
31.4243793 -71.6063289 7.44 T
31.7456243 -65.9458347 6.81 T
31.7997299 -60.9824271 7.57 T
31.8600099 -59.6795236 7.56 T
32.5393405 -64.3550071 7.58 T
32.5645834 -61.0969757 7.99 T
32.7885732 -59.1518528 7.39 T
32.8239076 -74.5013272 7.25 T
32.9798166 -70.9509128 7.20 T
33.1770369 -66.1542570 7.43 T
33.5567351 -63.7955860 7.93 T
33.5610058 -67.8411352 5.74 T
33.8699963 -67.7464499 5.81 T
33.9683368 -69.4317162 7.43 T
34.1846929 -63.3921067 7.83 T
34.5608988 -67.7886540 7.93 T
34.8573259 -61.9371403 7.78 T
34.9455785 -68.0842617 7.40 T
35.0690715 -60.6808150 7.83 T
35.1665708 -73.3128336 7.87 T
35.1823741 -62.5458489 7.80 T
35.4364219 -68.6594126 4.08 T
35.5490093 -59.7593383 7.49 T
35.7161484 -73.6457174 6.11 T
36.0504153 -74.4359793 7.80 T
36.1166865 -63.7276739 7.85 T
36.2237292 -60.3127623 5.40 T
36.3599019 -66.4940184 6.59 T
36.3734224 -67.7687187 7.88 T
36.3759786 -70.1017806 7.67 T
36.5976627 -68.6352693 7.81 T
36.9449461 -69.5237929 7.41 T
37.0187669 -64.2997378 6.34 T
37.0308605 -65.5631177 7.18 T
37.4758140 -68.6109057 7.99 T
37.7196953 -64.0456216 7.19 T
37.7352498 -62.5966304 7.99 T
37.7971795 -67.9679109 7.39 T
38.2738722 -72.4435854 7.93 T
38.3902721 -62.5865834 6.76 T
38.4351555 -72.3491962 6.90 T
38.4659286 -60.9826223 6.78 T
38.5289310 -74.0232762 7.50 T
39.4938255 -67.3009884 7.01 T
39.7218109 -70.6798203 6.86 T
39.8825207 -64.2815882 6.52 T
39.8941853 -66.9574482 7.24 T
39.8987535 -68.2669420 4.09 T
39.9355961 -62.6964708 7.64 T
39.9636065 -66.1187680 7.56 T
2.6608333 -73.2244444 6.64 B
3.9800000 -75.9113889 6.49 B
5.1625000 -69.6250000 5.51 B
5.3691667 -77.4269444 5.97 B
6.4379167 -77.2541667 2.80 B
8.3470833 -71.2661111 6.13 B
12.1475000 -74.9233333 5.07 B
18.9420833 -68.8761111 4.86 B
23.8133333 -58.1394444 6.01 B
29.6925000 -61.5697222 2.86 B
40.8608333 -66.7144444 6.26 B
41.3858333 -67.6166667 4.84 B
0.3987500 -77.0658333 4.78 B
1.1279167 -72.8977778 7.31 B
1.1720833 -71.4369444 5.59 B
