301.3886371 61.9958512 5.54 T
302.2368242 62.0765297 6.74 T
302.8970827 62.0790210 5.76 T
303.3501526 56.5682347 4.29 T
303.4010368 53.6591711 7.33 T
303.4202003 53.1261515 7.19 T
303.8680151 47.7142428 4.16 T
303.9303539 50.2329702 6.37 T
304.0665545 51.9987739 7.46 T
304.4596864 54.3227910 6.78 T
304.5579515 58.8092421 7.64 T
304.6031092 55.3967501 6.01 T
304.7069175 46.3221563 6.42 T
304.9032127 62.2576362 5.70 T
304.9835086 46.8373480 6.46 T
305.5526557 50.5411663 7.03 T
305.6283453 54.9321547 7.47 T
305.7560700 54.6728286 6.69 T
306.1349490 53.5520276 6.47 T
306.1472313 48.6928037 7.73 T
306.1614461 55.4429346 7.30 T
306.2708834 59.6000464 6.45 T
306.3192787 60.0118397 7.49 T
306.3866973 54.6841603 7.25 T
306.5979344 56.6387340 6.37 T
306.7600740 49.3837248 5.75 T
307.3288132 60.4215100 7.68 T
307.3368383 50.4603775 7.58 T
307.3629889 56.0682537 5.90 T
307.5148463 48.9516155 4.92 T
307.5209740 48.6414723 7.63 T
307.6117276 52.2938373 7.46 T
307.7197065 49.2131055 6.64 T
307.8284947 49.2200892 5.62 T
307.8385235 52.3099106 6.32 T
307.8955880 56.3559210 7.65 T
307.9438374 49.5423927 7.56 T
308.0186478 60.4218725 7.20 T
308.0710888 54.1563349 7.41 T
308.1065475 48.2165072 6.96 T
308.2460369 49.8412130 6.71 T
308.3480125 54.8021062 7.05 T
308.4424821 52.8265388 7.35 T
308.4785992 46.6939152 5.75 T
308.4843436 61.7434403 7.03 T
308.4927690 46.4162464 7.65 T
308.6698866 49.1773123 7.25 T
308.7099893 51.8541968 6.22 T
309.0678992 59.2132340 7.60 T
309.2833471 61.3643213 7.07 T
309.7506700 56.0045838 6.49 T
310.0747433 60.5064305 6.06 T
310.1369551 55.1069569 7.34 T
310.5526629 50.3400400 5.38 T
310.5699595 57.3854093 7.21 T
310.6653028 60.6012171 6.16 T
310.7315965 49.0527832 7.34 T
310.8069923 57.1139605 6.37 T
310.8725251 55.2917457 6.95 T
311.3235607 61.8438861 3.51 T
311.3372890 57.5782595 4.57 T
311.3374599 46.3546577 6.69 T
311.6606506 46.5316089 6.31 T
311.9552855 47.8317543 5.76 T
311.9715497 52.4061407 6.38 T
312.1780682 51.9102865 6.38 T
312.2345067 46.1141243 4.89 T
312.3291407 58.7487275 6.85 T
312.4030891 51.3140207 6.69 T
312.4777231 46.6613467 6.32 T
312.5760932 56.7984706 7.09 T
312.7731498 51.4175370 7.36 T
312.9889946 46.7347802 7.50 T
313.0877898 55.0513244 6.77 T
313.1802574 56.5849937 7.45 T
313.3565338 48.2675233 7.39 T
313.4227969 59.3074627 7.00 T
313.4228200 61.7768586 7.34 T
313.4673558 56.3629907 7.54 T
313.4683210 49.5333997 7.08 T
313.4966332 57.1754818 7.22 T
313.5060497 48.4375717 7.69 T
313.6665096 46.2312037 6.67 T
313.9574991 47.4176295 5.76 T
314.0533443 51.0750405 6.58 T
314.0709238 56.8875440 6.19 T
314.1065588 50.7284799 5.86 T
314.1079856 49.1959077 6.03 T
314.2375495 47.5789535 7.66 T
314.4528102 55.4877928 7.29 T
314.5637731 47.6177075 7.46 T
314.6252634 50.4619165 5.94 T
314.6252634 50.4619165 6.79 T
314.7278210 46.2523079 7.06 T
314.8563031 59.4386736 5.69 T
314.9564994 47.5209450 4.74 T
315.0276724 48.6794654 7.34 T
315.2076518 46.5785168 7.37 T
315.2955581 46.1557958 5.40 T
315.4787760 57.7653899 7.17 T
315.4793408 57.0718851 6.67 T
315.5375441 56.6697651 6.22 T
315.5375441 56.6697651 6.89 T
315.8593501 50.3522075 6.47 T
315.9307817 46.8627874 6.34 T
315.9488401 53.2860752 6.03 T
316.4333600 47.8047385 7.42 T
316.4843736 48.0444803 7.58 T
316.6054828 59.4391142 7.55 T
316.6504423 47.6483959 4.70 T
316.6822291 48.1890802 7.60 T
316.8057724 47.7343920 7.33 T
316.8489236 47.2775035 7.25 T
316.9014713 51.5840895 7.36 T
317.0756716 53.2265496 7.48 T
317.2413361 47.2710077 7.01 T
317.5651254 53.5630816 5.73 T
317.6289332 47.6922495 6.55 T
317.9150728 53.7462124 7.08 T
317.9508358 59.9865301 6.09 T
317.9508358 59.9865301 6.77 T
318.5202725 58.2971190 7.25 T
318.9049133 47.9739750 6.42 T
319.1115585 48.7924543 7.51 T
319.2589604 53.9979366 6.12 T
319.3282572 58.6114522 6.45 T
319.3666892 56.7629301 7.53 T
319.5122128 46.8573228 7.01 T
319.7806121 61.8584290 6.70 T
319.8153164 58.6234652 5.85 T
319.8520016 52.3243687 7.31 T
319.8698995 49.5103245 5.72 T
320.1060654 60.6871479 6.78 T
320.1388080 60.7562778 6.22 T
320.2723216 56.5416567 7.60 T
320.3355696 46.7299123 6.75 T
320.5020901 49.3892239 5.79 T
320.6207671 49.4913619 6.85 T
320.9590884 47.1645338 7.16 T
320.9916984 51.6572008 7.07 T
321.0248061 48.5567739 7.50 T
321.0425170 48.8195345 7.41 T
321.0587418 60.7973088 7.70 T
321.2308420 49.3230589 6.56 T
321.3331763 46.7146313 5.62 T
321.6213369 52.7479140 7.59 T
321.6875376 52.8985574 5.97 T
321.7156682 48.8353262 5.30 T
321.8730755 47.8022734 7.47 T
321.9763640 46.5615008 6.84 T
321.9993373 53.2892793 7.19 T
322.1017597 48.4341980 7.57 T
322.1318292 50.4452813 7.36 T
322.2020027 49.7950600 6.80 T
322.2199156 55.4187856 6.14 T
322.2618082 61.4331472 7.15 T
322.3626851 46.5412430 5.32 T
322.4031075 46.4264464 6.74 T
322.4433583 60.3786376 7.46 T
322.4707177 52.9338636 7.24 T
322.5788344 48.3907316 7.34 T
322.5849365 52.9581020 6.02 T
322.7573441 59.4184303 6.94 T
322.8644613 52.6198683 6.28 T
322.9265069 48.5844928 6.82 T
322.9359376 48.4842261 7.64 T
323.0614987 46.2572203 7.37 T
323.0710408 48.4437092 6.57 T
323.2359603 49.9777272 5.75 T
323.2920271 48.3032859 6.82 T
323.4407684 54.3158967 7.57 T
323.6144592 51.6984605 6.16 T
324.0409133 50.5022070 7.16 T
324.0555618 50.6790570 7.23 T
324.4116484 54.0421875 6.27 T
324.4973474 48.4870590 7.62 T
324.6094822 56.9736953 7.45 T
324.6517448 53.5804314 7.10 T
324.7363649 57.4942552 7.53 T
324.7400362 57.4890282 5.73 T
324.7453216 57.4873876 7.48 T
324.8122441 46.1754167 7.62 T
324.8229627 52.3624302 7.53 T
325.0049157 53.9689766 7.59 T
325.0481720 49.6829991 7.12 T
325.1805359 54.8721772 6.28 T
325.5236345 51.1895932 4.65 T
325.5879004 50.8580230 7.22 T
325.6007146 57.7360342 6.94 T
325.6617283 49.6002314 6.20 T
325.8769821 58.7800196 4.27 T
326.0715302 49.2689959 7.50 T
326.1057947 46.8629823 6.65 T
326.2219395 62.4605538 5.97 T
326.4265283 62.3083189 7.51 T
326.8552936 60.6926804 5.70 T
327.9484975 61.9428880 7.43 T
328.7574898 62.0090867 7.36 T
329.3236108 61.2952831 7.03 T
329.7474428 61.6621547 7.10 T
305.1266667 53.5961111 6.18 B
307.9437500 56.7800000 6.14 B
311.0916667 56.4880556 5.78 B
311.3225000 61.8388889 3.43 B
311.5883333 52.9952778 6.33 B
311.8366667 45.5797222 6.40 B
311.9700000 52.4072222 6.27 B
312.3225000 64.0422222 6.45 B
313.3116667 44.3872222 4.78 B
313.3275000 45.1819444 5.45 B
314.1445833 44.9250000 5.96 B
314.5812500 44.4716667 5.55 B
315.6004167 44.7911111 6.19 B
315.7020833 45.8488889 6.48 B
316.2329167 43.9277778 3.72 B
317.4941667 45.5025000 6.63 B
317.3704167 63.2955556 6.54 B
318.4275000 64.4038889 6.39 B
319.3095833 55.7980556 5.98 B
319.6450000 62.5855556 2.44 B
321.8554167 59.7500000 6.10 B
322.7470833 60.4594444 5.53 B
328.0041667 55.7969444 5.71 B
