192.5440395 37.5170808 5.89 T
193.2548063 26.7936096 7.73 T
193.4822944 26.7799701 7.03 T
193.5538523 33.5346716 6.26 T
193.6670838 22.1077177 7.06 T
193.7843491 27.7658985 7.87 T
193.9365865 32.0004867 6.98 T
194.6401723 28.3196405 6.96 T
194.6710281 22.0413441 7.27 T
194.8874367 28.0656445 7.21 T
195.0071841 32.0843048 7.97 T
195.0305891 34.9193465 7.72 T
195.0422788 34.9984323 7.87 T
195.0684734 30.7849658 5.02 T
195.1069595 31.7791212 6.75 T
195.2649652 24.3160954 7.96 T
195.3342566 38.0482179 7.83 T
195.5866094 30.3577433 7.99 T
195.6273807 23.4995935 7.88 T
195.6379887 32.4335209 7.59 T
195.7474853 22.6374253 6.93 T
195.7600745 23.2024696 7.59 T
195.7930304 23.8265871 7.16 T
195.9546163 31.0012994 7.46 T
196.4201431 26.5857100 7.60 T
196.5422525 29.0291596 6.52 T
196.5943969 22.6159178 5.76 T
196.5946576 22.2800456 6.86 T
196.7949488 27.6243127 4.95 T
196.8520536 26.5240347 7.73 T
196.9731836 27.5555790 6.33 T
197.0097173 24.8313722 6.92 T
197.4101874 37.4231661 6.14 T
197.6911142 34.3004657 6.94 T
197.8116333 33.4656853 8.00 T
197.8845809 21.9185195 6.92 T
197.9626487 27.8836933 4.30 T
198.0085093 32.0854809 7.40 T
198.0085093 32.0854809 7.64 T
198.0349771 24.2577570 6.42 T
198.3997886 36.8875764 6.71 T
198.4245611 29.8176609 7.39 T
198.4357761 32.5303084 6.78 T
198.4707131 25.6980112 7.34 T
198.7854748 35.4458192 6.83 T
198.9013593 28.7420189 7.41 T
199.3341313 32.4870991 7.73 T
199.6157714 34.0983449 5.95 T
199.6552655 26.3658806 7.79 T
199.7575577 28.5685338 7.25 T
199.7674902 35.1280836 6.04 T
199.9274798 36.0829206 7.30 T
199.9466148 36.3741408 7.76 T
200.1646529 24.6483717 7.99 T
200.2955439 37.8571070 6.99 T
200.4867124 25.9982302 7.71 T
200.4988121 24.8822438 7.10 T
200.5629848 30.2917092 6.95 T
200.6412595 26.1158343 7.72 T
200.9444592 25.5479813 7.49 T
200.9748218 37.0338655 6.31 T
201.0977873 32.0845705 7.72 T
201.2777620 23.8543599 5.76 T
201.5282101 30.7024719 7.98 T
202.0781552 31.1492324 7.09 T
202.4833173 34.5243795 7.72 T
202.6254231 34.4926540 7.92 T
202.7175740 24.2377157 7.67 T
202.7539202 26.3902184 7.40 T
202.8216047 36.4803554 7.77 T
202.8996640 37.1142917 7.81 T
202.9560652 26.6008622 7.86 T
203.0915037 36.8181892 7.34 T
203.1998087 30.7483286 7.62 T
203.2013431 24.3455552 6.21 T
203.2120902 34.9070343 6.81 T
203.3438904 33.6575619 6.81 T
203.4575938 32.3361428 7.89 T
203.6998685 37.1823544 4.98 T
203.7958018 22.5004587 6.97 T
204.2460037 24.6132865 5.91 T
204.3650931 36.2947486 6.95 T
204.4100421 33.7380564 7.36 T
204.5029114 22.5267362 7.10 T
204.7380026 24.1316765 7.80 T
204.8558863 26.6844793 7.27 T
205.0023153 25.9267029 7.92 T
205.0643678 31.0126114 6.31 T
205.0881128 22.2325771 7.85 T
205.1237766 32.8358233 7.79 T
205.1623141 28.0652249 6.36 T
205.2596733 22.4956137 5.74 T
205.6424753 23.3183548 7.51 T
205.6810572 34.9890860 6.07 T
205.9385228 22.7001960 6.28 T
206.0439038 27.5854277 7.15 T
206.3920100 34.6473096 7.58 T
206.4999659 37.5246810 7.64 T
206.5232703 34.0600703 7.92 T
206.5553497 30.8964057 6.56 T
206.6803831 25.7018632 6.02 T
206.8815303 37.8932918 7.11 T
207.0836593 31.4010373 7.53 T
207.1350161 29.8612216 7.80 T
207.1613686 31.1904545 5.72 T
207.1776943 32.9766925 7.74 T
207.1879013 27.8811658 7.28 T
207.4365272 36.6329585 6.46 T
207.4943188 32.5221050 7.65 T
207.7691318 34.7724723 6.65 T
207.7884841 34.6640716 6.07 T
207.8179238 24.6952779 7.75 T
207.9476587 34.4440388 4.94 T
208.2919542 28.6483224 5.93 T
208.3459594 33.7867652 7.14 T
208.5384113 28.3277519 7.85 T
208.5687162 34.6070418 7.76 T
208.6057202 29.9156591 7.56 T
208.6629576 37.0640908 7.50 T
208.9501110 22.6804822 7.80 T
209.0197783 28.6726062 6.99 T
209.0389860 25.9186620 6.83 T
209.0427137 32.0329055 6.35 T
209.0857962 31.8817356 7.87 T
209.1426162 27.4917807 5.17 T
209.4872198 32.6009329 7.27 T
209.7254537 24.6919229 7.40 T
209.7719437 25.8159399 7.46 T
210.2637628 32.4892268 7.75 T
210.2653760 21.9760506 7.21 T
210.2931167 27.3867092 6.25 T
210.3428957 31.5633496 7.03 T
210.3918138 36.2239165 7.62 T
210.5849193 36.1113315 7.28 T
210.6311296 31.6609130 7.21 T
210.7999393 32.8136799 7.38 T
210.8415009 22.4956349 6.90 T
210.8633843 27.5098850 7.30 T
211.1914929 25.8170532 7.00 T
211.4218469 22.7305507 7.80 T
211.6091785 30.8456320 7.72 T
211.6734822 34.7785463 7.13 T
211.7321066 28.4380509 7.01 T
212.4349871 37.3301402 7.62 T
197.9683333 27.8780556 4.26 B
202.1091667 40.7297222 6.47 B
203.5908333 38.7891667 6.37 B
