80.0475184 36.6746462 7.49 T
80.1795126 37.4386713 6.80 T
80.6467860 37.6759586 7.46 T
80.7559141 28.4686532 7.60 T
80.8453981 28.9365574 6.43 T
80.9636317 36.3983343 6.94 T
81.1598812 31.2238639 6.43 T
81.1604307 31.1431208 5.93 T
81.1630865 37.3852746 5.16 T
81.3038494 34.8547306 6.65 T
81.3749910 34.1863412 6.75 T
81.4102984 38.0446882 7.90 T
81.7033669 34.3917738 5.92 T
81.7137510 33.2621987 6.29 T
81.7844635 30.2085656 5.74 T
81.9087099 21.9369205 4.84 T
81.9120024 34.4756436 5.22 T
81.9413332 33.9459389 7.50 T
82.0040571 33.7624090 6.47 T
82.1100882 34.6974326 6.68 T
82.3188001 25.1499645 5.83 T
82.3197116 32.1991940 7.12 T
82.4195914 29.1861522 6.24 T
82.4277134 35.3750082 6.92 T
82.4373912 33.3447732 7.29 T
82.6191338 31.2821615 7.92 T
82.6809147 22.4621311 6.42 T
82.9397883 34.8819310 7.83 T
83.1148434 26.9814578 7.14 T
83.1819595 32.1920115 4.76 T
83.2221111 36.3195599 7.20 T
83.2488709 31.8716839 7.38 T
83.3147932 32.2891916 6.61 T
83.3641523 32.8008345 6.49 T
83.3781956 24.6285373 6.96 T
83.4091211 34.7254997 6.28 T
83.8631159 24.0394695 5.36 T
83.8650144 37.9018812 7.67 T
84.1085854 21.9926764 7.08 T
84.1257846 25.9403565 6.56 T
84.2869977 26.9241874 6.54 T
84.2869977 26.9241874 6.55 T
84.5658952 37.7446086 7.56 T
84.6585572 30.4923721 5.46 T
84.7391351 26.6180083 6.56 T
84.7677761 37.9766645 7.51 T
84.8130568 30.1505387 7.69 T
84.8262932 29.2151634 6.00 T
84.8533050 30.8907246 7.65 T
84.8629960 21.7627352 6.43 T
84.9033111 37.9888859 6.96 T
84.9342484 25.8969508 5.14 T
84.9645435 24.2257167 7.17 T
84.9762685 37.9579946 7.92 T
85.1495913 31.3581397 6.03 T
85.2409254 32.8959708 6.79 T
85.3330294 31.1860680 7.48 T
85.3375190 29.4872525 6.38 T
85.3395220 29.4942804 7.08 T
85.4032484 26.6155206 7.96 T
85.4782410 23.3261295 6.55 T
85.4861998 35.6313407 6.83 T
85.4882270 24.3185151 7.73 T
85.5165995 22.6601773 6.48 T
85.6209065 29.8504252 7.39 T
85.7427099 33.3143922 6.98 T
85.8313060 23.2042764 6.21 T
85.8451106 29.2001138 6.74 T
85.9127215 25.4395041 6.82 T
85.9542296 27.2960567 7.95 T
86.0489820 33.0999851 7.78 T
86.0881672 27.7314399 7.50 T
86.2314720 26.3423262 7.35 T
86.2780011 33.6257786 6.84 T
86.3733604 31.3247019 6.63 T
86.4808215 25.9136649 7.27 T
86.7522165 34.3118224 7.06 T
86.7912785 29.4306658 7.87 T
86.8095382 31.6596562 7.62 T
86.8944477 25.5685679 6.61 T
86.9846321 35.1592756 6.67 T
87.2041061 27.3637468 7.75 T
87.2539948 24.5673408 4.99 T
87.4813825 31.7855707 7.24 T
87.6655215 27.5047522 7.18 T
87.6990512 26.0541186 7.65 T
87.7420938 27.9679445 5.69 T
87.7604704 37.3052745 4.92 T
87.9312042 30.9572465 7.55 T
88.1626375 34.2683004 7.50 T
88.3318917 27.6122031 4.55 T
88.3690262 37.3395773 6.91 T
88.7454710 31.7003751 5.92 T
88.8427102 29.9638959 7.12 T
88.9177647 27.7156502 7.06 T
88.9593001 36.9364051 7.30 T
89.1407068 28.9422547 6.37 T
89.2338380 24.2496783 6.07 T
89.4037851 24.6128901 7.15 T
89.4985541 25.9538962 4.81 T
89.5012282 24.6170944 7.89 T
89.7201281 25.7768469 6.74 T
89.7329437 29.9835735 7.12 T
89.7734837 27.5618318 7.30 T
89.9268104 22.4708251 7.89 T
90.0250867 27.2717106 6.73 T
90.0600408 33.1369239 6.87 T
90.1021671 34.5078801 6.87 T
90.1179450 22.8996137 7.06 T
90.1542566 29.0050017 7.53 T
90.2518876 27.5723500 6.07 T
90.2917030 31.0345169 6.19 T
90.3716734 23.7038979 7.36 T
90.4049837 36.5154045 7.90 T
90.4233849 22.4009113 6.34 T
90.6569310 32.5915051 6.84 T
90.7304961 32.6343619 6.26 T
90.7474613 28.6770255 7.54 T
90.8400562 31.3902994 7.12 T
90.8913546 26.5291034 6.98 T
91.0043227 27.5701758 7.63 T
91.2607337 37.9642260 6.42 T
91.3912403 33.5989934 6.20 T
91.5272962 28.9347723 7.51 T
91.5346289 35.3859061 6.19 T
91.5654040 31.9969970 7.15 T
91.8334093 26.6821468 7.06 T
91.8576544 36.2746066 7.04 T
91.9120594 21.8731472 7.78 T
91.9892520 34.1637075 7.80 T
92.0485593 37.9826750 7.16 T
92.1224918 35.1398649 7.64 T
92.2777920 31.2651972 7.63 T
92.4332709 23.1134629 5.80 T
92.4560636 24.2150856 7.57 T
92.6246940 22.9978663 6.86 T
92.6642918 32.0481770 7.68 T
92.6859468 34.2603950 7.79 T
92.8120880 28.9075749 7.77 T
92.8846110 24.4199287 5.95 T
93.0837840 32.6933593 5.97 T
93.1499709 30.7791412 7.70 T
93.3770225 37.1590992 6.77 T
93.5126332 37.3205652 7.79 T
93.5371725 23.9863415 7.55 T
93.8440173 29.4964375 4.43 T
93.9098186 36.1460871 7.38 T
93.9120340 36.1487005 6.89 T
94.0792622 23.9699780 6.18 T
94.0858419 30.1023397 6.90 T
94.0924714 28.8518935 7.46 T
94.2446104 23.7409000 6.33 T
94.3911126 35.1494487 6.73 T
94.4404402 29.2196139 7.70 T
94.4645319 32.5046029 7.53 T
94.4994918 28.0067310 7.73 T
94.6574714 29.7810897 6.86 T
94.6826633 25.3482382 7.77 T
94.7244645 35.2077104 6.72 T
94.7267775 23.6032469 6.67 T
94.8304055 23.4694012 6.93 T
94.8438559 23.2744924 7.01 T
94.8883525 34.6401148 7.93 T
94.9958124 28.4265564 7.46 T
95.0313125 23.4048384 7.61 T
95.1514481 25.1889787 7.08 T
95.2667756 29.3718145 7.06 T
95.2997285 29.5405002 6.41 T
95.5159294 29.9640765 7.01 T
95.7511557 28.6214809 7.65 T
95.8046889 35.5202435 7.43 T
95.8756479 27.1179989 7.42 T
96.1822917 25.0487152 6.48 T
96.2197726 29.7069752 6.69 T
96.3277220 23.7093367 7.19 T
96.3872098 23.3270621 6.04 T
96.3925450 22.4576981 7.22 T
97.1206274 34.4925221 7.75 T
97.1420327 30.4929435 5.77 T
97.1779612 34.8645693 7.17 T
97.1895501 36.4786153 7.21 T
97.2354895 26.9669670 6.64 T
97.4145343 28.7806407 7.53 T
97.5910307 22.5448515 6.99 T
97.5917048 28.2120552 6.87 T
97.8815614 37.1779227 6.73 T
97.9028795 32.1660425 7.17 T
97.9977209 22.1856650 7.25 T
98.1130695 32.4547985 5.85 T
98.4277650 33.0240406 6.53 T
98.5151003 22.1174371 7.41 T
98.5295051 22.1239112 7.17 T
98.5807756 38.0759607 6.77 T
98.8002569 28.0222220 5.26 T
98.9068462 32.5767859 7.77 T
98.9179747 28.2642396 7.76 T
98.9972207 32.2904459 7.34 T
99.1094669 27.2777789 7.01 T
99.5202491 30.8896409 7.35 T
99.7189620 33.0179413 7.17 T
80.3029167 29.5700000 5.76 B
81.5729167 28.6075000 1.65 B
83.9812500 27.6622222 6.27 B
84.4404167 33.5591667 6.33 B
85.1754167 31.9208333 6.11 B
87.8725000 39.1486111 3.97 B
87.8570833 32.1250000 6.25 B
88.1645833 39.5744444 6.45 B
88.1670833 33.9175000 5.98 B
89.9304167 37.2125000 2.62 B
90.7295833 32.6358333 6.24 B
91.0300000 23.2633333 4.16 B
91.5354167 35.3875000 6.12 B
91.6462500 38.4827778 5.36 B
91.5937500 29.5125000 6.08 B
92.3850000 22.1900000 5.93 B
93.0795833 22.9083333 6.39 B
93.8445833 29.4980556 4.35 B
96.8979167 32.5630556 6.43 B
99.5958333 28.9841667 5.79 B
