91.7643936 -62.1550147 5.18 T
92.7205957 -61.4996079 7.50 T
92.9666108 -50.7928413 7.84 T
93.1342179 -61.4739335 7.09 T
93.1342179 -61.4739335 7.58 T
93.4239249 -51.6677188 6.85 T
94.0777071 -59.2154773 6.49 T
94.2694053 -55.4146525 7.62 T
94.5230392 -53.5588124 6.88 T
94.6195766 -56.9999256 7.81 T
95.0277848 -48.7427578 6.68 T
95.2300055 -62.3541916 7.67 T
95.3541667 -60.0219574 6.99 T
95.4586765 -51.2376989 6.76 T
95.5783541 -53.3347583 6.83 T
95.6287826 -60.2182408 6.59 T
95.7321644 -56.3700578 5.63 T
95.9072315 -52.1809688 6.07 T
95.9456539 -58.5437225 6.48 T
96.0572601 -60.2811338 5.77 T
96.2741001 -55.7248241 7.59 T
96.4319484 -48.1770196 5.87 T
96.7670625 -58.0021547 5.96 T
96.9526197 -62.1497817 6.62 T
97.3683192 -56.8525677 5.32 T
97.4536513 -50.2394071 5.42 T
97.4803613 -59.5906937 6.83 T
97.7941992 -61.8794795 6.12 T
97.8273720 -51.8252979 5.63 T
97.9929505 -58.7538143 5.63 T
98.2406288 -48.5453379 7.00 T
98.3591970 -52.3290133 6.29 T
98.7439928 -52.9755335 4.36 T
98.7882704 -61.1730645 7.45 T
99.1139783 -57.5388644 7.20 T
99.2803771 -52.3473169 7.73 T
99.4088433 -49.5277369 7.03 T
99.5012689 -61.5329371 6.32 T
99.6568599 -48.2200395 5.14 T
99.6602143 -60.1829592 7.03 T
99.9307474 -53.4514080 7.35 T
100.0910616 -59.1231361 7.76 T
100.1977068 -47.6214638 6.61 T
100.6195030 -61.7563405 7.24 T
100.7034219 -50.4517156 6.97 T
100.7233754 -55.1151864 7.92 T
101.0407303 -54.7306482 6.66 T
101.0531437 -54.6954626 6.44 T
101.2731135 -46.9357675 7.72 T
101.2936718 -47.2226964 7.18 T
101.3055284 -46.8532965 7.45 T
101.3585773 -52.2009113 6.66 T
101.4737828 -52.4096309 5.95 T
101.6730569 -54.6949100 6.63 T
101.7192574 -51.2662226 5.53 T
101.8279400 -55.5398384 5.80 T
101.8446974 -48.5633120 6.96 T
102.0468400 -61.9396222 3.26 T
102.3064508 -46.7094850 7.34 T
102.4638040 -53.6223328 4.51 T
102.4775616 -46.6122266 5.19 T
102.4843815 -50.6149470 3.05 T
102.5043058 -60.2484601 6.15 T
102.5579221 -52.7999102 7.61 T
102.8652177 -49.2934770 7.59 T
102.8859213 -48.2928079 6.54 T
103.1891480 -59.3409513 6.44 T
103.1958750 -54.0902917 6.67 T
103.5088526 -50.6102175 6.35 T
104.0666459 -48.7210819 5.14 T
104.3683533 -55.6676917 7.36 T
104.4392325 -52.6507890 6.96 T
104.4872080 -49.1465867 7.37 T
104.5028253 -46.0957438 6.80 T
104.6512813 -56.3950709 6.49 T
104.6648832 -55.7296343 6.39 T
104.7498367 -47.0233699 7.28 T
104.9964717 -61.3345139 6.89 T
105.0431931 -56.9069250 7.91 T
105.0697441 -60.8626196 7.69 T
105.0984243 -49.1351938 6.66 T
105.1799204 -61.1416813 7.73 T
105.2143428 -51.4024693 5.35 T
105.2706134 -58.9390134 6.04 T
105.3262066 -50.4666812 7.22 T
105.5105992 -57.3158085 7.36 T
105.5289179 -50.4299260 7.59 T
105.6907352 -49.9278977 6.85 T
105.8127295 -59.1779638 5.83 T
105.8127295 -59.1779638 6.78 T
105.8524232 -52.4252686 6.52 T
105.9727822 -49.5830429 4.94 T
106.0764370 -56.7497013 5.13 T
106.6279657 -57.7784395 7.73 T
106.8052372 -51.9680078 6.06 T
106.8177297 -59.7163648 6.43 T
107.0274487 -57.3309201 6.90 T
107.3538517 -60.3800337 6.98 T
107.6976700 -48.9308647 5.26 T
107.9807887 -56.1551979 6.78 T
108.1388697 -46.7586420 4.52 T
108.1891370 -51.2118279 7.18 T
108.1930384 -57.4908054 6.64 T
108.4160482 -53.6678134 6.68 T
108.4912188 -50.4714133 6.77 T
108.4959330 -48.3029200 7.49 T
108.5922866 -61.0696739 7.21 T
108.6588823 -48.2719441 4.73 T
108.6916593 -46.8496669 5.70 T
108.8380047 -52.4984740 6.07 T
108.8709463 -58.5425924 6.88 T
109.0644641 -46.7743099 5.79 T
109.0662882 -54.2261042 7.66 T
109.0823471 -50.0483929 7.45 T
109.4129210 -59.2619158 7.56 T
109.6904928 -55.2803676 7.77 T
109.8257646 -58.0518324 6.75 T
109.8874411 -57.4487716 7.68 T
110.0885227 -52.3109470 6.00 T
110.0907555 -52.3084224 6.51 T
110.0953282 -56.2942509 6.58 T
110.1616193 -52.0859262 5.36 T
110.1624543 -52.1987146 6.88 T
110.1630621 -58.6732225 7.79 T
110.2078276 -51.4044141 6.80 T
110.2569703 -50.8541958 7.29 T
110.3422453 -48.5269657 6.78 T
110.3459319 -48.5327239 7.74 T
110.4209132 -61.9512324 6.89 T
110.4642501 -55.7710996 7.92 T
110.9252033 -53.6690944 7.18 T
111.0380632 -58.4910883 6.66 T
111.5909852 -51.0184387 5.20 T
111.8532242 -51.4026040 6.80 T
111.9281787 -47.4139766 7.58 T
112.0475761 -58.0728552 6.62 T
112.0781347 -48.8128318 7.98 T
112.4388830 -46.6894272 7.41 T
112.4986195 -52.6508368 5.97 T
112.6191736 -50.6088550 6.54 T
113.1921907 -53.5552045 6.98 T
113.3638087 -50.5842219 6.67 T
113.6168647 -54.0651079 7.34 T
113.6648767 -51.4744713 6.29 T
113.8198203 -46.5776104 7.62 T
113.9157575 -52.5338989 5.08 T
114.0065339 -55.8876670 6.53 T
114.0957966 -47.2420430 7.88 T
114.1088967 -54.1872710 6.85 T
114.1829224 -48.8301741 5.67 T
114.5494455 -51.6447891 7.75 T
114.5758493 -48.6014127 5.73 T
114.6583262 -60.6292065 7.62 T
114.7511381 -53.2733025 6.03 T
114.8199672 -49.0513742 6.95 T
115.1703769 -55.6515720 7.67 T
115.2175868 -54.7068172 6.71 T
115.2545259 -47.8311431 7.30 T
115.4498586 -56.3150985 7.01 T
115.5425319 -58.6308670 6.37 T
115.5484236 -55.1789138 6.91 T
115.5872124 -58.6700008 7.16 T
115.5989299 -56.1459679 7.24 T
115.6496250 -59.2964427 7.25 T
115.7136058 -55.3128073 7.63 T
115.7218522 -58.2298325 6.32 T
115.7790548 -49.9930852 6.57 T
115.8388920 -52.1631613 6.75 T
115.8461875 -47.0465660 7.84 T
116.0510348 -50.4558295 6.69 T
116.1674900 -47.0084209 6.73 T
116.2839233 -48.9153878 7.84 T
116.3979197 -56.7225188 6.14 T
116.5793612 -46.1595789 7.57 T
116.6000546 -49.2407778 6.97 T
116.6659785 -50.9969452 7.37 T
116.6826500 -48.1119952 7.31 T
116.6918218 -46.8015807 7.28 T
116.7360955 -52.3471273 6.89 T
116.7407646 -50.1844564 7.08 T
116.8812407 -46.6084435 5.18 T
116.8966843 -47.0128855 6.95 T
117.0830829 -47.0782188 4.80 T
117.3029274 -60.2826946 5.82 T
117.5986034 -50.5097191 6.03 T
118.3717757 -61.0544191 7.82 T
118.4507067 -62.3797485 7.90 T
119.0656499 -61.0993504 6.73 T
119.0776474 -60.5263831 5.90 T
119.3380053 -60.7674465 7.69 T
119.4383433 -60.9263981 6.86 T
119.4520089 -60.3023233 5.64 T
119.5121276 -60.6147551 7.56 T
119.5536274 -60.8012792 7.17 T
119.5928085 -60.8576714 7.07 T
119.6815875 -60.7013663 7.81 T
119.7105845 -60.8243948 5.75 T
119.7610068 -61.5833980 7.50 T
119.9063771 -60.5869983 5.39 T
119.9169838 -60.2072832 6.28 T
90.5383333 -60.0969444 6.45 B
92.5745833 -54.9686111 4.81 B
92.8125000 -65.5894444 5.01 B
94.0770833 -59.2136111 6.43 B
94.4654167 -52.7330556 6.41 B
95.9879167 -52.6958333 -0.72 B
95.7554167 -63.6830556 6.27 B
96.2008333 -52.8063889 6.51 B
96.1095833 -63.4288889 6.46 B
96.2316667 -63.8277778 6.27 B
102.0475000 -61.9413889 3.27 B
105.8150000 -59.1780556 5.50 B
106.3187500 -50.3602778 6.46 B
108.3058333 -45.1830556 4.89 B
109.5175000 -43.9866667 5.85 B
112.3075000 -43.3013889 3.25 B
112.6287500 -54.3994444 5.96 B
118.1237500 -54.3672222 5.70 B
