270.2798534 45.3510524 7.59 T
270.6282515 44.2334744 7.30 T
270.7871990 48.4643564 6.25 T
271.0286881 39.4806618 7.50 T
271.1801942 40.0843325 6.58 T
271.2033574 42.9578908 7.31 T
271.2372509 48.1361010 7.63 T
271.2532167 41.9468676 6.41 T
271.5296249 49.4662659 7.71 T
271.6268999 40.3609490 7.93 T
271.6617641 46.2732540 7.50 T
271.7762226 49.7106184 6.47 T
271.8696718 43.4615451 5.10 T
271.9960883 39.9237943 7.76 T
272.0085839 36.4001246 5.61 T
272.0910739 44.1127602 6.88 T
272.4033494 38.4548548 6.48 T
272.4959130 36.4663409 5.67 T
272.6137833 35.1714791 7.09 T
272.7270187 38.9615189 7.79 T
272.8041392 39.1005626 7.03 T
272.8963678 48.2891678 6.76 T
273.1774870 41.1465583 6.47 T
273.2700019 38.7735387 6.02 T
273.8845786 45.2086042 6.37 T
273.8924184 47.5607251 7.52 T
273.9115530 42.1593535 5.54 T
274.2770056 40.9371538 6.23 T
274.4516365 40.3035693 7.31 T
274.5504414 45.1567894 7.86 T
274.9653332 36.0648040 4.45 T
275.2798113 49.7256265 6.51 T
275.3858541 49.1219044 5.22 T
275.5964244 40.3753596 7.86 T
275.7485821 46.3631451 7.25 T
275.9334989 38.3452155 6.91 T
276.0456522 42.4667952 6.66 T
276.0572515 39.5072098 5.11 T
276.3228384 46.8853895 7.99 T
276.3463475 38.4409469 7.33 T
276.8647918 49.8189987 7.50 T
277.0444556 43.9261403 7.84 T
277.1483943 46.4232614 7.24 T
277.7407170 41.1065977 7.30 T
278.2144680 38.8327843 7.02 T
278.3104263 40.1599577 7.30 T
278.4486056 46.2192333 6.71 T
278.6669744 35.8046566 7.79 T
278.7627648 39.5306608 7.67 T
278.8062914 34.4580871 6.07 T
278.8104000 41.5820803 7.21 T
278.8396768 38.8948185 6.97 T
278.9034136 40.3313534 7.68 T
278.9046377 40.7696065 7.77 T
279.0500098 41.2782049 7.60 T
279.0506272 41.2768572 7.64 T
279.0540648 38.0344679 7.51 T
279.1899766 43.2217561 6.24 T
279.3950218 46.1501872 7.44 T
279.5270302 39.6683776 6.24 T
279.6072573 36.0528702 7.53 T
279.8877773 40.9350632 6.22 T
280.0509479 38.3672273 6.52 T
280.0878001 33.6841180 7.33 T
280.2487909 41.9172725 7.71 T
280.2645636 44.2711092 7.33 T
280.4175939 34.0987384 7.39 T
280.4207288 40.7175859 6.68 T
280.5337050 34.7462945 6.45 T
280.5420735 34.7472531 7.73 T
280.5831838 36.5517905 7.38 T
280.7112986 47.5754527 6.98 T
280.9006071 36.5569631 6.15 T
280.9845272 34.5216659 7.80 T
281.0848617 39.6705063 5.01 T
281.0953392 39.6130845 5.25 T
281.0953392 39.6130845 5.38 T
281.1933391 37.6052603 4.34 T
281.2010165 37.5947498 5.62 T
281.2653479 46.1355811 7.89 T
281.2655360 35.0084377 7.17 T
281.3403638 36.5672356 7.03 T
281.4575857 34.5185955 7.37 T
281.5542003 41.4418215 6.03 T
281.7461770 46.3148272 6.51 T
281.7827429 35.8757338 7.48 T
281.8733584 49.4319648 7.23 T
281.9173255 49.0749359 6.71 T
282.0120901 37.0739209 7.29 T
282.0668015 48.7678618 6.14 T
282.1172364 36.4408351 7.50 T
282.1514368 45.2622761 7.00 T
282.3361405 43.7346353 6.63 T
282.3498580 33.7011274 7.01 T
282.4088229 38.4278107 7.91 T
282.7552377 34.3939300 7.17 T
282.8575074 38.6268648 7.21 T
282.8618525 39.3206519 7.27 T
282.8731016 45.1337223 7.21 T
282.9021223 36.5390950 6.07 T
283.0062682 37.5164858 7.31 T
283.0301560 41.3832358 6.26 T
283.0685202 43.7099000 7.48 T
283.3072717 38.9311338 7.76 T
283.4315140 36.9717084 5.55 T
283.5565367 36.7334323 7.59 T
283.5601839 41.2259433 7.38 T
283.6261289 36.8986236 4.46 T
283.6958100 48.8585878 5.89 T
283.7159956 33.9809215 7.60 T
283.7173964 41.6027162 5.57 T
283.7188086 33.9685248 6.14 T
283.7887554 36.7416842 7.92 T
283.8339286 43.9465987 4.36 T
283.8569086 40.1771698 6.84 T
283.9773162 46.5134183 7.97 T
283.9882885 44.2285407 6.97 T
284.1339802 46.7660324 7.10 T
284.2627009 45.8560864 7.38 T
284.3549499 42.1025674 7.30 T
284.5078685 38.2661921 5.87 T
284.5835839 39.6416273 7.46 T
284.6941359 40.6791900 6.17 T
284.7538696 49.3194375 7.47 T
284.7739679 43.7211149 6.85 T
284.8012171 39.2173232 6.38 T
284.8594256 43.0132344 7.52 T
284.9280952 34.0951545 7.56 T
284.9889028 43.2539941 7.11 T
285.1426187 39.8449307 7.86 T
285.2088892 42.2516420 6.88 T
285.2300765 33.8021724 6.15 T
285.3407624 44.3865365 7.56 T
285.3600813 46.9343122 5.03 T
285.4146904 41.4902775 7.28 T
285.4515767 33.6212372 6.36 T
285.5425613 47.2874927 7.49 T
285.5681380 42.9958015 7.91 T
285.9448502 49.6329266 7.55 T
285.9816798 34.1512051 7.28 T
286.0193489 48.8668172 7.70 T
286.0654962 43.8805082 7.05 T
286.1377400 45.9217615 7.16 T
286.5709963 41.4137757 6.47 T
286.8255328 36.1001342 5.24 T
286.8299614 41.0541018 7.12 T
286.8333133 43.3155749 7.40 T
286.8908832 34.3931268 7.18 T
286.9451409 49.4855849 7.42 T
287.0347673 44.0363450 7.86 T
287.1883172 34.7602785 7.03 T
287.2686745 34.6015955 6.78 T
287.4419278 37.7940288 6.85 T
287.5499066 44.5599652 7.36 T
287.6109798 42.6013539 7.47 T
287.6145665 48.4444109 7.21 T
287.6415487 42.0222448 7.10 T
287.7406883 41.7759498 7.90 T
287.8465769 40.4289331 6.20 T
288.0014083 39.4208301 7.50 T
288.0177166 49.8578211 6.67 T
288.0189167 49.8596385 6.54 T
288.0654932 47.3749930 6.64 T
288.1015472 36.1822907 6.93 T
288.4395152 39.1459653 4.37 T
288.4690442 36.4242742 7.11 T
288.5569870 34.2150836 7.67 T
288.6098834 48.7190748 7.42 T
288.6219829 34.5647875 7.30 T
288.6503761 36.1655979 7.87 T
288.8297560 50.0711022 6.46 T
288.8592222 45.3356253 7.49 T
288.9588742 37.2989828 7.79 T
289.0920409 38.1337389 4.48 T
289.1097488 46.5964766 7.89 T
289.2140424 47.0009143 6.06 T
289.3274878 49.8498545 7.30 T
289.3333142 39.1209489 6.68 T
289.6580173 49.5697227 6.44 T
289.7421848 40.3605072 6.87 T
289.7548491 37.4454517 6.25 T
289.9120089 37.3293973 6.35 T
289.9416607 36.7644505 7.53 T
290.1130476 39.9261697 6.89 T
290.1378006 35.1859629 6.27 T
290.6703522 37.5812921 6.72 T
290.7515955 42.9742030 7.00 T
290.8117880 47.1956491 7.90 T
290.9360070 40.7872464 7.95 T
290.9855605 43.3879989 5.96 T
291.0148981 44.9337670 7.10 T
291.0230471 46.4384378 7.63 T
291.0252727 36.4525917 6.56 T
291.1275903 37.1877261 7.90 T
291.4855751 44.9302575 6.80 T
291.5050883 45.0131282 7.04 T
291.6188252 47.9698572 7.58 T
291.6842725 39.9615044 7.40 T
291.8518431 42.2291438 7.57 T
292.4955892 46.9464940 6.88 T
271.7229167 50.8227778 6.29 B
274.9837500 51.3477778 6.30 B
275.9891667 38.7391667 6.36 B
279.1550000 33.4688889 5.42 B
279.2345833 38.7836111 0.03 B
280.4220833 31.6177778 6.41 B
280.8195833 39.3002778 6.45 B
280.9650000 31.9266667 5.70 B
281.9895833 31.7569444 6.06 B
282.4333333 31.6291667 6.64 B
282.4412500 32.8127778 5.91 B
282.4704167 32.5508333 5.25 B
282.5200000 33.3627778 3.45 B
285.0791667 40.6841667 6.65 B
