100.0118476 -80.8132585 5.63 T
101.2891264 -82.8957784 7.62 T
101.5575158 -83.9911586 7.51 T
101.8695394 -76.8514573 7.12 T
102.7823575 -77.6738824 7.59 T
103.3172466 -74.7240587 7.71 T
103.5148080 -77.7805456 7.67 T
104.1435846 -79.4202015 5.45 T
104.9381117 -83.7517633 7.54 T
107.3770658 -79.4318789 7.83 T
107.9092159 -84.4693194 7.54 T
108.8786477 -75.8642995 7.61 T
109.2389884 -71.7492067 7.12 T
110.7774540 -70.6364629 6.86 T
111.1548460 -71.4704061 6.49 T
111.4077814 -79.0941523 5.67 T
112.8009346 -74.6909433 7.58 T
112.8509179 -74.2904382 7.53 T
113.3627366 -77.0827286 7.17 T
113.8410814 -74.2749752 7.02 T
113.8410814 -74.2749752 7.07 T
113.9042565 -75.5442809 7.37 T
113.9179446 -70.5236835 7.26 T
114.0175945 -77.6340239 6.91 T
115.0147893 -82.5813585 7.43 T
115.0790988 -78.3869058 6.66 T
115.1960822 -71.7628465 7.16 T
115.4559557 -72.6059975 4.06 T
115.4857849 -82.3420404 7.66 T
115.8334786 -70.0647789 7.91 T
116.3102306 -81.9675253 7.54 T
116.5760894 -71.7199398 7.61 T
116.8753074 -81.5961538 6.80 T
119.8156026 -73.2443166 6.35 T
120.1835872 -79.1574597 7.66 T
120.3859201 -70.0232184 7.76 T
120.9631964 -70.3371152 7.23 T
122.0374715 -78.6950152 7.14 T
123.0680092 -71.2666419 7.94 T
123.6765688 -73.8069201 7.32 T
123.6765688 -73.8069201 7.47 T
123.7566895 -79.3184759 7.02 T
124.6345148 -76.9190536 4.09 T
124.6852833 -75.0147148 7.83 T
124.9536567 -71.5146889 5.31 T
125.0018616 -71.5051750 5.59 T
125.0180983 -71.4962400 7.67 T
125.1568337 -77.4842195 4.47 T
125.2876386 -71.9680729 7.51 T
125.5178846 -73.3997965 5.28 T
125.7002010 -76.4306193 7.24 T
126.0770403 -80.9128360 5.79 T
126.2520426 -74.9119385 7.25 T
126.8194446 -70.0931934 5.50 T
126.8900792 -75.3582744 6.83 T
127.2228472 -72.0815047 6.91 T
127.6823341 -70.8425711 7.73 T
127.9357834 -74.8550486 6.84 T
128.0596695 -76.9278913 7.66 T
128.1728148 -73.3563382 6.21 T
128.3986806 -80.1586792 7.16 T
128.5939129 -82.5663472 6.88 T
129.0860536 -70.6766204 6.86 T
129.4402938 -76.7383120 7.45 T
129.4607053 -75.0673606 7.91 T
129.4831678 -74.5740472 6.64 T
129.6536626 -74.0732550 6.95 T
129.7718861 -70.3869870 5.18 T
130.0751380 -71.8767573 7.84 T
130.3303771 -78.9631884 5.44 T
130.3449149 -72.5882423 7.11 T
130.3852771 -73.6145465 7.00 T
130.4352849 -79.0479568 7.41 T
130.5171633 -74.6091820 7.41 T
130.7999362 -79.0699130 6.11 T
131.0039605 -74.3022968 7.91 T
131.1780389 -74.7879604 6.79 T
131.4088139 -77.0754052 6.86 T
131.4789167 -79.5038670 5.96 T
132.0126372 -71.3157298 7.87 T
132.4587177 -72.5511947 6.12 T
134.1611722 -85.6629381 5.46 T
134.2327407 -73.9217787 7.14 T
134.2855987 -71.0168516 7.20 T
135.0241065 -74.3997844 6.83 T
135.8241836 -70.6067241 6.96 T
136.2865067 -72.6027291 4.54 T
136.4098244 -70.5384465 4.63 T
136.5439526 -76.5664546 7.55 T
136.6306285 -74.7538952 7.78 T
136.9481175 -82.3249903 7.72 T
137.7012898 -79.3585203 7.88 T
138.0526271 -76.6633098 6.24 T
138.1008835 -81.7684092 7.55 T
138.4043844 -75.5904106 7.72 T
138.4143311 -71.6177704 7.79 T
139.1915022 -84.6602185 7.27 T
139.3545051 -74.8941622 5.32 T
139.3641717 -74.7343538 5.86 T
139.7646713 -73.3215546 7.88 T
140.0781421 -73.6047590 7.59 T
140.1054969 -75.7133377 7.40 T
140.1591288 -80.3888293 7.52 T
140.8441077 -71.8084939 7.79 T
140.8459399 -77.8883129 7.15 T
141.0330155 -80.7860254 5.39 T
141.1537248 -70.0757812 6.60 T
141.1608552 -70.4098449 7.92 T
141.1684250 -79.0744899 7.85 T
141.7742432 -71.6013766 5.58 T
141.9528123 -71.7808492 6.36 T
142.1095069 -72.4222870 7.75 T
142.4152974 -82.2631719 7.65 T
142.4742909 -73.6490156 7.96 T
142.8531650 -73.7468120 7.52 T
142.9005951 -73.0809023 5.64 T
142.9395988 -70.4695912 7.01 T
142.9593664 -72.4683940 7.69 T
143.2048917 -72.6761288 7.70 T
143.2581113 -86.0097680 7.60 T
143.3190179 -86.0102316 7.13 T
143.4709910 -80.9411712 5.04 T
144.5854496 -81.7092967 6.83 T
145.6635213 -72.1907488 6.53 T
145.7568216 -79.5913643 7.43 T
145.9392844 -76.7671987 7.88 T
146.1281011 -73.9002845 7.87 T
146.4182500 -70.1182044 7.24 T
146.4990717 -74.1157511 7.63 T
146.5882810 -76.7764679 5.54 T
147.0848518 -75.7772489 6.85 T
147.2864989 -78.2818946 7.76 T
147.5340495 -74.2039281 7.94 T
147.7531173 -80.0609709 6.50 T
148.1091317 -71.9433023 6.90 T
148.2043150 -71.4546630 7.37 T
149.0402950 -71.3892848 6.31 T
149.5493568 -72.0646344 7.46 T
149.7719427 -72.7887289 7.88 T
150.1812343 -82.2144779 5.53 T
150.2720111 -72.3179132 7.63 T
150.3258620 -70.7280395 7.49 T
150.8352356 -82.5079917 7.47 T
151.0277710 -81.5651628 6.71 T
151.3041600 -79.0618461 7.34 T
151.4048880 -84.0889301 7.68 T
151.7485410 -71.4781731 6.63 T
153.1196310 -76.0775709 7.90 T
153.3663772 -71.6687450 7.29 T
153.4335727 -70.0378337 3.27 T
153.4886622 -79.0040432 7.69 T
154.5487001 -82.9108735 6.80 T
155.0591599 -81.6482321 7.28 T
156.0984091 -74.0317906 4.02 T
156.1849571 -73.9716693 6.18 T
156.4463138 -78.5979165 7.97 T
156.6615021 -75.1492204 7.81 T
156.7045625 -73.1678472 6.81 T
157.5844360 -71.9929753 4.71 T
157.7054703 -86.0907023 6.67 T
157.7584082 -73.2214437 5.13 T
157.9647140 -81.9210484 7.03 T
158.1228532 -81.6156729 7.49 T
158.2187584 -81.1629387 7.79 T
158.4861325 -80.5164002 7.22 T
158.8527334 -76.3089411 6.43 T
158.8659251 -78.6077154 4.28 T
159.0868982 -72.5082405 7.98 T
159.2550077 -71.6914087 7.03 T
159.4192793 -85.1945738 7.83 T
159.6043974 -79.5098247 7.84 T
159.6277137 -70.3097581 7.65 T
159.7565802 -75.1574747 6.77 T
159.8157615 -74.4933796 6.28 T
160.4640225 -79.7832556 5.96 T
160.6497344 -75.4637556 6.88 T
160.7695573 -72.1947716 7.54 T
161.1091768 -72.4431687 6.32 T
161.3180324 -80.4697731 5.68 T
161.3846570 -75.0080361 7.66 T
161.4436803 -73.0661417 7.96 T
161.4444307 -80.5401574 4.40 T
162.8758357 -75.8827563 6.70 T
163.1189102 -79.5594227 6.51 T
163.8320175 -75.1922953 7.91 T
164.3155031 -75.0997417 6.30 T
164.5709652 -82.5804526 7.51 T
164.7991654 -81.5557351 6.77 T
164.8030754 -84.5939403 6.20 T
165.3692806 -75.6642915 7.35 T
165.7570125 -81.6214403 7.94 T
166.2004742 -75.1552518 6.91 T
166.4903362 -76.1302432 7.70 T
166.5534280 -85.7487977 7.26 T
168.4511228 -75.7904956 7.71 T
168.8200991 -77.5184133 7.67 T
169.6445218 -79.6688583 6.38 T
171.3205789 -84.9544883 7.69 T
174.3995520 -85.4864193 7.49 T
175.2522674 -83.0998897 6.45 T
101.7445833 -87.0250000 6.47 B
124.6316667 -76.9197222 4.07 B
125.1604167 -77.4844444 4.35 B
126.0825000 -80.9141667 5.69 B
128.1758333 -73.3566667 6.12 B
130.8016667 -79.0697222 6.05 B
135.2854167 -68.6838889 5.88 B
134.1712500 -85.6630556 5.42 B
138.3000000 -69.7172222 1.68 B
139.3216667 -68.6894444 5.39 B
141.7766667 -71.6022222 5.47 B
141.0379167 -80.7869444 5.36 B
146.5858333 -76.7761111 5.45 B
151.0316667 -81.5658333 6.60 B
157.9625000 -81.9211111 7.07 B
161.3154167 -80.4697222 5.47 B
163.1145833 -79.5594444 6.33 B
164.8037500 -81.5561111 6.71 B
164.8075000 -84.5938889 6.19 B
170.4879167 -77.6083333 6.43 B
175.2550000 -83.1000000 6.33 B
175.7308333 -79.3063889 6.39 B
