337.5268529 49.3562266 6.55 T
337.8816290 42.2214207 7.96 T
338.1099348 39.7796633 5.90 T
338.3943409 40.8190501 6.67 T
338.4067552 46.5652315 7.37 T
338.6257794 40.7748858 7.00 T
338.6548966 45.0049693 7.53 T
338.8648393 39.5858127 7.25 T
338.9670041 39.6281359 6.29 T
338.9678284 39.6343215 5.66 T
338.9724823 50.0707806 6.26 T
339.0329631 35.5771577 6.22 T
339.0929991 37.8421928 6.81 T
339.2027834 35.6524193 6.44 T
339.3696702 39.4388512 7.55 T
339.5374357 41.1208190 7.45 T
339.5475662 45.8267180 7.12 T
339.5725063 45.1829033 6.47 T
339.6408391 44.6690127 7.17 T
339.6999006 44.3142353 6.89 T
339.7691168 37.3753926 6.82 T
339.8802944 37.3535380 6.74 T
339.8829173 37.7436162 7.86 T
339.8873872 38.7483928 6.99 T
339.8931302 37.5928144 6.12 T
339.9150939 42.2009861 7.57 T
340.1293951 44.2763763 4.64 T
340.2906205 45.0087634 7.20 T
340.3693609 40.2254250 5.21 T
340.4013865 41.5494849 6.04 T
340.7260462 37.4472817 7.29 T
340.7310052 37.8027087 6.40 T
340.7680415 47.1687171 6.50 T
340.8812666 46.0261848 7.43 T
341.0216214 39.4650265 6.18 T
341.0227550 41.8192491 5.21 T
341.3521187 44.7523899 6.99 T
341.4088394 41.8829021 7.87 T
341.5090334 35.6724813 7.62 T
341.5438445 44.5462562 5.87 T
341.7318975 39.4174861 7.62 T
341.8513125 46.2077132 7.95 T
342.0456442 37.4163096 5.92 T
342.2624662 49.5663774 7.88 T
342.3235743 47.9300152 7.81 T
342.4117772 42.6309948 7.36 T
342.5907983 41.9533613 5.92 T
342.7739683 34.3837039 7.40 T
342.8055063 48.7332333 6.86 T
342.9560790 41.3129525 7.06 T
343.0094221 43.3125676 5.13 T
343.1414031 35.3375405 7.15 T
343.2057737 46.5483489 6.80 T
343.2974490 40.1673118 6.31 T
343.3802636 38.4446512 7.87 T
343.4172756 44.7490415 5.97 T
343.5079394 34.1972296 7.66 T
343.5299233 40.3771024 5.93 T
343.5883968 43.5284897 7.74 T
343.7617013 37.0768848 5.95 T
343.9355868 36.3513793 5.71 T
343.9459088 44.3081810 6.91 T
343.9461049 43.5592594 8.00 T
343.9871670 41.3348296 7.36 T
344.0984416 41.6038481 5.56 T
344.1083236 49.7335320 5.18 T
344.2688556 48.6840251 5.32 T
344.4197544 39.3087412 6.12 T
344.6905982 43.8387312 7.15 T
344.7458597 34.0667209 7.56 T
345.1433411 45.3747907 6.54 T
345.1723895 49.9560374 7.93 T
345.2281366 38.7077877 6.54 T
345.3140974 44.1986266 7.39 T
345.4645915 34.6123465 6.78 T
345.4724828 47.9552702 7.66 T
345.4881364 47.9985761 7.97 T
345.5472833 44.5727375 6.53 T
345.6520950 42.7577616 5.11 T
345.6881413 44.0587110 6.41 T
345.7519368 34.6209797 7.79 T
346.0473956 50.0531288 4.76 T
346.1040630 41.2743951 7.76 T
346.1701489 49.3300432 7.85 T
346.5404283 41.7897526 7.21 T
346.6372820 46.9235997 7.75 T
346.6543719 42.6573285 7.98 T
346.7601580 35.0525725 7.70 T
346.7713979 35.6365463 6.51 T
346.8119990 40.5503281 7.82 T
346.8249782 46.0681384 6.64 T
346.9134688 46.3870408 5.46 T
346.9405532 49.2965980 5.73 T
347.0519710 44.5618702 6.53 T
347.2378705 38.9151449 7.35 T
347.3197946 49.6506191 6.74 T
347.4684719 39.4691992 6.68 T
347.4967887 47.9593307 7.21 T
347.5908975 49.0186815 7.42 T
347.6116912 43.5430748 5.95 T
347.7078971 45.5104820 7.07 T
347.7556327 43.6558239 7.55 T
347.9090779 47.0976839 7.29 T
347.9984689 49.2135789 7.63 T
348.1384004 49.4068006 4.56 T
348.2562618 42.0620789 6.93 T
348.2771606 40.0028381 7.66 T
348.6087652 43.6975477 7.55 T
348.7550164 46.5241708 7.20 T
349.0027120 35.3993345 6.90 T
349.3203534 45.1637861 6.58 T
349.4242707 34.0464198 7.06 T
349.4363528 49.0153492 5.01 T
349.4836168 45.4888473 6.47 T
349.5971011 41.7736109 6.01 T
349.6765451 36.0903122 7.41 T
349.7373717 48.4957845 7.67 T
349.7605319 45.1366893 6.53 T
349.7753529 43.1320579 7.72 T
349.7828703 48.9194870 7.27 T
349.8522414 35.8250772 6.73 T
349.8643424 34.7931533 6.30 T
349.8744234 48.6256473 5.55 T
349.9250673 48.3811245 6.41 T
349.9688318 42.0781209 5.97 T
349.9692723 42.9635401 7.61 T
350.0053353 41.7548969 7.38 T
350.1836690 44.1159353 6.26 T
350.2229592 38.1819440 5.82 T
351.1454834 41.1129014 6.71 T
351.1808112 36.3621775 6.97 T
351.3356732 36.1644396 7.68 T
351.5043293 39.3393834 7.01 T
351.6136789 40.3854836 6.91 T
351.6720094 45.3388371 7.45 T
351.6809507 41.0458288 7.68 T
351.7815987 42.9121252 5.73 T
351.8361713 45.3680121 7.76 T
352.1896281 42.4113146 7.79 T
352.3210528 42.3601000 7.66 T
352.3624210 46.4648437 6.89 T
352.4030309 48.3809364 7.95 T
352.5311690 49.1331581 6.33 T
352.6650802 38.6623624 6.17 T
352.8248796 39.2356766 5.34 T
352.8843343 33.6982700 7.45 T
353.1034194 34.9522769 6.63 T
353.1191987 33.7409875 7.64 T
353.3523267 42.8477569 7.22 T
353.4291167 45.0581737 6.36 T
353.4928335 43.9043070 6.91 T
353.6562637 40.2361533 5.58 T
353.6727169 37.8004908 7.29 T
353.7094127 43.2014387 7.57 T
354.3836320 44.4289600 5.84 T
354.3924557 46.4555190 3.96 T
354.4969251 46.1993599 6.66 T
354.5031557 48.9957656 7.19 T
354.5344233 43.2680703 4.27 T
354.6102924 42.5115030 6.92 T
354.6424209 35.0330211 7.07 T
354.8366225 45.7198490 7.68 T
354.9606888 34.9550647 7.12 T
355.0116919 37.6521455 6.54 T
355.0507531 45.0735727 7.74 T
355.1028064 44.3338255 4.13 T
355.1711467 36.7208979 6.27 T
355.2522756 35.9718014 7.67 T
355.2715452 46.2180562 7.03 T
355.3343558 46.8599963 7.41 T
355.3614539 49.5122782 6.28 T
355.3732517 40.5540520 6.98 T
355.5600142 44.7552873 7.01 T
356.0700271 36.3390967 7.52 T
356.1338123 46.3801572 7.68 T
356.1897876 43.7463346 6.94 T
356.5086309 46.4202127 5.09 T
356.7274567 48.8016531 7.59 T
356.8746157 49.2932999 7.82 T
356.8876850 46.8325252 6.11 T
356.9004438 34.5215108 7.51 T
357.1473900 36.2744882 7.06 T
357.4206796 36.4249756 5.95 T
357.8294957 40.1980312 6.82 T
357.8877046 42.0826113 7.45 T
357.9617777 42.9097901 6.94 T
357.9677602 37.8907746 7.62 T
357.9828738 40.7450860 7.54 T
358.0321059 36.3558907 7.84 T
358.2086675 48.4818126 7.43 T
358.2333127 36.9536953 6.59 T
358.5172459 39.2826347 6.72 T
358.5911833 33.5932406 7.92 T
358.6075564 48.6307009 7.90 T
358.8893968 47.3557504 6.12 T
358.9081829 46.3582077 6.92 T
358.9484590 48.2199181 6.80 T
359.2651694 42.6582174 6.10 T
359.3419238 48.2809986 7.51 T
359.6936375 46.4131891 6.52 T
345.4804167 42.3261111 3.62 B
346.8654167 32.8258333 6.02 B
347.6133333 43.5441667 5.94 B
349.9233333 48.3808333 6.32 B
350.4787500 31.8125000 5.32 B
350.9479167 32.5313889 6.69 B
352.8225000 39.2363889 5.22 B
353.6945833 38.0238889 6.18 B
354.3912500 46.4580556 3.82 B
354.4941667 46.1997222 6.58 B
354.7845833 50.4716667 5.30 B
355.1691667 36.7208333 6.23 B
355.5616667 44.9919444 6.57 B
357.5929167 51.6216667 6.44 B
359.6033333 51.3886111 4.80 B
