25.4715848 2.7044539 7.94 T
25.5431645 2.3081015 7.53 T
25.6053421 -2.1606407 7.98 T
25.6812245 -3.6904086 5.14 T
25.8434423 -7.0770798 7.73 T
25.9105139 5.7455112 7.71 T
25.9690339 -7.4796429 7.72 T
25.9781616 -4.7657134 6.37 T
25.9958769 4.9957663 7.97 T
26.1496958 3.2236382 6.91 T
26.1820728 -6.7662179 6.65 T
26.2710298 2.5030416 7.32 T
26.3394821 -3.1689676 7.60 T
26.4325362 3.6671576 7.00 T
26.4790750 3.4174861 6.86 T
26.4968605 -5.7334810 5.54 T
26.7663141 -3.1156335 7.43 T
26.8405288 0.8122876 7.91 T
26.8906586 -2.9123907 7.88 T
26.8994139 0.1552018 7.92 T
27.1083522 3.6855584 6.01 T
27.1693686 7.6838005 7.18 T
27.2515349 1.3314987 7.40 T
27.4831558 7.2231569 7.47 T
27.5657914 -6.7038648 7.13 T
27.7349763 6.0062821 7.85 T
27.8715166 -4.2205140 7.23 T
27.9020205 -2.6380089 7.21 T
27.9075230 -6.8741975 6.55 T
28.1602703 2.4981663 7.63 T
28.2746639 -1.3291404 7.50 T
28.3890877 3.1876655 4.71 T
28.4094178 7.6338866 7.61 T
28.7016572 3.3937956 7.81 T
28.8264191 6.4370177 7.56 T
28.9752047 1.8510804 6.79 T
28.9752047 1.8510804 6.84 T
29.3039390 -7.8136497 7.64 T
29.3805667 -6.8277208 7.58 T
29.4977938 -2.0594573 6.58 T
29.6154143 -7.0781933 7.07 T
29.9937443 6.0353755 6.87 T
30.0348927 -4.2834308 7.98 T
30.0396153 3.0954356 5.94 T
30.0530128 6.9179246 7.65 T
30.0614721 -3.3684040 6.92 T
30.0908212 4.3895245 7.20 T
30.2679753 -2.4950742 7.91 T
30.4693922 7.8640669 7.12 T
30.5119595 2.7636737 4.10 T
30.5119595 2.7636737 5.17 T
30.6949617 1.9383026 7.66 T
30.7182300 -2.3779987 6.93 T
30.7585497 3.3595100 6.95 T
30.7990279 0.1286375 5.44 T
30.8579546 -4.3296761 7.71 T
30.9187531 -4.1038960 5.80 T
30.9512165 -0.3405316 6.04 T
31.0008145 8.0945807 7.25 T
31.2127220 7.7356521 6.55 T
31.4524271 7.0284661 6.83 T
31.4790890 6.6775241 7.84 T
31.5510151 8.2480370 6.50 T
31.5606783 -4.3651276 7.40 T
31.6224745 0.0354389 6.39 T
31.7013400 1.4421867 7.23 T
31.7334838 -1.8237353 7.59 T
31.7575911 -4.2176358 7.75 T
31.8912490 -0.6195707 6.94 T
31.9129508 5.6262460 7.74 T
31.9468639 5.9846699 7.17 T
32.1138040 -0.4191931 7.86 T
32.1325469 -6.6779432 6.62 T
32.2874778 -2.3322478 7.18 T
32.3425158 5.9864364 7.02 T
32.4170149 4.2328132 7.41 T
32.4641355 3.7693055 6.81 T
32.6356565 6.0988950 7.45 T
32.8992488 -1.8256329 6.04 T
32.9310285 3.4527115 6.69 T
33.0657929 2.7456398 6.61 T
33.1734141 -2.2282266 7.45 T
33.2004247 -2.3940561 5.72 T
33.3744917 5.0123889 6.55 T
33.4260998 -3.0321581 7.36 T
33.5914665 -5.2704024 7.85 T
33.6357799 6.6509846 7.25 T
33.6539992 1.6775313 7.29 T
33.7900972 0.7200928 6.77 T
34.1184249 2.2380607 7.39 T
34.2101327 2.5760993 7.70 T
34.2390585 -6.5783083 7.31 T
34.2466019 -6.4227807 5.61 T
34.3060857 1.8604032 7.34 T
34.4361294 -0.1599475 7.87 T
34.4462563 -2.0401501 7.82 T
34.5083077 1.7601169 5.67 T
34.6702931 4.1958005 7.82 T
34.6732341 8.1807098 6.96 T
34.7151093 -7.4581691 7.71 T
34.7930734 3.5367703 7.56 T
34.8314465 2.6644745 7.72 T
34.8366327 -2.9791376 6.65 T
34.8696888 2.8203771 7.38 T
34.9201115 -4.3455519 6.50 T
34.9834292 -6.3219670 7.83 T
35.1281975 -6.3792464 7.96 T
35.3833754 7.7522672 7.29 T
35.4183574 -0.1486736 7.44 T
35.4202342 -7.5432548 7.65 T
35.4322659 -0.3514599 7.62 T
35.4540973 0.9700497 7.44 T
35.4858767 0.3956218 5.49 T
35.5515369 -0.8851488 5.46 T
35.6375853 -0.5053135 7.96 T
35.8424139 -6.1929499 7.03 T
36.0974773 -3.1047127 7.24 T
36.2345371 -3.8932112 7.00 T
36.2433187 -2.7800745 6.33 T
36.5682357 6.2922294 6.83 T
36.8727537 -0.7515133 7.26 T
36.9101932 -6.9289352 7.16 T
36.9997139 1.9608058 6.63 T
37.1868883 3.5726602 7.91 T
37.6101631 -5.0311578 7.67 T
37.6343202 -1.6715779 7.89 T
37.6880235 0.2554187 6.01 T
37.8718413 1.0911850 7.62 T
37.8742510 1.0940811 7.52 T
37.8755451 2.2671219 5.41 T
37.8812455 3.4375722 7.50 T
38.0363386 -1.1950965 7.85 T
38.0391084 -1.0350905 5.47 T
38.0506867 6.7172178 7.72 T
38.1754227 1.0336916 7.35 T
38.2492570 6.9563221 7.99 T
38.3658622 5.7001878 7.78 T
38.5314368 -5.6353697 7.98 T
38.6779779 -7.8598542 5.89 T
38.7208067 1.2451298 7.90 T
38.7671681 7.4702505 6.28 T
38.8320716 -3.5633369 6.89 T
38.9684515 5.5930925 4.97 T
38.9999951 -7.8319700 5.72 T
39.0114609 6.4321918 7.04 T
39.1105294 -0.6404003 7.43 T
39.1457526 7.7298744 5.93 T
39.2840682 -2.3340151 7.58 T
39.2900017 2.4153467 7.26 T
39.4244290 -3.3964478 5.76 T
39.5036745 7.6950262 6.44 T
39.6535374 3.4432365 6.35 T
39.8318220 -2.0728128 7.83 T
39.9660392 0.1451524 7.91 T
40.0656999 6.1119242 6.29 T
40.1397574 1.8662758 7.75 T
40.1975817 2.8985711 7.20 T
40.2359164 4.8706241 7.39 T
40.2826267 6.0723228 7.14 T
40.3097326 -0.6964493 5.82 T
40.3400905 4.4274438 7.03 T
40.3760492 0.5459215 6.82 T
40.4512871 -3.2138871 6.18 T
40.4958034 0.5504267 7.62 T
40.7810149 -6.6426808 7.37 T
40.8270323 1.7301597 8.00 T
40.8706741 -2.5313797 6.59 T
40.9576245 2.8171356 7.80 T
40.9816686 -7.9129024 6.68 T
41.0048625 -6.0092665 7.14 T
41.1359449 5.6576452 7.85 T
41.1783085 -0.8462112 7.98 T
41.3375442 4.7113763 6.07 T
41.4987500 -4.9564422 7.73 T
41.5613362 5.5923148 7.94 T
41.6413804 -6.7019780 7.82 T
41.8620670 1.0596517 7.97 T
41.9160789 1.7052953 7.93 T
28.9741667 1.8497222 6.01 B
30.0383333 3.0972222 5.88 B
32.8379167 8.5697222 5.63 B
33.2500000 8.8466667 4.37 B
33.1979167 -2.3936111 5.54 B
33.8679167 -9.4655556 6.55 B
34.5058333 1.7577778 5.58 B
34.8362500 -2.9775000 3.04 B
39.8708333 0.3286111 4.07 B
40.3079167 -0.6958333 5.71 B
40.8250000 3.2358333 3.47 B
