270.5949801 -60.1373906 7.06 T
272.6079055 -62.0008438 5.54 T
272.9096732 -60.4181517 7.71 T
273.2343391 -50.5593186 6.59 T
273.2830916 -60.1429740 7.13 T
273.4478475 -46.3129252 6.82 T
273.7518322 -50.3082733 7.22 T
273.8611019 -48.8514674 6.68 T
273.9531133 -55.3557398 7.95 T
274.1186437 -46.5547965 7.85 T
274.1191081 -57.4472884 7.08 T
274.1926646 -59.5632577 7.68 T
274.2538492 -51.0683262 6.04 T
274.2813302 -56.0234314 5.35 T
274.4476642 -52.0403410 7.14 T
274.4618528 -56.4778352 7.44 T
274.5776757 -61.2088265 7.31 T
274.7095874 -53.7378384 7.38 T
274.7715902 -51.9647900 7.09 T
274.8916738 -49.3473302 7.41 T
274.9743581 -46.2318689 7.91 T
274.9870856 -49.4265945 7.92 T
275.0071167 -48.7654135 6.58 T
275.0883368 -49.1277521 7.98 T
275.0894357 -56.2157388 7.05 T
275.1761037 -59.8399183 6.96 T
275.1993079 -56.9331216 7.78 T
275.2941275 -62.1938827 7.95 T
275.7685285 -60.7493368 6.84 T
275.8068227 -61.4938931 4.54 T
275.8203231 -48.3611786 7.44 T
276.0976709 -59.6161577 7.40 T
276.1175505 -51.8281632 7.68 T
276.1383960 -49.6538129 6.52 T
276.3058430 -62.5017426 7.94 T
276.3203095 -57.0955964 6.89 T
276.4534154 -53.6413937 7.30 T
276.4877295 -51.3887089 7.75 T
276.6474984 -61.6606488 7.89 T
276.7250818 -48.1175833 5.54 T
276.7676050 -53.1101248 6.09 T
276.8232779 -55.9545185 7.69 T
276.8300980 -53.6341200 7.32 T
277.0487743 -52.5001238 7.35 T
277.2090756 -49.0720121 4.22 T
277.4833685 -47.2206406 5.82 T
277.4870631 -57.5233116 5.85 T
277.5594359 -49.4890720 7.90 T
277.7337509 -48.0150173 6.71 T
277.7656941 -47.8253795 6.88 T
277.7868368 -53.5277388 7.58 T
277.8354770 -47.3132567 7.44 T
277.8434317 -62.2786030 4.59 T
277.8761607 -50.1860920 7.18 T
277.8825176 -62.2995981 7.72 T
277.8884801 -56.9833295 7.61 T
277.9838577 -59.5625831 7.86 T
278.0334987 -51.1248474 7.53 T
278.3731338 -58.7094445 6.52 T
278.6052222 -54.0882695 6.76 T
278.6295063 -52.8917781 6.35 T
278.6748652 -50.7217438 6.92 T
278.7239699 -52.3879079 6.96 T
278.9925618 -60.3788945 7.97 T
279.1725361 -56.2274665 7.06 T
279.2578611 -48.2089922 7.38 T
279.3574602 -47.0746386 6.91 T
279.6318185 -48.7209540 6.70 T
279.6496312 -49.4508313 7.86 T
279.8097995 -47.9096759 5.87 T
279.8144883 -46.4862195 7.32 T
279.8203548 -59.1224214 7.25 T
279.8826607 -54.1520860 7.98 T
279.9488059 -58.8691701 6.89 T
280.0355728 -51.6524252 7.92 T
280.0875431 -58.7799777 7.11 T
280.1019761 -52.2007185 7.36 T
280.1828063 -47.0271765 6.82 T
280.3372462 -50.4729461 6.64 T
280.3776827 -48.0953982 6.59 T
280.5932358 -47.7611822 6.68 T
280.8559983 -55.7675638 7.71 T
280.9805199 -56.3769534 7.97 T
281.1271277 -53.8019569 7.21 T
281.2983402 -61.0953372 6.19 T
281.3099844 -48.9894589 7.44 T
281.3490347 -56.8820804 6.37 T
281.4049241 -48.2640416 6.84 T
281.4833265 -50.8728200 6.22 T
281.7463054 -50.0948989 6.57 T
281.8455184 -60.3752120 7.47 T
281.8513392 -49.6306973 6.91 T
282.0267326 -62.2302259 7.34 T
282.3794782 -58.9477407 7.92 T
282.4884131 -52.1221710 7.15 T
282.5289923 -54.4632032 7.98 T
282.6514321 -53.9634077 8.00 T
282.6724141 -47.7797648 7.04 T
282.8496988 -51.5204004 7.54 T
282.8955633 -60.8959713 7.47 T
282.9858840 -57.9349680 7.91 T
283.1137236 -46.5951174 5.69 T
283.1655790 -52.1079784 5.28 T
283.2496237 -46.5862706 6.17 T
283.2596033 -48.3614033 6.18 T
283.3000347 -51.9315244 6.27 T
283.3502357 -52.2546976 7.68 T
283.5065982 -47.2746242 7.11 T
283.5383092 -47.2633204 7.28 T
283.6351700 -49.8792473 6.58 T
283.6915868 -48.9477914 7.20 T
284.0785311 -55.8576410 7.94 T
284.0970125 -61.8190059 7.17 T
284.1333946 -48.9924697 6.75 T
284.1431637 -54.5671714 7.79 T
284.2900451 -47.3907782 7.43 T
284.3243285 -55.8333998 7.98 T
284.6158142 -52.9386901 4.83 T
284.6502914 -60.2003459 5.28 T
284.7208301 -48.5059072 6.79 T
284.9456850 -47.3303877 7.96 T
284.9989679 -46.8449992 7.82 T
285.0489134 -60.2037623 6.96 T
285.0740012 -55.0154725 7.26 T
285.1591698 -48.2844993 7.22 T
285.1973556 -47.0443466 7.76 T
285.6424229 -47.9654740 7.46 T
285.7941168 -47.0520856 6.97 T
285.8009231 -56.9974580 7.17 T
285.8400465 -57.9244401 7.30 T
285.9656728 -46.5486831 7.61 T
285.9902219 -51.0195220 6.07 T
286.0044502 -57.9599577 6.40 T
286.0273472 -59.7433049 7.96 T
286.1667712 -48.4040751 6.77 T
286.5834620 -52.3416368 5.24 T
286.6587265 -51.4175651 7.27 T
286.7283881 -50.3233503 6.26 T
286.7318147 -48.2992231 5.95 T
286.8435135 -47.5324406 7.53 T
287.2054056 -59.3324864 7.81 T
287.2186450 -55.7211360 6.57 T
287.6590480 -60.0457786 7.62 T
288.1927079 -50.4866865 6.21 T
288.6988785 -58.0088565 7.33 T
288.7534164 -48.9626178 6.96 T
288.8042777 -53.3685539 7.80 T
288.8080004 -47.8763044 7.53 T
289.1529880 -52.4379514 6.88 T
289.2879356 -61.8147228 7.37 T
289.4965352 -47.0746609 7.26 T
289.5410029 -53.3875929 6.42 T
289.5843975 -58.8744637 7.94 T
289.6727512 -56.1448018 6.78 T
289.9061468 -51.5728802 6.58 T
290.2752588 -52.7222582 7.76 T
290.6580400 -51.2313369 6.46 T
290.7136248 -54.4244502 5.02 T
290.7458583 -54.5385685 7.09 T
290.9039727 -53.9461767 6.72 T
290.9162133 -55.9358866 7.38 T
291.1096129 -55.8883875 7.48 T
291.2458910 -55.1064970 7.63 T
291.2931670 -47.4566775 7.84 T
291.4313419 -62.1876375 7.70 T
291.4819128 -49.8434325 6.76 T
291.8714151 -54.9658740 7.83 T
291.9504231 -54.3252069 5.85 T
292.4694832 -55.4421738 6.24 T
292.5059095 -53.6187051 7.84 T
292.6309494 -48.4363046 7.96 T
292.6446563 -55.1101323 6.34 T
292.6677723 -59.2216901 7.99 T
292.8426004 -46.2730443 6.95 T
293.0498681 -60.2699371 7.53 T
293.2208980 -46.7781691 7.39 T
293.2245648 -53.1856667 5.78 T
293.5380509 -48.6773823 7.78 T
293.5761421 -56.4180313 7.99 T
293.7625461 -50.1247349 7.71 T
293.7729289 -53.5209237 7.96 T
293.8040466 -48.0994349 5.00 T
293.9426913 -61.6310769 7.67 T
293.9882752 -53.0083866 6.93 T
294.4744145 -48.1131208 7.67 T
294.6084877 -57.9837261 6.30 T
294.8889850 -58.2317097 7.16 T
294.9602850 -58.1530176 7.42 T
295.0788251 -54.4178640 6.36 T
295.1752499 -54.2104695 6.92 T
295.5882726 -50.4919985 7.79 T
295.6394979 -50.6676133 7.04 T
295.6409774 -59.0109244 7.93 T
296.4777992 -52.5317097 7.58 T
297.2808913 -61.8156049 7.36 T
297.4827944 -62.5669015 7.84 T
297.5349471 -50.6025256 7.63 T
297.5906955 -61.0610818 6.18 T
297.9282121 -50.9793612 6.94 T
298.6683927 -61.1707269 6.23 T
271.9512500 -64.5500000 6.41 B
272.1450000 -63.6683333 4.35 B
272.4900000 -59.0400000 6.38 B
273.5675000 -63.6894444 6.47 B
273.9204167 -63.0555556 5.60 B
274.9175000 -63.8869444 6.18 B
276.3812500 -63.0213889 6.14 B
283.0541667 -62.1875000 4.22 B
287.2170833 -55.7202778 6.49 B
288.6654167 -45.1933333 5.92 B
289.0904167 -45.4663889 5.40 B
289.5391667 -53.3866667 6.38 B
290.6595833 -44.4588889 4.01 B
290.8050000 -44.7997222 4.29 B
291.0891667 -43.7230556 6.17 B
292.3495833 -43.4458333 5.71 B
293.3400000 -45.2719444 5.61 B
295.0762500 -54.4175000 6.26 B
297.2295833 -52.8880556 6.25 B
298.1566667 -54.9711111 5.74 B
298.1625000 -54.9766667 6.50 B
