92.4332709 23.1134629 5.80 T
92.4560636 24.2150856 7.57 T
92.6246940 22.9978663 6.86 T
92.8253657 21.5637803 7.45 T
92.8466011 20.9053958 6.86 T
92.8662623 13.6384424 6.04 T
92.8846110 24.4199287 5.95 T
92.9849850 14.2086374 4.41 T
93.0056035 19.7904731 5.74 T
93.0137060 16.1302903 4.92 T
93.0575582 13.6866836 6.87 T
93.2951375 19.0092066 7.39 T
93.3885986 18.6802346 6.56 T
93.5763599 14.4935438 7.25 T
93.6105058 11.8135655 7.62 T
93.6191107 17.9062275 5.94 T
93.6804340 16.0373075 6.76 T
93.7113432 19.1553122 5.25 T
93.7854509 13.8511562 5.86 T
93.8547204 16.1431122 5.31 T
93.9373317 12.5510603 5.47 T
94.0792622 23.9699780 6.18 T
94.1114343 12.2733306 5.08 T
94.1326085 19.0136018 7.29 T
94.2446104 23.7409000 6.33 T
94.2761414 15.8505024 7.27 T
94.3888126 14.0586602 6.56 T
94.4619984 19.4570733 7.50 T
94.5233602 14.3828956 6.13 T
94.6826633 25.3482382 7.77 T
94.7267775 23.6032469 6.67 T
94.7484743 12.7014191 7.41 T
94.7576249 17.3252396 6.25 T
94.7761528 12.7467136 6.69 T
94.8304055 23.4694012 6.93 T
94.8438559 23.2744924 7.01 T
94.8560037 13.4338713 6.94 T
94.9172720 16.0131607 6.68 T
94.9214273 12.2926182 7.62 T
95.0175639 14.6510317 5.85 T
95.0313125 23.4048384 7.61 T
95.1514481 25.1889787 7.08 T
95.2171262 11.7561933 6.52 T
95.2532523 14.7047177 7.31 T
95.3103045 21.1324292 7.31 T
95.3423784 21.1996618 7.61 T
95.3581186 17.7632015 6.41 T
95.5599206 19.7024991 7.77 T
95.6512967 12.5700359 6.02 T
95.7068486 17.5741453 7.41 T
95.7172719 12.3607118 7.48 T
95.8756479 27.1179989 7.42 T
96.0487503 15.8507504 7.84 T
96.1822917 25.0487152 6.48 T
96.2200467 16.0568652 6.46 T
96.2737739 16.9946763 7.00 T
96.3277220 23.7093367 7.19 T
96.3335641 11.2328838 7.08 T
96.3872098 23.3270621 6.04 T
96.3925450 22.4576981 7.22 T
96.4252595 14.0926769 6.95 T
96.4279906 21.6449443 6.62 T
96.6571743 15.5236609 6.92 T
96.6634322 13.1005268 6.66 T
96.8157270 14.8892247 6.60 T
96.9859388 20.4964012 6.21 T
97.0391253 21.1573883 7.59 T
97.1162930 16.2380883 6.33 T
97.2354895 26.9669670 6.64 T
97.2407523 20.2120469 4.10 T
97.4578611 17.6240787 7.56 T
97.5055471 17.9065358 7.69 T
97.5910307 22.5448515 6.99 T
97.7898599 11.2513821 6.12 T
97.7915530 16.9383445 6.30 T
97.8802754 15.8533139 7.59 T
97.9059324 15.9034026 6.41 T
97.9140299 11.7922261 6.61 T
97.9513677 11.5445800 5.23 T
97.9977209 22.1856650 7.25 T
98.0745196 17.7797786 6.88 T
98.0774976 17.7845037 6.30 T
98.0969870 11.6732937 6.17 T
98.2732885 16.9487302 7.64 T
98.4005788 14.1546331 5.68 T
98.5151003 22.1174371 7.41 T
98.5295051 22.1239112 7.17 T
98.6638266 19.4289825 7.07 T
98.7236527 16.2057490 6.70 T
98.7363068 16.7637565 7.21 T
98.7795102 12.6687699 7.08 T
98.9645863 17.1999351 7.47 T
99.0089731 16.7968388 6.77 T
99.0181582 13.6939943 7.26 T
99.1094669 27.2777789 7.01 T
99.1200986 15.7497514 7.41 T
99.1764523 23.0980277 6.97 T
99.3636668 24.5908864 6.50 T
99.3721286 22.1487130 7.69 T
99.3907796 12.1787672 6.91 T
99.4409010 18.4015249 7.57 T
99.4686092 23.6044505 6.76 T
99.5787612 24.4501808 6.77 T
99.7721846 22.0307298 6.20 T
99.8813134 24.6007399 6.48 T
99.9487161 12.9826757 5.99 T
100.3413814 16.3976269 6.27 T
100.4609656 14.2165310 6.79 T
100.6014206 17.6447782 5.22 T
100.8264890 18.1453150 7.78 T
100.9053875 16.7828797 7.82 T
100.9829851 25.1310506 3.14 T
100.9970307 13.2276550 4.62 T
101.1252214 20.6929768 7.05 T
101.2294230 20.8607209 7.25 T
101.2346659 22.8373711 6.77 T
101.3107265 13.3359154 7.31 T
101.3216128 12.8943981 3.38 T
101.4758046 12.6935386 6.50 T
101.5431360 23.3715082 6.59 T
101.5879423 18.8375927 7.05 T
101.7056452 16.7723449 6.86 T
101.7814649 17.1199064 7.67 T
101.8301100 18.3226796 7.33 T
101.8477502 18.1931880 6.38 T
102.0686353 14.5924351 7.68 T
102.2382856 20.5638995 7.72 T
102.2857237 23.2019124 6.79 T
102.2924159 27.1900969 6.68 T
102.3139042 22.3107130 7.32 T
102.4575444 16.2028183 5.82 T
102.6062284 13.4131279 5.83 T
102.7518608 25.7591271 7.05 T
102.8876467 21.7609188 5.26 T
102.9924040 25.6630514 6.77 T
102.9996775 23.6016599 5.84 T
103.2756429 25.3112392 7.43 T
103.6214482 26.5307274 7.68 T
103.6614373 13.1773230 4.75 T
103.6656488 15.8378753 6.66 T
103.6781888 24.2449525 6.91 T
103.7364248 21.5713755 6.97 T
103.8275251 25.3758548 5.82 T
103.9049757 24.0080214 7.72 T
103.9841066 27.2858104 7.19 T
104.0778321 25.0092952 7.63 T
104.2023650 20.9671409 7.40 T
104.2086527 11.3917360 7.66 T
104.3566213 11.9075238 6.32 T
104.3886932 19.7282146 7.45 T
104.4287404 17.9019794 7.14 T
104.4416971 20.4663872 7.74 T
104.5274324 14.2286463 7.25 T
104.5492839 22.4764923 7.00 T
104.5559979 14.2491599 7.37 T
104.6964106 26.0816676 6.26 T
104.8663473 25.9141154 6.38 T
105.0753380 15.5352050 6.83 T
105.1545940 12.7233897 7.43 T
105.1629808 16.9590984 7.10 T
105.1637593 12.7399903 7.74 T
105.1684270 23.4400964 7.16 T
105.2910447 11.7745114 6.79 T
105.4397461 17.9753236 7.56 T
105.5299269 25.4256192 7.04 T
105.5729212 15.3358531 5.90 T
105.5766909 12.5817697 7.29 T
105.5850220 25.3641348 7.40 T
105.6032100 24.2154416 5.29 T
105.8093920 14.3359902 7.19 T
105.8739423 19.2219664 7.54 T
106.0271735 20.5702816 4.05 T
106.0398001 18.6687442 7.32 T
106.0852924 15.2385824 7.45 T
106.3265337 22.6373996 6.00 T
106.3944445 14.4730579 7.03 T
106.4213178 20.9957794 7.88 T
106.4509362 11.2240718 7.70 T
106.5725167 17.7443662 7.16 T
106.7398910 13.4028343 7.78 T
107.0918013 15.9300322 5.59 T
107.4813940 18.8442298 7.69 T
107.5266687 21.2440264 6.52 T
107.8203877 15.3319534 7.27 T
107.8459764 26.8563712 5.77 T
108.1097853 24.1283195 5.89 T
108.2006532 15.1783007 7.76 T
108.2045012 27.2243036 7.24 T
108.2045012 27.2243036 7.27 T
108.2056895 25.7486786 7.05 T
108.3428913 16.1587018 5.26 T
108.4707649 16.5801837 7.30 T
108.6106415 24.7110705 6.88 T
108.6356034 12.1157129 5.81 T
108.9283448 19.8473148 7.43 T
109.1855161 16.1473523 6.80 T
109.2021208 24.5362047 7.35 T
109.2645677 26.6886742 6.49 T
109.5229465 16.5401520 3.58 T
109.6680103 14.3633969 7.76 T
90.8637500 19.6905556 5.14 B
90.9800000 20.1383333 4.63 B
92.7575000 18.1294444 6.33 B
92.9641667 21.8686111 6.56 B
93.7191667 22.5066667 3.28 B
94.0991667 17.1813889 6.39 B
95.7400000 22.5136111 2.88 B
96.3670833 14.7219444 6.24 B
99.4279167 16.3991667 1.93 B
99.8879167 28.2630556 6.03 B
100.3375000 28.1963889 6.42 B
100.3216667 11.0033333 6.11 B
101.1895833 28.9708333 5.44 B
105.0658333 16.0788889 5.68 B
105.6062500 17.7555556 5.94 B
105.6395833 16.6741667 5.82 B
106.8391667 22.7036111 7.68 B
107.5279167 21.2469444 6.43 B
110.4866667 20.4436111 5.10 B
