135.3861432 40.9404608 7.46 T
135.4035207 49.7360160 7.99 T
135.7617054 49.9481675 6.87 T
135.8622242 37.8399295 7.11 T
135.9461455 38.7419849 6.98 T
136.1136060 43.4418252 7.36 T
136.2069953 43.4560958 7.61 T
136.3502684 48.5302201 5.52 T
136.3880118 36.1802575 7.09 T
136.4611582 38.4386941 7.86 T
136.5939312 49.6113748 7.45 T
136.6321429 38.4521174 4.65 T
136.6378133 38.0884976 7.89 T
136.7153058 38.2783278 6.65 T
137.0261297 47.4238464 7.20 T
137.1202827 36.3118781 7.61 T
137.2113407 33.8814818 6.00 T
137.2407116 49.2978336 7.65 T
137.4680972 49.8319119 7.64 T
137.5354059 35.4126786 7.94 T
137.8275415 40.3004643 7.77 T
137.9431964 44.8239555 7.33 T
137.9800093 35.4819487 7.72 T
138.1171526 49.2053638 7.74 T
138.4119076 46.9903493 7.85 T
138.7399749 38.6098079 6.79 T
138.8081642 34.6338108 6.07 T
138.9802500 42.4327639 7.74 T
139.3800411 46.8173151 5.95 T
139.6078026 35.3641093 6.63 T
139.6078026 35.3641093 6.69 T
139.7488642 35.6824308 7.54 T
139.8136126 46.9436530 6.88 T
140.0305621 37.7556265 7.63 T
140.2471693 38.1881148 6.72 T
140.2471693 38.1881148 7.08 T
140.2620886 34.3926657 3.29 T
140.2977071 34.9477283 7.50 T
140.3141144 39.6663845 6.75 T
140.3482870 45.3699832 6.54 T
140.3560009 40.2838593 7.12 T
140.5948185 48.4097967 7.49 T
140.6053194 40.1988155 7.80 T
140.6339675 49.5447822 7.08 T
140.9604690 34.5477627 7.29 T
141.0882849 34.3423751 7.83 T
141.0931671 36.5869533 6.70 T
141.3152827 44.6254223 7.99 T
141.4033668 35.1523772 7.85 T
141.6718694 36.4572364 7.03 T
141.7044510 41.0238957 7.58 T
141.7557924 47.7732468 7.59 T
141.8819819 42.7641705 7.45 T
141.9230124 41.1969329 7.59 T
142.1665778 45.6006743 5.50 T
142.1757936 45.5823594 7.79 T
142.2466175 50.0310582 7.30 T
142.4816724 33.5515705 7.56 T
142.6591378 44.7692128 7.36 T
142.6799345 33.6554042 5.97 T
142.7121132 34.2108063 7.68 T
142.7357467 44.6838757 7.93 T
142.8846121 35.1026594 5.55 T
142.9263556 36.4290204 7.05 T
143.0596736 43.7377353 7.73 T
143.1602183 48.1668331 7.98 T
143.2807400 49.4387522 6.77 T
143.2967240 45.5135137 6.60 T
143.3768040 36.4867417 6.32 T
143.4912416 45.2862692 7.70 T
143.5558043 36.3974175 4.64 T
143.5612606 34.8111383 7.99 T
143.5809235 46.9019590 6.56 T
143.6326461 48.7546284 7.65 T
143.7657189 39.6216236 4.91 T
143.8437039 39.9633680 6.81 T
143.8483353 39.9573950 7.98 T
143.9090401 35.8086191 5.48 T
143.9383566 34.7805290 7.72 T
143.9609148 48.4917462 7.07 T
144.1594738 35.6963529 7.76 T
144.2228530 35.5989798 7.48 T
144.5906055 40.2398590 5.30 T
144.7944256 43.1437724 6.69 T
144.8663629 35.2431025 7.18 T
144.9903362 35.3359725 6.95 T
145.2318933 43.9924303 7.89 T
145.3420796 38.9493398 7.28 T
145.4441119 37.2647404 7.98 T
145.4552555 43.6371135 7.17 T
145.5010241 39.7575503 5.71 T
145.6033709 48.7748416 7.25 T
145.6211603 40.9730787 7.99 T
145.6779248 35.0930541 6.16 T
145.6792779 48.4308574 6.35 T
145.7670280 37.1286602 7.54 T
145.9282392 34.0971985 7.36 T
145.9372006 44.7012639 7.75 T
146.0284599 42.0503275 6.88 T
146.5226355 39.8382391 7.35 T
146.6775051 45.1135749 6.92 T
147.1473205 43.5364746 7.95 T
147.1493797 46.0204212 5.14 T
147.1857938 43.6652556 7.80 T
147.2616377 34.0850487 7.22 T
147.3688639 36.7472741 6.80 T
147.5023712 33.6014998 7.95 T
147.5578076 39.6317399 6.84 T
147.5902763 35.8733333 7.24 T
147.6232455 45.0830944 7.46 T
147.7881706 36.4889940 7.87 T
147.9434512 39.6223854 7.85 T
147.9815557 49.6214838 7.86 T
148.0673478 36.2996135 7.77 T
148.0678340 49.1903663 7.82 T
148.0896959 37.9143375 6.74 T
148.1254506 35.5246342 7.13 T
148.1474928 40.3768524 7.91 T
148.4040721 34.9837191 6.88 T
148.9291505 49.8199732 5.28 T
149.4200824 41.0554641 5.16 T
149.4564221 35.1245492 7.37 T
149.4869138 45.4140926 6.45 T
149.5089104 48.2197888 7.64 T
149.6065290 40.7428152 7.89 T
150.0137211 42.3163969 7.54 T
150.7068819 49.8781811 7.59 T
150.7729824 46.1970288 7.69 T
150.8521980 42.0095026 7.20 T
150.8653211 41.3046947 7.58 T
150.9720728 38.0196552 6.83 T
151.0362710 48.5911440 7.63 T
151.4311812 41.0451332 7.97 T
151.4543811 35.0021483 7.39 T
151.4821607 39.5819523 7.36 T
151.6344192 39.5036539 7.72 T
151.7521577 38.0241485 7.98 T
151.7832430 45.0599239 7.66 T
151.8577289 35.2447015 4.50 T
152.1792544 34.2418776 7.66 T
152.5695461 49.5070889 7.19 T
152.7327643 36.4681409 7.32 T
152.7456461 40.6616104 6.47 T
152.8030959 37.4017146 5.99 T
152.8291939 49.4510740 6.75 T
152.8861268 41.7314590 7.75 T
152.9996569 36.2513680 7.74 T
153.8879493 47.3687621 7.80 T
154.0387793 35.1643784 7.36 T
154.1088646 45.4332814 7.74 T
154.1299277 45.0436300 7.29 T
154.1590990 41.2757203 7.40 T
154.2537893 47.3076607 7.33 T
154.3227175 41.4672974 6.74 T
154.4768631 49.5766057 7.73 T
154.6356690 43.0479557 6.59 T
154.7169846 44.0464479 6.73 T
154.7442690 46.7605892 6.55 T
154.8606228 48.3960765 6.11 T
155.2652848 41.8494105 6.78 T
155.4223626 48.0420387 7.66 T
155.5430211 41.2286642 5.78 T
155.5815833 41.4997308 3.22 T
155.6423493 42.6163689 7.52 T
155.7717757 35.2175507 7.12 T
155.7762568 33.9081118 5.90 T
156.0173112 39.0360525 7.84 T
156.0252817 34.1931312 7.27 T
156.0357306 33.7185156 5.64 T
156.0628759 40.6353024 7.78 T
156.0925017 34.1762591 7.21 T
156.3771794 36.2044151 6.74 T
156.5112287 39.2671251 7.39 T
157.0135297 48.9640058 6.85 T
157.0169687 48.7793895 6.50 T
157.0651124 46.1773052 7.66 T
157.1519705 45.2120968 6.51 T
157.4852940 45.8520797 7.58 T
135.1600000 41.7827778 3.97 B
138.4508333 43.2177778 5.32 B
139.7112500 36.8025000 3.82 B
143.9150000 35.8102778 5.41 B
145.3966667 31.2780556 5.89 B
147.1475000 46.0211111 5.09 B
151.2937500 52.3708333 6.14 B
154.2741667 42.9144444 3.45 B
156.8666667 41.6008333 6.02 B
