225.8369438 -41.2715411 7.37 T
226.2796330 -47.0513594 4.56 T
226.2796330 -47.0513594 4.60 T
226.3300565 -41.0672411 5.24 T
226.5100490 -48.8834609 6.45 T
226.7759625 -37.9457357 7.19 T
226.8583252 -49.0885648 5.87 T
226.8643600 -48.2983413 7.58 T
227.0043017 -43.7126878 7.02 T
227.0502665 -40.5841244 5.75 T
227.1631572 -42.8680589 5.80 T
227.2108116 -45.2799819 4.02 T
227.2593037 -38.5344012 7.27 T
227.5024464 -41.1794664 7.48 T
227.5303167 -38.7926279 6.08 T
227.6735265 -43.7304909 7.07 T
227.8949038 -45.2773777 6.53 T
227.9827260 -48.7381338 3.83 T
227.9892952 -48.7439826 5.52 T
228.0813691 -34.9677957 7.69 T
228.1297774 -48.2192566 6.46 T
228.2064548 -44.5005689 4.78 T
228.2817450 -36.0915740 6.07 T
228.4135816 -41.4938613 7.64 T
228.5409684 -38.4921139 7.20 T
228.6144792 -47.0381360 7.25 T
228.6291656 -43.3870600 7.32 T
228.7067705 -42.3197620 7.47 T
228.8316924 -44.1496386 6.72 T
228.9538023 -37.1489739 7.78 T
228.9736603 -48.0737108 5.98 T
229.0167206 -41.4911704 5.24 T
229.0435101 -43.4850382 6.01 T
229.0711079 -48.0446834 7.06 T
229.1189132 -43.9507438 7.91 T
229.1546240 -42.3703390 6.75 T
229.2151901 -47.8646635 6.56 T
229.2278397 -46.2025278 6.50 T
229.2467179 -38.4476853 6.91 T
229.5395401 -41.0611713 6.30 T
229.5408570 -47.8998299 7.04 T
229.6330754 -47.8754582 4.93 T
229.6330754 -47.8754582 4.99 T
229.6405045 -47.8794748 6.34 T
229.7347522 -40.7883614 5.59 T
229.8429291 -34.0325735 7.76 T
229.8815560 -37.0980707 6.29 T
230.2704169 -47.7604330 6.81 T
230.3429052 -40.6476450 3.16 T
230.3749957 -38.2187404 6.55 T
230.3926720 -44.9382760 6.68 T
230.3969573 -40.7496547 6.19 T
230.4353986 -48.3193482 5.72 T
230.4508342 -36.2619099 3.73 T
230.5331341 -47.9286201 5.05 T
230.5467315 -37.6357742 6.63 T
230.6186681 -34.1584965 7.71 T
230.6383459 -44.2930728 6.74 T
230.6701483 -44.6897743 3.34 T
230.7888259 -36.8586302 4.50 T
230.8538206 -46.1404831 6.59 T
231.1497010 -48.5821195 7.55 T
231.1746919 -35.9171314 6.76 T
231.1873022 -39.7105725 5.35 T
231.2766396 -38.1693865 7.06 T
231.3338518 -38.7337306 4.59 T
231.3755424 -36.1996067 7.65 T
231.5284402 -39.8890716 7.37 T
231.6947460 -35.7807176 7.65 T
231.8062216 -49.4546975 7.43 T
231.8253770 -36.7677226 5.42 T
232.0091896 -33.5454930 7.49 T
232.0725406 -45.1349720 7.75 T
232.1877064 -44.8928131 7.73 T
232.3300621 -38.6355030 6.47 T
232.3510577 -46.7327331 5.44 T
232.5310688 -38.5855666 7.65 T
232.5888301 -41.9190322 6.33 T
232.7016238 -45.4245188 7.45 T
232.8214981 -33.8200444 7.03 T
233.0170528 -38.6229750 6.25 T
233.0579608 -45.0675476 6.80 T
233.1286116 -38.0713395 7.48 T
233.3516934 -40.4912446 6.51 T
233.3881292 -47.5382321 7.17 T
233.5866666 -39.3494391 6.34 T
233.7847990 -41.1670455 2.95 T
233.7847990 -41.1670455 4.45 T
233.8301416 -49.6698407 7.31 T
233.9716861 -44.9584996 4.68 T
233.9716861 -44.9584996 6.51 T
234.0500248 -44.3971675 5.61 T
234.1111821 -44.0104656 7.26 T
234.1832703 -41.0605297 7.60 T
234.2960411 -44.3645990 7.60 T
234.5120744 -42.5669890 4.50 T
234.6358341 -39.1608579 6.56 T
234.6732191 -45.7088558 6.95 T
234.6758506 -39.1277183 6.07 T
234.9400885 -42.7675090 7.42 T
234.9416029 -34.4120040 4.77 T
234.9684836 -43.6179621 7.59 T
235.1028156 -44.2886000 6.96 T
235.1409098 -41.9446969 7.71 T
235.2139462 -44.6231586 6.90 T
235.2789601 -39.9831452 6.84 T
235.2959298 -44.6628653 4.68 T
235.6550779 -49.4896863 6.16 T
235.6592533 -37.4250338 5.35 T
235.6707315 -34.7105898 4.70 T
235.9577019 -39.4615384 7.60 T
236.0944235 -41.8194388 6.10 T
236.2763759 -35.1020310 7.72 T
236.6681041 -48.7369173 6.75 T
236.6840845 -34.6826094 5.58 T
236.7683987 -35.5104919 6.91 T
236.7755211 -35.5181942 7.26 T
236.8550394 -40.1944629 6.51 T
236.8679710 -37.9176449 6.08 T
237.0801620 -44.3518067 7.04 T
237.3119989 -41.7914327 7.41 T
237.4892695 -48.9124766 5.85 T
237.5683279 -45.4019138 6.15 T
237.7396825 -33.6273511 3.94 T
237.8798288 -47.0610166 6.13 T
238.0066532 -45.5051886 7.48 T
238.0547234 -45.2843425 6.65 T
238.8157765 -42.6053618 6.71 T
238.8343333 -43.3916610 6.95 T
238.8452236 -44.5261254 6.96 T
238.8575700 -43.9738563 7.86 T
238.9295157 -44.5324962 6.82 T
239.0210887 -40.7049016 7.06 T
239.0285365 -39.8644844 6.04 T
239.2229740 -33.9663443 5.09 T
239.2255603 -33.9645380 5.56 T
239.2651372 -48.1627956 6.34 T
239.2709488 -35.9277171 6.91 T
239.3387694 -36.1854639 5.94 T
239.5995500 -44.0810303 6.73 T
239.6282062 -37.5040407 6.42 T
239.7951836 -38.7488348 7.21 T
239.8758127 -41.7445501 5.09 T
240.0303997 -38.3968647 3.37 T
240.0320600 -38.3929997 7.50 T
240.0929320 -38.9939941 7.26 T
240.1954558 -39.0888294 6.69 T
240.2238289 -40.4351507 6.22 T
240.4951945 -37.5345235 7.42 T
240.5199884 -36.7440463 6.98 T
240.5431895 -42.7012836 6.97 T
240.7331548 -43.4416484 7.36 T
240.8041406 -49.2296422 4.75 T
240.8506454 -38.6027216 4.86 T
241.0646299 -40.8448229 7.57 T
241.1524035 -37.8636607 5.95 T
241.1762628 -37.8162597 7.06 T
241.1852569 -39.4348291 6.93 T
241.4560489 -46.0849370 7.70 T
241.6226017 -45.1730464 4.74 T
241.6479505 -36.8024685 4.17 T
241.8179176 -36.7559881 5.74 T
241.8550257 -48.4225355 6.64 T
241.9334310 -46.5256114 7.07 T
242.0181179 -36.2320132 6.73 T
242.1427487 -39.1052205 7.13 T
242.1439608 -39.0930071 6.62 T
242.4689397 -33.5460807 5.48 T
242.5025618 -35.6430322 7.22 T
242.5439386 -40.1288628 7.13 T
242.8231174 -41.1205896 5.89 T
242.8273620 -45.3338089 6.70 T
243.2991449 -49.8848558 6.85 T
243.7405673 -39.6280163 7.16 T
243.8134715 -47.3723244 5.11 T
243.8496151 -42.8994620 6.26 T
244.2009090 -49.4626862 7.73 T
244.2538883 -50.0681444 5.06 T
244.6640694 -49.4138862 7.60 T
244.7611481 -49.4063959 7.29 T
244.8213467 -35.4911006 6.67 T
244.8236279 -42.6740467 5.45 T
245.0512908 -39.5007553 7.07 T
245.1357928 -39.4306338 6.09 T
245.3625071 -48.1887637 6.49 T
245.4405498 -42.0038277 7.47 T
245.5600076 -43.2003543 7.64 T
245.6165267 -49.5725292 5.31 T
245.6210485 -43.9121050 6.04 T
245.7971626 -34.9252696 7.20 T
246.0059552 -39.1929590 5.44 T
246.1321922 -37.5662469 5.40 T
246.1690145 -45.1805379 7.58 T
246.1821237 -34.8938749 7.08 T
246.2258383 -45.3495846 6.35 T
246.7076367 -48.0443844 7.30 T
246.7918227 -47.5492377 6.12 T
246.7958479 -47.5549363 4.51 T
247.2078567 -44.8126342 7.36 T
247.4263284 -46.2432644 5.41 T
226.1787500 -40.8613889 6.41 B
233.5066667 -40.0661111 5.82 B
234.0475000 -33.0927778 6.24 B
235.2429167 -47.7355556 6.23 B
235.0641667 -31.2136111 6.34 B
235.2970833 -44.6611111 4.64 B
236.8708333 -37.9163889 6.01 B
237.2095833 -52.4380556 6.07 B
238.2145833 -50.6152778 6.60 B
239.9750000 -54.0211111 6.10 B
239.9916667 -40.6527778 6.49 B
