0.7532900 -60.6919226 7.93 T
1.1846499 -56.8411504 7.88 T
1.3406572 -56.9557242 7.43 T
1.3990343 -61.3098103 7.48 T
1.8420636 -56.8370262 7.64 T
1.8680486 -56.0113384 7.53 T
1.9025076 -62.3151370 7.69 T
2.2604708 -54.0018472 6.42 T
2.4673743 -62.2966857 6.36 T
3.0058314 -54.7508752 7.98 T
3.0226853 -58.5261020 7.71 T
3.2079883 -57.9123853 7.32 T
3.4724016 -56.9994108 7.21 T
3.5612412 -55.0698493 6.71 T
4.0318458 -48.5557974 7.96 T
4.1350243 -55.4696237 7.92 T
4.2277756 -52.6500281 6.92 T
4.2398435 -58.1519709 7.77 T
4.4223207 -60.7993453 7.70 T
4.5859603 -49.9058636 7.40 T
4.6222012 -46.5320329 7.52 T
4.8355878 -46.4989775 7.66 T
4.8439141 -53.8441459 7.98 T
4.8955620 -50.4294304 7.62 T
5.5421350 -61.2973300 7.96 T
5.5893782 -50.9921903 6.81 T
5.6433212 -61.0348035 7.30 T
5.7904237 -50.5484351 7.81 T
5.8881980 -54.0546184 7.72 T
5.9311345 -62.4245552 7.70 T
5.9320500 -49.3578182 7.90 T
6.0501454 -54.5670258 7.62 T
6.1795080 -53.9841713 7.35 T
6.1921602 -51.0454602 6.88 T
6.4095075 -51.4028741 7.70 T
7.0098126 -52.9522671 7.78 T
7.1716233 -54.4311386 7.91 T
7.1812849 -50.5328863 6.39 T
7.6099826 -48.2154329 5.71 T
7.6659442 -54.9700615 7.56 T
7.7737960 -48.6410974 7.86 T
7.8554217 -48.8033871 4.75 T
7.8987886 -53.1179058 7.88 T
8.2997152 -46.9518469 7.50 T
8.3741085 -55.3282172 7.37 T
8.3857290 -61.1472277 7.76 T
8.5153787 -58.2015546 7.81 T
8.6182850 -52.3728439 5.62 T
8.8891346 -54.8221939 6.16 T
8.9220005 -48.0015364 5.56 T
9.0046717 -59.7173528 6.95 T
9.1619292 -49.1331451 6.85 T
9.3267958 -54.3938348 6.51 T
9.5098592 -50.7339814 7.97 T
9.7979235 -57.9680468 6.86 T
10.1178112 -59.4518352 5.96 T
10.1268414 -55.5113300 7.64 T
10.2161109 -53.2102143 7.43 T
10.3312743 -46.0850089 4.71 T
10.4443344 -56.5009621 5.72 T
10.6780660 -60.2631343 6.13 T
10.8384488 -57.4629947 4.36 T
11.0603380 -49.3858972 6.88 T
11.0898823 -49.7064695 7.71 T
11.1334013 -62.4974993 6.31 T
11.2521282 -53.7148811 6.21 T
11.3350249 -48.8359997 7.64 T
11.4239004 -48.3014903 7.94 T
11.4416730 -47.5514984 5.87 T
11.6067685 -57.9276593 7.36 T
11.6472486 -58.0485239 7.58 T
11.6598845 -54.1010379 7.85 T
12.2362713 -46.6975026 6.38 T
12.2983589 -53.7743876 7.62 T
12.4841413 -57.3862382 7.41 T
12.6722377 -50.9865302 5.27 T
13.1689774 -51.5497975 7.96 T
13.4869561 -54.5920974 7.73 T
13.4971060 -48.7913066 6.93 T
13.5622696 -57.4030976 7.43 T
13.5992966 -48.9486537 7.97 T
13.7987972 -47.4070844 6.78 T
13.9708810 -53.1928667 6.73 T
14.5931452 -60.6960898 6.25 T
14.6846601 -51.2652041 7.67 T
14.8317995 -58.4049849 7.90 T
14.9649963 -49.7506170 7.62 T
15.0468605 -50.5238457 7.69 T
15.1670627 -52.5827339 7.40 T
15.3302412 -60.8595445 6.99 T
15.4296469 -46.2155602 7.97 T
15.5076526 -57.0022812 6.20 T
15.6829635 -47.2883940 7.75 T
15.7049265 -46.3972432 5.49 T
15.8231150 -60.0980648 7.58 T
15.8253137 -60.0989758 7.67 T
16.1003693 -47.9402563 7.04 T
16.3094962 -57.7948958 7.83 T
16.5208902 -46.7184164 3.46 T
16.5980446 -47.5952606 7.82 T
16.8287327 -61.7753652 5.44 T
17.0181259 -61.8716950 7.50 T
17.0964673 -55.2455678 4.00 T
17.1411520 -46.6678358 7.14 T
17.3441684 -56.5952946 7.20 T
17.5306614 -57.6951385 6.52 T
17.5643177 -56.8633658 7.01 T
18.5865089 -50.4163271 7.48 T
18.5920959 -53.1240424 7.65 T
18.6729901 -57.3840200 7.55 T
18.7520635 -55.6326059 7.83 T
18.8438680 -62.1087463 7.99 T
19.4971497 -52.1058034 7.42 T
19.8358292 -53.6361636 7.48 T
19.8913108 -47.2924083 7.68 T
19.9934866 -57.3489050 7.49 T
20.0533176 -60.0742599 7.45 T
20.0837850 -48.6761084 7.73 T
20.1185245 -57.3378841 7.18 T
20.3271456 -49.7413011 6.79 T
20.3529712 -50.9369665 6.72 T
20.5394644 -59.1266975 7.61 T
20.5886046 -61.3292918 7.41 T
20.6157436 -61.0030273 7.96 T
20.9864526 -60.6289601 7.86 T
21.3339081 -59.4985727 7.11 T
21.7383286 -51.5204519 7.64 T
21.8973663 -46.1517007 7.71 T
22.0788860 -49.0057862 7.05 T
22.3700628 -51.5035187 7.78 T
22.3772782 -46.7563167 6.44 T
22.3867427 -52.3661788 7.51 T
22.5812914 -52.4936478 7.20 T
22.6938211 -59.6595768 7.98 T
22.7579272 -51.2158718 7.84 T
22.8142588 -49.0717509 4.04 T
22.8185264 -49.9044722 7.40 T
22.8580210 -55.9682655 7.99 T
22.9053668 -61.2492901 7.43 T
23.1386700 -49.5284700 7.84 T
23.1512482 -49.7282044 6.31 T
23.4262995 -50.4017195 7.97 T
23.4989196 -62.4762221 6.94 T
23.5552776 -57.0012609 6.80 T
23.8159517 -58.1396908 6.06 T
23.9265192 -55.2367999 7.92 T
23.9310689 -53.1995330 7.94 T
23.9353522 -60.9665230 7.85 T
24.1869312 -58.2709663 6.39 T
24.2012801 -48.8037094 6.95 T
24.2806120 -48.2916285 7.94 T
24.4406146 -47.1780681 7.68 T
24.4730395 -60.5114854 7.39 T
24.5159599 -46.0837155 7.09 T
24.5675401 -47.9347079 7.30 T
24.7022028 -53.4391655 7.15 T
24.7827998 -56.4295743 7.13 T
24.7842900 -48.7753481 7.30 T
24.9515539 -56.1965716 5.90 T
24.9547449 -55.1490783 7.63 T
25.0267291 -48.7612327 7.26 T
25.1010468 -60.9991244 7.66 T
25.4215339 -50.0387349 6.65 T
25.4500391 -60.7895831 5.83 T
25.5266835 -55.8653777 7.95 T
25.6239741 -53.7414804 5.58 T
25.7062516 -54.6971262 7.99 T
26.1377169 -61.0187509 6.77 T
26.1637003 -51.0204633 7.81 T
26.5274332 -53.5216740 5.04 T
26.6631918 -61.3910897 7.73 T
5.0179167 -64.8747222 4.23 B
7.8862500 -62.9580556 4.37 B
7.8900000 -62.9658333 4.54 B
8.1825000 -63.0311111 5.09 B
8.6158333 -52.3730556 5.57 B
10.1100000 -59.4544444 5.89 B
10.6741667 -60.2625000 5.98 B
11.2500000 -53.7150000 6.15 B
18.7962500 -45.5313889 4.96 B
21.1745833 -44.5283333 6.26 B
22.0912500 -43.3183333 3.41 B
22.8129167 -49.0727778 3.95 B
22.9129167 -45.5755556 6.17 B
24.4287500 -57.2366667 0.46 B
24.9475000 -56.1980556 5.87 B
24.9491667 -56.1947222 5.76 B
25.6220833 -53.7405556 5.52 B
26.5241667 -50.8163889 5.49 B
