240.4639806 59.6310476 7.92 T
240.4684542 58.5673539 4.05 T
240.7887183 59.4105547 6.37 T
240.9227922 59.0895475 6.92 T
241.2040739 60.0446838 7.53 T
242.2617747 57.9380363 6.33 T
242.3395394 52.9050407 7.93 T
242.3578614 55.8291253 6.55 T
242.4850269 59.8717111 6.77 T
242.6345791 53.0425844 8.00 T
243.7382015 60.6725207 7.76 T
243.7994381 47.0401859 7.98 T
243.9471483 53.2362833 6.99 T
244.2905668 56.9185547 7.98 T
244.3140272 59.7551803 5.61 T
244.5242023 62.4229933 7.45 T
244.7965221 49.0383703 6.07 T
244.9350432 46.3136215 3.85 T
245.0818986 59.7707083 7.66 T
245.1025718 52.0390046 6.63 T
245.2134021 54.3864044 7.77 T
245.4008888 56.8771615 7.76 T
245.7800770 50.3441653 7.48 T
245.9459692 61.6966954 6.15 T
245.9459692 61.6966954 7.09 T
246.0726364 55.3299405 7.00 T
246.1099565 52.2895308 6.83 T
246.2490483 50.4521738 7.91 T
246.2510883 51.7167323 7.37 T
246.3828459 51.1383583 7.27 T
246.6327198 47.9583811 6.63 T
246.8911519 47.3415433 7.44 T
247.0049290 51.5921713 7.43 T
247.1791176 51.7510880 7.77 T
247.1813475 51.4077648 6.42 T
247.5246806 48.9607656 6.43 T
247.5614483 47.9506568 7.04 T
247.8335877 57.8390421 7.86 T
248.1072909 60.8232693 5.92 T
248.2358698 50.1419456 6.92 T
248.3353855 61.2337069 7.71 T
248.4515897 59.6771264 7.82 T
248.4966708 52.2379790 6.93 T
248.7522593 60.4681865 7.50 T
248.9223148 57.7809249 7.46 T
249.0465586 46.6133392 5.93 T
249.0474724 52.9002205 5.50 T
249.0570427 52.9245612 5.38 T
249.1890069 52.2565712 7.85 T
249.5019402 56.0159712 5.40 T
249.5403062 61.1722972 7.08 T
249.6356199 48.8621626 6.80 T
249.6864053 48.9285242 5.07 T
249.7574385 50.8300632 7.15 T
250.1549358 56.1668741 7.59 T
250.2760819 62.3079313 7.21 T
250.6171634 49.9357735 6.53 T
250.7442173 55.6906207 6.18 T
250.9383398 51.5427120 7.96 T
251.0731243 60.9707750 7.90 T
251.1440650 49.8625847 7.24 T
251.1519546 48.2645056 7.93 T
251.3244114 56.7822581 4.88 T
251.4087509 55.3137067 7.00 T
251.7155172 55.4099822 7.50 T
252.0039192 57.4891937 7.16 T
252.0691669 57.8137167 7.83 T
252.1059494 55.3896526 7.97 T
252.2187394 59.5034144 7.79 T
252.2724709 48.2357273 7.51 T
252.3472589 52.9168177 7.21 T
252.4973034 46.6493013 7.04 T
252.7132427 48.3436470 7.89 T
252.8473227 50.7733019 7.58 T
252.9663276 54.3310490 7.37 T
253.3227689 47.4173279 6.14 T
253.5080715 60.3622012 7.17 T
253.5783680 46.5387795 6.88 T
253.6871445 62.0995957 7.13 T
254.0188090 47.3710677 7.05 T
254.0265420 50.0388107 6.80 T
254.0756062 52.6984030 7.14 T
254.0910908 62.3699789 6.91 T
254.2028514 61.4751368 7.44 T
254.2923139 51.8991229 7.68 T
254.4701422 47.3683496 7.93 T
254.8390446 56.6888297 6.17 T
254.9585285 58.4626567 6.87 T
255.0142702 53.0446956 7.56 T
255.3089003 52.6045742 6.90 T
255.3199795 60.6489956 6.26 T
255.3787832 58.5560959 7.34 T
255.5343440 51.9419887 7.87 T
255.5666501 49.5938702 7.30 T
255.5675190 50.3083502 7.75 T
255.6528001 47.0872307 6.85 T
255.6645818 50.9428679 7.63 T
255.9823245 53.2315014 7.93 T
256.0220031 46.0885090 7.89 T
256.2076533 48.8034955 6.23 T
256.3333244 54.4708768 5.66 T
256.3333244 54.4708768 5.69 T
256.3571101 46.3558919 7.48 T
256.4188916 56.1356734 7.22 T
256.5897800 60.6360663 8.00 T
256.7290594 47.6704810 7.85 T
256.7933833 58.2684934 7.35 T
256.8429370 48.3996005 6.79 T
256.9518446 55.7683838 6.99 T
256.9622419 56.1715391 7.94 T
257.0311302 61.1600008 6.78 T
257.0710746 50.8424373 6.45 T
257.6274872 52.4086965 6.29 T
257.6683632 46.5555291 7.71 T
257.6914789 49.3469154 7.70 T
257.7850798 56.6587728 7.07 T
257.8236946 51.7543770 7.14 T
257.9179693 49.7464526 6.18 T
257.9774621 57.9679630 7.20 T
258.2761251 54.1397121 6.95 T
258.3761937 55.4755663 7.65 T
258.5282135 56.1339262 7.87 T
258.6825192 58.3843120 7.93 T
258.9898437 51.8051343 7.97 T
259.0204295 60.7141402 6.93 T
259.1219599 60.6707032 6.44 T
259.1499855 52.7843804 7.61 T
259.2024455 49.6912890 7.63 T
259.3710779 55.0560320 7.73 T
259.7139805 62.5499404 7.67 T
259.7892223 61.7571683 7.84 T
259.9730401 51.8809798 7.95 T
260.0236243 55.9355263 7.95 T
260.0877253 46.2410439 5.67 T
260.1328707 49.0124237 7.80 T
260.1426315 48.1887559 6.41 T
260.3036020 46.1503616 7.66 T
260.4392445 53.4204518 5.85 T
260.8444902 57.0118120 6.56 T
260.9069129 60.9987224 7.29 T
261.1083902 50.4247556 7.66 T
261.1541182 50.6851047 7.63 T
261.2844982 53.1332583 7.90 T
261.3493050 52.7903636 6.54 T
261.4222050 60.0485508 5.65 T
261.5200465 58.6519833 6.51 T
261.6843395 48.2600399 5.84 T
262.1490096 51.3610340 7.69 T
262.2422479 50.8703585 7.79 T
262.2775803 50.0872967 7.70 T
262.5700922 47.4026828 7.30 T
262.6817097 57.8767416 6.38 T
262.8618250 54.3558631 7.22 T
262.8880109 49.7232667 7.88 T
262.8910047 50.6785080 7.85 T
262.8918168 61.6843077 7.67 T
263.0564432 46.3303944 7.45 T
263.2071942 47.8888158 7.83 T
263.2597508 49.3452103 7.37 T
263.3817857 57.5587560 6.23 T
263.5389097 60.0885479 7.34 T
263.7517653 61.8713147 5.28 T
263.7940060 62.4616840 7.19 T
264.0732915 49.4456099 7.55 T
264.1426378 48.4568357 7.52 T
264.1571870 48.5860274 5.48 T
264.3086657 55.7412891 7.16 T
264.4284334 61.9539663 7.89 T
264.5858705 47.1458243 7.73 T
264.7849990 48.4408816 7.96 T
264.9496967 49.7798870 6.60 T
264.9858167 56.8697417 7.42 T
265.1288233 57.8575449 7.82 T
265.1506456 57.3104540 6.89 T
265.3404953 51.8181213 6.11 T
265.4463817 50.4862106 7.84 T
265.9967177 53.8016141 5.75 T
266.2311277 50.0442307 7.23 T
266.6264029 53.5787017 7.61 T
266.7833594 47.6122642 6.48 T
266.9973795 47.5836711 6.93 T
268.1056949 60.3966400 6.88 T
268.4021918 61.0440441 7.95 T
268.9290610 61.3960837 7.38 T
246.1054167 55.2050000 5.74 B
247.9470833 45.5983333 5.65 B
249.0587500 52.9241667 6.53 B
252.3091667 45.9833333 4.82 B
262.6083333 52.3013889 2.79 B
263.0441667 55.1841667 4.88 B
263.0666667 55.1730556 4.87 B
263.7479167 61.8750000 5.23 B
268.3820833 56.8727778 3.75 B
268.8487500 55.9713889 6.10 B
