247.9239981 -41.8171458 5.36 T
248.4682787 -48.1112667 6.81 T
248.5209390 -44.0453378 4.91 T
248.5252542 -48.4615066 6.95 T
248.8075906 -35.7248093 6.63 T
249.0937507 -35.2552488 4.35 T
249.0939970 -42.8588806 5.52 T
249.1193689 -40.3031757 7.12 T
249.1732606 -35.9163446 6.94 T
249.2609037 -38.6763465 7.35 T
249.6094392 -43.3985516 5.83 T
249.6288435 -39.1524554 6.95 T
249.7716682 -37.2176540 5.91 T
250.1576806 -35.6872158 6.66 T
250.1857704 -48.7562001 7.07 T
250.2733476 -47.7461195 7.39 T
250.3355052 -48.7630078 5.71 T
250.4175941 -49.6515860 5.64 T
250.7648474 -46.0703194 6.36 T
250.9348405 -47.1058081 7.05 T
250.9400788 -41.1193522 6.22 T
250.9482281 -38.1566279 6.04 T
250.9752394 -41.1134898 6.11 T
251.1773740 -40.8398047 5.61 T
251.5265192 -46.5322022 6.47 T
251.6424495 -41.6107048 7.09 T
251.6996668 -39.3771280 5.59 T
251.7569129 -39.5340145 6.91 T
251.8764094 -45.4605269 7.47 T
251.9557133 -45.3903429 7.22 T
252.0230775 -45.9450588 6.72 T
252.4510394 -42.0017350 7.18 T
252.5362479 -34.2948229 2.39 T
252.6895538 -38.2565675 7.23 T
252.7500363 -37.5148832 6.23 T
252.8905044 -41.2305308 5.25 T
253.0801684 -41.8545249 6.51 T
253.0838435 -38.0176824 3.51 T
253.1141508 -40.7232961 6.29 T
253.1327871 -42.9919453 7.05 T
253.1973668 -41.7858485 7.01 T
253.4952132 -41.9943179 6.38 T
253.4988632 -42.3620388 4.82 T
253.5076420 -41.8063925 5.47 T
253.5149442 -41.7916975 6.56 T
253.5220952 -41.0794841 7.36 T
253.5419308 -41.8250402 6.07 T
253.5479895 -41.6419403 7.21 T
253.5485045 -41.8492459 6.39 T
253.5820946 -41.8199088 6.62 T
253.6122664 -42.4789309 5.91 T
253.6448095 -42.3627327 3.76 T
253.7307038 -40.5248189 7.21 T
253.7437681 -41.1508560 5.83 T
253.7638879 -42.0908460 6.35 T
253.7754734 -38.4132486 7.24 T
253.8968982 -43.3160974 6.77 T
254.0626018 -40.6599298 6.74 T
254.1499025 -40.8234502 6.21 T
254.2279019 -40.5123110 7.27 T
254.4684894 -37.9965341 7.41 T
254.7178301 -37.6207753 6.07 T
254.7732702 -48.8751185 6.69 T
255.0591935 -44.9887420 6.54 T
255.1540662 -35.9345391 6.07 T
255.2752409 -42.0718324 7.31 T
255.7513339 -37.7197328 7.44 T
255.9236936 -47.1605293 6.07 T
255.9629717 -38.1528071 5.95 T
255.9865682 -37.8441115 6.56 T
256.2056476 -34.1229449 4.89 T
256.2721210 -45.5023495 6.28 T
256.4521475 -44.1049238 6.21 T
256.5028020 -44.3726813 7.38 T
256.5840362 -37.2277591 6.00 T
256.6182411 -35.4510510 6.21 T
256.8392856 -44.4425437 7.12 T
256.8955465 -46.6795994 6.91 T
257.0232539 -41.6150292 7.03 T
257.0582867 -35.0043691 7.20 T
257.4711843 -47.0314672 6.98 T
257.5868758 -46.7384292 6.96 T
257.6760403 -44.5581104 5.16 T
258.0384849 -43.2409938 3.36 T
258.0673999 -39.5074010 5.66 T
258.2892639 -37.9523949 6.63 T
258.3844893 -47.3195739 7.10 T
258.4753165 -38.2950057 6.91 T
258.8301979 -33.5484228 5.61 T
258.8430658 -38.2130182 6.71 T
258.8983947 -38.5965123 6.02 T
258.9614922 -33.7370116 6.55 T
259.0733259 -42.3390493 6.96 T
259.0891834 -35.7524450 6.14 T
259.2730970 -44.7786240 6.51 T
259.4978560 -49.4522655 7.51 T
259.5056538 -43.5778291 7.00 T
259.5226684 -38.1641288 6.92 T
259.6029110 -47.8175853 7.38 T
259.6991568 -44.1298486 5.73 T
259.7756301 -46.6352534 5.61 T
259.8526432 -44.2231049 6.68 T
259.8745826 -45.6399721 6.99 T
259.8772087 -50.0639854 6.31 T
259.9638374 -48.5506399 6.74 T
260.1790453 -38.0206090 7.21 T
260.2107659 -45.4210757 7.27 T
260.6586776 -35.9102098 6.48 T
260.6634027 -37.8046279 6.43 T
260.7282622 -37.2210338 6.04 T
260.8169144 -47.4683258 5.23 T
261.0544902 -44.1627528 5.10 T
261.1794351 -45.0079917 6.70 T
261.2169525 -46.2020480 6.73 T
261.2611057 -34.6961822 6.14 T
261.2859529 -34.5620649 7.30 T
261.3283604 -34.2492606 7.15 T
261.4953487 -49.7349544 6.89 T
261.6860504 -45.8240989 7.12 T
261.7166136 -45.8432139 5.63 T
261.7649113 -47.1365967 7.14 T
261.9783669 -47.0262295 6.66 T
262.2336840 -36.7783155 6.11 T
262.2535713 -43.9739513 6.29 T
262.3569536 -38.5168966 6.42 T
262.4673926 -44.7417457 7.52 T
262.5235917 -33.7164760 6.74 T
262.6416876 -43.2262330 6.99 T
262.6909377 -37.2959994 2.62 T
262.6998028 -37.4371597 6.92 T
262.9545872 -46.0368223 6.12 T
262.9600580 -49.8765627 2.79 T
263.1025256 -34.2795936 6.20 T
263.2808247 -41.1730864 5.84 T
263.3086494 -45.5113276 7.20 T
263.3710424 -42.3997046 7.36 T
263.5440733 -45.0063952 7.00 T
263.5943898 -40.5312949 7.15 T
263.9147568 -46.5059243 4.56 T
263.9293787 -37.4400937 6.47 T
264.0025829 -38.1025704 6.98 T
264.1367747 -38.6366177 4.39 T
264.3197507 -49.2450387 7.27 T
264.3638319 -50.0602574 6.00 T
264.4057369 -34.3518298 7.10 T
264.5351273 -42.8804548 6.07 T
264.6530555 -42.7340285 7.32 T
265.0405545 -39.2050376 7.45 T
265.1002958 -49.4166919 4.80 T
265.3177635 -46.9218837 5.78 T
265.8511463 -46.5879763 7.53 T
265.9054182 -45.9714074 6.90 T
266.1750801 -42.7292512 5.89 T
266.1827471 -46.0426772 6.71 T
266.2018627 -47.7150793 6.84 T
266.2588127 -35.5319087 7.04 T
266.6281099 -39.2648707 7.08 T
266.7802927 -38.1123571 6.40 T
266.8961709 -40.1270347 3.05 T
266.9481295 -34.3107029 6.93 T
267.0627236 -35.8954613 7.09 T
267.0720106 -47.2550669 7.13 T
267.1172739 -38.1335257 7.20 T
267.1780866 -39.8988490 6.97 T
267.3531591 -38.9837977 7.00 T
267.3712569 -35.3781318 7.34 T
267.4453553 -41.4424233 7.55 T
267.4648745 -37.0431154 3.31 T
267.5463215 -40.0904502 4.83 T
267.7756760 -35.3472625 7.04 T
267.9357389 -45.6007325 6.19 T
267.9649916 -35.3653831 7.30 T
268.0569368 -34.7992285 5.85 T
268.0823605 -34.4168883 5.97 T
268.2203018 -41.9977135 6.25 T
268.2323997 -35.0189239 6.55 T
268.2400836 -35.6246329 6.05 T
268.3166018 -34.6208662 6.91 T
268.3316094 -34.7308305 6.11 T
268.3476342 -35.0169848 7.22 T
268.3477804 -34.8951919 5.74 T
268.3715777 -34.6918063 7.51 T
268.3952824 -34.8653490 7.36 T
268.4339484 -34.7944376 6.98 T
268.4395979 -34.7860605 6.27 T
268.4782233 -34.7527618 5.97 T
268.4922694 -34.8310905 6.39 T
268.5541947 -34.8234685 7.43 T
268.5599263 -34.7276873 6.87 T
268.5920472 -34.8784752 6.98 T
268.6130381 -34.4667494 6.10 T
268.6995465 -34.5421996 6.95 T
268.7834954 -36.4756823 6.06 T
268.9968582 -48.9394097 7.25 T
269.0186273 -42.3235423 6.81 T
269.0557691 -46.7021573 7.43 T
269.1975394 -44.3423525 4.98 T
269.2933988 -41.9784627 6.71 T
269.4491553 -41.7163940 5.07 T
269.9278155 -47.7624973 7.24 T
252.9675000 -38.0475000 3.08 B
253.4270833 -43.0508333 5.96 B
253.6458333 -42.3613889 3.62 B
255.1345833 -45.4516667 6.65 B
258.0383333 -43.2391667 3.33 B
258.0687500 -38.8222222 6.30 B
258.2445833 -32.4386111 6.01 B
258.6154167 -39.7669444 6.60 B
258.8995833 -38.5938889 5.96 B
258.9645833 -30.2105556 6.21 B
259.0895833 -35.7494444 6.12 B
259.2654167 -32.6627778 5.55 B
259.7633333 -46.6338889 5.48 B
259.5850000 -32.5533333 6.36 B
259.7383333 -34.9897222 5.91 B
261.7145833 -45.8436111 5.29 B
263.4020833 -37.1038889 1.63 B
264.3300000 -42.9977778 1.87 B
264.3616667 -38.0655556 6.26 B
265.0983333 -49.4155556 4.77 B
265.5162500 -50.5105556 6.24 B
265.6220833 -39.0300000 2.41 B
266.0362500 -51.8341667 5.15 B
267.7958333 -53.1305556 6.09 B
267.8866667 -40.7725000 5.96 B
