227.0991269 26.3010513 5.81 T
227.1481665 25.1086306 5.94 T
227.3730275 24.6762227 7.46 T
227.8929886 20.0432707 7.17 T
227.9060795 21.5266024 7.67 T
227.9577023 11.4754803 7.97 T
228.0166976 22.3132562 6.82 T
228.0176801 18.9760809 6.12 T
228.1772354 19.2878992 6.71 T
228.1784500 19.2942084 7.38 T
228.1899240 19.0951139 7.40 T
228.3831377 22.9840118 6.31 T
228.9226686 25.6425160 6.95 T
229.0297305 13.4700789 7.23 T
229.1066509 16.7932298 7.75 T
229.1407825 20.4997140 7.84 T
229.3644327 22.3002691 7.91 T
229.5847732 26.8408161 7.32 T
229.5847732 26.8408161 7.41 T
229.6020226 20.5726345 5.79 T
230.0253770 14.5611273 7.68 T
230.0351761 16.1851879 7.81 T
230.2784780 24.9578907 6.50 T
230.3936348 24.3433106 7.25 T
230.4318555 18.4394708 7.90 T
230.5553927 25.2441360 7.66 T
230.5968146 12.5674978 6.28 T
230.6056298 25.6240972 7.39 T
230.6936122 18.9194397 7.24 T
230.7151941 13.3662612 7.97 T
230.9229090 17.8668870 7.95 T
231.3066939 24.8163575 7.93 T
231.4473957 15.4279917 5.34 T
231.4715966 19.4806704 6.31 T
231.5372250 18.1711824 7.99 T
231.5868060 14.6933648 7.91 T
231.7935946 13.3798358 7.70 T
231.9120056 25.1015468 6.20 T
232.0187754 11.8618224 6.97 T
232.1790753 27.1388885 7.69 T
232.2834714 13.0326985 7.12 T
232.3002651 16.3960016 6.49 T
232.4350036 16.1920520 7.25 T
232.4610724 18.4999361 7.34 T
232.4753984 23.8170667 7.61 T
232.5438056 23.7551969 7.62 T
232.5848345 27.6582954 7.89 T
232.5990856 12.0000395 7.29 T
232.9141743 14.2594672 7.82 T
232.9389857 20.3773710 7.80 T
232.9519513 16.2344328 7.47 T
233.0124479 22.5698268 7.65 T
233.0402984 16.0562035 6.21 T
233.2698005 16.0119528 6.70 T
233.4692920 17.1370438 6.52 T
233.8879399 17.6554782 6.22 T
233.9621915 12.9163775 7.68 T
233.9721589 11.2655885 6.17 T
234.1174097 15.1014790 6.70 T
234.1223160 16.1190553 5.97 T
234.1772417 14.9246467 7.08 T
234.1864744 11.6004829 7.83 T
234.3477920 12.3018386 7.17 T
234.3887405 16.5294556 7.76 T
234.5691880 24.5217552 7.03 T
234.6027797 22.6750270 7.56 T
234.6833556 12.2531132 7.41 T
234.9161240 16.3142568 7.01 T
235.0430114 12.0528899 6.32 T
235.1184039 18.6716830 7.72 T
235.2463898 16.0244796 6.09 T
235.3873376 19.6701472 4.51 T
235.4478276 12.8475058 5.32 T
235.4774974 18.4643872 5.82 T
235.6118641 18.2163535 7.93 T
235.6849759 26.2959199 3.85 T
235.7937965 13.6675486 6.70 T
235.8429178 11.7109171 7.10 T
235.8880508 22.9192932 7.29 T
236.0244899 24.4604483 7.34 T
236.1221944 16.5102975 7.66 T
236.1319815 11.2662412 7.59 T
236.1520629 11.4219147 7.60 T
236.1753580 17.2642707 6.14 T
236.2002696 16.7373185 7.12 T
236.2324147 20.8813452 7.76 T
236.2330554 21.4452002 7.52 T
236.2386084 24.7085506 7.54 T
236.5473337 15.4215462 3.65 T
236.5961774 19.9077086 7.71 T
236.5998286 15.5267515 6.72 T
236.7672310 11.5281132 7.72 T
236.8218029 14.1156060 5.72 T
236.8575093 18.8145224 7.94 T
237.0553883 13.7884224 6.12 T
237.1197885 22.4152344 6.98 T
237.1845577 18.1410151 4.27 T
237.2102580 12.7235624 6.80 T
237.2208700 23.2412788 7.89 T
237.3915630 12.5588278 6.81 T
237.3979865 26.0679912 4.68 T
237.4123592 23.6709744 7.85 T
237.4702444 14.0656836 7.58 T
237.6296719 20.3398951 7.73 T
237.7691933 22.3173747 7.91 T
237.8159182 20.9780320 4.91 T
237.8724564 25.3040669 7.62 T
237.8868404 13.9059233 7.68 T
238.0019071 15.2351366 7.37 T
238.2334502 17.4031006 6.44 T
238.2341358 15.4305790 7.57 T
238.2994418 13.1931141 6.15 T
238.3101456 12.3531356 7.48 T
238.3954130 16.0747966 6.26 T
238.6436584 20.3112456 5.63 T
238.7043069 11.5156422 7.71 T
238.9159943 18.6206730 6.24 T
239.1894406 12.4779403 7.59 T
239.3099364 14.4150268 5.66 T
239.3963222 26.8774791 4.27 T
239.7044032 16.2108839 7.88 T
239.7571962 18.3259074 7.87 T
239.8706892 25.4349472 7.96 T
239.9918378 21.6217882 7.76 T
240.0042269 22.9961172 7.82 T
240.0982612 15.6672598 7.97 T
240.2255007 13.2713541 7.69 T
240.2658110 26.1726503 7.94 T
240.3093457 17.8193800 5.21 T
240.4690527 13.4725261 7.51 T
240.5737417 22.8046009 4.83 T
240.6554754 18.1140994 7.56 T
240.6599569 26.6116675 7.75 T
240.6859055 22.8061063 7.67 T
240.6924534 22.2382930 7.05 T
240.9146926 11.4334138 7.27 T
240.9574726 17.8028772 6.89 T
241.0116756 25.2590797 7.19 T
241.4075051 21.8922684 7.31 T
241.5050872 13.3292147 7.98 T
241.5118916 13.3208078 6.89 T
241.7103597 16.3521734 7.89 T
241.8423244 21.8223760 6.32 T
241.8563543 13.3366398 7.36 T
241.9388222 15.7102322 7.88 T
241.9545215 12.3734423 7.39 T
242.0186337 17.0469448 5.10 T
242.0204829 17.0541886 6.21 T
242.1941702 17.2054378 6.12 T
242.2150749 15.7964070 7.73 T
242.2744328 17.3665400 7.92 T
242.3025291 12.9329085 7.73 T
242.3603130 11.5751026 7.51 T
242.3664800 11.7479765 7.09 T
242.5161850 26.7429811 6.68 T
242.5270020 25.4878671 7.52 T
242.7830882 26.8917358 7.56 T
242.8697667 16.6657360 6.08 T
242.8747144 16.9777910 7.88 T
242.9083324 23.4947281 6.00 T
243.1898454 26.6703304 6.54 T
243.2140471 19.1015216 7.26 T
243.2407054 12.8008673 7.05 T
243.2828703 21.5662503 6.70 T
243.4679940 16.4343658 7.98 T
243.6997693 18.2164455 7.59 T
243.7553700 11.4895588 7.59 T
243.8688479 18.8075578 5.83 T
243.9469135 27.4218268 6.29 T
243.9991206 11.4255329 7.37 T
244.0609715 19.5264345 7.87 T
244.0695838 23.1226513 6.69 T
244.2399760 18.8460570 7.59 T
244.3294224 27.6448752 7.65 T
244.4648980 23.6075371 7.36 T
244.5985480 25.8966841 6.79 T
244.9381332 19.8335439 7.62 T
245.0176551 21.1322795 6.14 T
245.0382470 27.3334221 7.82 T
226.8350000 18.4416667 6.02 B
228.1812500 19.2858333 6.68 B
233.6720833 26.7147222 2.23 B
237.1433333 28.1566667 5.85 B
237.6737500 15.1336111 5.20 B
238.3004167 13.1966667 6.10 B
239.1133333 15.6616667 3.85 B
239.8758333 25.9202778 2.00 B
245.4800000 19.1530556 3.75 B
246.4487500 18.8925000 6.70 B
