57.1483978 -37.6220765 5.25 T
57.1501235 -37.6202301 4.72 T
57.3394876 -36.0924906 6.94 T
57.3631216 -36.2005784 4.27 T
57.6563985 -36.4255279 6.84 T
57.8032129 -31.6545612 7.67 T
58.4125084 -34.7323111 5.07 T
58.4281550 -24.6122554 4.60 T
58.5725068 -27.6686209 7.02 T
58.7051042 -35.7017839 7.75 T
58.8612658 -37.9791107 7.97 T
58.8733713 -36.3098564 7.54 T
58.8926537 -33.2149405 7.98 T
58.8993413 -25.9269127 7.46 T
58.9009913 -26.2152267 7.64 T
59.0463109 -29.6606977 7.64 T
59.1196831 -31.6954072 7.95 T
59.1201894 -25.1830822 6.96 T
59.2997278 -24.6315548 7.27 T
59.6427761 -23.7952785 7.92 T
60.1697567 -30.4906781 5.92 T
60.3007314 -22.2758798 7.42 T
60.3380065 -26.5167901 7.58 T
60.5173110 -34.4822113 7.26 T
60.5173110 -34.4822113 7.94 T
60.5906856 -28.5311815 7.67 T
60.6787631 -27.4830670 7.46 T
60.6960948 -22.5949866 7.03 T
60.8706175 -24.4602647 7.49 T
60.8910291 -25.8479312 6.77 T
60.9348382 -37.0705531 7.18 T
61.2181117 -30.2219597 7.89 T
61.4030027 -31.0511033 7.00 T
61.4073951 -27.6512225 5.62 T
61.7423366 -21.9941591 6.71 T
61.8847048 -35.3914033 7.81 T
61.9060109 -37.0619461 6.85 T
62.2378800 -28.9097675 7.92 T
62.3822662 -26.0206531 7.86 T
62.3965574 -32.9755801 7.57 T
62.4961333 -25.0417607 7.09 T
62.5142519 -34.4975059 7.43 T
62.6717349 -25.4269038 7.91 T
62.6845411 -25.0964487 7.42 T
62.6909718 -35.2739630 6.57 T
63.0999712 -31.5817399 7.52 T
63.1292474 -36.1524073 7.17 T
63.1425195 -36.1434577 7.95 T
63.2001103 -23.8211796 6.80 T
63.2604359 -32.7947651 7.07 T
63.2634922 -23.1284807 6.81 T
63.4033814 -25.5292299 7.77 T
63.4885633 -37.0304682 7.13 T
63.4949359 -32.0421697 7.08 T
63.5142173 -30.1126311 7.32 T
63.5830118 -38.2597112 7.04 T
63.7754900 -30.0719435 7.78 T
63.7959048 -37.1968639 6.78 T
63.8538871 -36.2039203 7.67 T
63.9432325 -23.2375274 6.74 T
63.9652688 -22.1516577 6.94 T
64.4613503 -34.1865108 7.49 T
64.6565752 -22.9694408 6.10 T
64.6986775 -34.1210921 7.94 T
64.7619717 -33.9043754 6.51 T
64.7686516 -31.3266777 7.95 T
64.8941072 -25.9563318 7.89 T
64.9267922 -25.0248295 7.02 T
65.2258685 -34.7328169 7.95 T
65.3808237 -25.7288585 6.14 T
65.4401954 -37.7821146 6.68 T
65.4483974 -21.7708899 7.60 T
65.7618539 -36.4918533 7.95 T
65.7737306 -24.8922537 5.98 T
65.7823060 -35.5447537 6.51 T
65.8240639 -32.1519930 7.15 T
65.8342598 -25.3966879 7.88 T
66.0097665 -34.0165084 4.12 T
66.2350836 -34.7581175 6.60 T
66.3494455 -35.6759679 7.87 T
66.6274502 -32.8162531 6.86 T
66.7372028 -24.0814955 6.16 T
66.8611675 -29.1958958 7.82 T
66.9196435 -32.4085805 7.12 T
67.0606801 -22.7679324 7.14 T
67.1520772 -32.4655423 7.92 T
67.2256342 -25.1948355 7.92 T
67.3862076 -26.2756834 6.92 T
67.4307377 -29.0299929 7.88 T
67.4901267 -28.8795835 7.75 T
67.5934613 -30.4439728 7.33 T
67.6406359 -23.0244090 6.85 T
67.6680392 -35.6533112 6.06 T
67.7017717 -23.4077216 7.92 T
67.7240470 -36.8761655 7.45 T
67.8128701 -35.7736657 7.67 T
67.8347195 -28.8819291 7.50 T
67.8779340 -32.5186206 7.88 T
67.8990587 -31.5198735 7.60 T
67.9517812 -24.1102420 7.87 T
68.0298294 -28.8070830 7.54 T
68.2909026 -25.5599386 7.31 T
68.3764820 -29.7681783 4.61 T
68.5108844 -28.4498804 6.88 T
68.6537344 -33.6458914 7.53 T
68.6590437 -24.0403857 6.50 T
68.6596410 -35.6594494 7.68 T
68.6823391 -34.8188425 7.29 T
68.7274692 -25.0392255 7.44 T
68.7295584 -35.5761389 7.15 T
68.8246103 -24.5329342 6.74 T
68.8873125 -30.5624059 3.91 T
69.1069781 -37.8265392 7.23 T
69.1486236 -27.0479536 7.41 T
69.2121241 -30.7167292 6.26 T
69.2734720 -30.4290837 7.05 T
69.3063392 -22.6149134 7.84 T
69.3211867 -23.0484506 7.64 T
69.5408561 -34.1105286 7.94 T
69.7334746 -25.7062078 7.42 T
69.7355780 -27.9115990 7.98 T
69.8666141 -33.9978180 7.80 T
70.0278647 -24.4822508 5.67 T
70.1767464 -28.2028821 7.82 T
70.3789664 -23.9763883 7.55 T
70.5148652 -37.1430735 5.08 T
70.5338308 -37.6134195 6.92 T
70.5924490 -23.1780146 6.97 T
70.7148709 -34.2166125 7.66 T
70.7315983 -31.7087310 7.54 T
70.7452874 -24.3009467 7.54 T
70.7885043 -30.7659808 5.83 T
70.8220098 -23.6284285 7.16 T
71.0207464 -31.4864783 7.63 T
71.0638486 -27.5780329 6.91 T
71.1212086 -27.9488096 7.27 T
71.4572641 -34.0049042 6.84 T
71.5202176 -25.1588376 7.56 T
71.5827381 -38.1139992 7.66 T
71.6072523 -28.0873235 6.20 T
71.6101711 -35.8058365 7.88 T
71.6330523 -37.4559279 7.76 T
71.7066029 -26.3024992 7.91 T
71.7454888 -29.4075586 7.63 T
71.8288523 -36.2092741 7.91 T
71.9567757 -30.0197978 6.47 T
72.2088358 -23.2802246 7.89 T
72.2898910 -35.0825266 7.79 T
72.2972464 -23.0615478 7.86 T
72.2990885 -34.3120063 6.94 T
72.3064914 -31.4267407 7.98 T
72.4678561 -35.1083449 7.58 T
72.4838790 -30.9704710 7.47 T
72.6328509 -27.1007450 7.38 T
72.7816052 -25.3099214 7.17 T
72.8677700 -34.9064258 5.85 T
72.9517435 -33.2689324 7.91 T
72.9765719 -34.2385914 6.75 T
73.1589604 -30.6606181 7.72 T
73.1727996 -25.7754081 7.86 T
73.3207202 -38.1441536 7.11 T
73.5170043 -38.1628158 6.89 T
73.5184991 -35.4035353 7.70 T
73.6698806 -28.8807823 7.88 T
73.7844590 -30.2860815 7.61 T
73.8758523 -25.7276166 6.72 T
73.9094811 -23.2410595 7.55 T
74.4360079 -33.0691109 7.86 T
74.4440535 -34.8920574 7.72 T
74.5179215 -22.0195528 7.52 T
74.6384298 -28.8877609 7.56 T
74.7863771 -28.4404282 7.70 T
74.8302480 -32.2389847 6.85 T
74.8349015 -36.8707918 7.16 T
74.9085549 -22.3996932 7.92 T
74.9911528 -25.0542944 7.45 T
75.0051683 -34.1668061 7.90 T
75.3263554 -23.7074781 7.53 T
75.4768148 -36.9789097 7.71 T
75.5312190 -31.3491955 7.19 T
75.5415177 -26.2755082 5.12 T
75.5949733 -31.7707966 6.04 T
75.6878249 -22.7949631 5.87 T
75.9721275 -24.3884035 5.60 T
76.1026519 -35.4832466 4.71 T
76.1091911 -35.7048451 6.35 T
76.3175516 -26.1527803 5.83 T
76.3654165 -22.3714907 3.33 T
77.0614210 -35.7182737 6.63 T
77.6744075 -36.2747428 7.87 T
77.8992629 -37.3952443 6.77 T
56.8337500 -29.9019444 6.55 B
56.9833333 -30.1677778 5.54 B
64.4737500 -33.7983333 3.56 B
68.3775000 -29.7666667 4.51 B
