147.3688639 36.7472741 6.80 T
147.5902763 35.8733333 7.24 T
147.7881706 36.4889940 7.87 T
148.0673478 36.2996135 7.77 T
148.0896959 37.9143375 6.74 T
148.1221602 31.5426792 7.82 T
148.1254506 35.5246342 7.13 T
148.4040721 34.9837191 6.88 T
148.4041644 25.6671146 7.15 T
148.4961940 27.6954123 7.61 T
148.7748789 24.6363852 7.13 T
148.9662583 26.8510409 7.94 T
149.0237719 25.9993574 7.79 T
149.1301849 32.3848114 6.59 T
149.2308264 28.0959789 7.77 T
149.3111841 28.5613361 7.48 T
149.4564221 35.1245492 7.37 T
149.6076610 27.7588152 6.51 T
149.8137692 27.5225290 7.83 T
149.9002132 29.6449958 5.86 T
150.0055066 24.5525409 7.97 T
150.2488400 31.9209811 5.45 T
150.3263673 28.7844513 7.06 T
150.3526425 30.5877026 7.86 T
150.4708673 23.9812214 7.56 T
150.5257403 31.5309147 7.48 T
150.7038667 21.9492287 5.63 T
150.9720728 38.0196552 6.83 T
150.9958555 32.6469019 7.82 T
151.0668155 32.4522693 7.46 T
151.4543811 35.0021483 7.39 T
151.7521577 38.0241485 7.98 T
151.7844089 29.5122462 7.46 T
151.8577289 35.2447015 4.50 T
152.0655867 31.6035298 6.28 T
152.1160523 24.3087403 7.83 T
152.1255501 33.5135799 7.56 T
152.1792544 34.2418776 7.66 T
152.1850500 23.4806496 7.84 T
152.2931628 21.7902733 7.88 T
152.6530502 23.8813694 7.86 T
152.7327643 36.4681409 7.32 T
152.8030959 37.4017146 5.99 T
152.9996569 36.2513680 7.74 T
153.1770441 28.2419407 6.97 T
153.4258892 26.1505748 7.55 T
153.4569120 27.1358072 6.14 T
153.5456105 31.4245210 7.63 T
153.7761479 31.4680398 6.56 T
154.0387793 35.1643784 7.36 T
154.0596249 29.3103486 5.49 T
154.1165689 28.6819182 6.54 T
154.1331710 23.5033116 6.03 T
154.1730934 25.3707303 5.97 T
154.2371924 25.8588763 7.64 T
154.2519265 21.9129236 7.66 T
154.3077756 23.1056051 5.87 T
154.3542188 23.2332380 7.91 T
154.3978014 30.8872321 7.98 T
154.4955117 21.9684831 7.77 T
154.5436615 27.4155443 6.52 T
154.7525580 24.7121881 6.56 T
154.8044201 24.3636323 7.75 T
155.0642320 22.0112253 7.67 T
155.1622021 28.9425041 7.63 T
155.2129600 30.6641114 7.25 T
155.6601141 24.5964052 7.86 T
155.7551289 30.8371426 7.62 T
155.7717757 35.2175507 7.12 T
155.7762568 33.9081118 5.90 T
155.9239448 29.6157680 6.49 T
155.9562095 25.5678303 6.89 T
156.0252817 34.1931312 7.27 T
156.0357306 33.7185156 5.64 T
156.0925017 34.1762591 7.21 T
156.2577172 30.3704744 7.95 T
156.3771794 36.2044151 6.74 T
156.4254515 32.7604538 7.78 T
156.4363576 35.4250701 6.59 T
156.4778232 33.7957475 4.75 T
156.5646583 24.7153060 7.32 T
156.7354011 24.9474079 7.68 T
156.7474729 29.6751546 7.83 T
156.9699201 36.7065634 4.30 T
157.2132641 34.8852835 7.90 T
157.2567558 29.7272992 6.73 T
157.3999588 23.9706489 7.96 T
157.4737442 28.5812187 7.01 T
157.4938086 27.8255293 7.86 T
157.6499434 36.2730857 6.88 T
157.9402498 24.0819710 7.99 T
157.9641916 32.3795934 5.92 T
157.9900899 24.7230602 7.90 T
158.0065422 29.7325699 7.95 T
158.0718490 24.4422745 7.21 T
158.3203399 25.1247103 7.79 T
158.3785722 34.9886774 5.57 T
158.4466008 23.3507005 7.52 T
158.6822670 26.1585192 7.87 T
158.7095083 27.9610339 6.93 T
158.8699992 31.7785903 7.92 T
159.0895264 36.3267228 6.34 T
159.4676375 34.0786647 6.56 T
159.6800557 31.9762893 4.77 T
159.7171771 36.0155398 7.92 T
159.7800495 37.9097174 5.90 T
159.9608047 37.8387945 7.70 T
160.0883321 27.5252686 7.11 T
160.2080846 25.7001812 7.77 T
160.4049743 27.3096773 7.89 T
160.5469263 31.6968796 6.22 T
160.7571299 26.3251695 5.53 T
160.7973041 29.3849043 7.85 T
160.8531921 23.1884528 5.08 T
161.1054196 32.6197282 7.74 T
161.4432440 32.5972923 7.48 T
161.4660469 30.6820797 5.34 T
161.4731919 30.6279553 7.78 T
161.8202896 22.5754976 7.87 T
161.8453498 26.9105517 7.37 T
162.0979646 37.5703139 6.99 T
162.2378807 29.4158246 6.28 T
162.4737851 27.9741368 6.09 T
162.5334603 36.0980183 7.90 T
162.6234147 25.6393884 7.62 T
162.6418194 32.0274873 7.60 T
162.6519309 23.4064015 6.62 T
163.0173521 32.6285248 7.86 T
163.1713085 32.9884289 7.61 T
163.2033469 27.8653586 7.52 T
163.3286070 34.2131088 3.90 T
163.3950943 26.2076472 7.25 T
163.6068844 30.5319354 7.61 T
163.6466184 29.6297854 6.59 T
163.6753063 25.4907225 6.22 T
163.6861707 36.7585444 7.44 T
163.7420010 34.0345183 5.84 T
163.8744027 23.1640336 7.63 T
163.9028471 24.7496424 4.48 T
163.9340995 33.5067533 5.16 T
164.0699725 22.3517225 6.33 T
164.0898094 23.2504210 7.43 T
164.1432952 25.5001928 6.47 T
164.2888250 21.8035154 7.99 T
164.3124877 24.1430076 7.72 T
164.3990922 30.6526852 7.93 T
164.5376414 24.3754573 7.71 T
164.7248383 33.3169246 7.97 T
164.8871491 36.0927965 6.17 T
165.0104383 22.0259398 7.41 T
165.2397688 27.1322252 8.00 T
165.4220322 38.0084477 7.91 T
165.4404997 36.6785802 7.49 T
165.4549153 29.8714154 7.20 T
165.7978658 28.9301345 7.17 T
165.8296997 35.9401401 7.66 T
165.9359341 25.7747004 7.01 T
166.1295665 38.2413577 6.04 T
166.1625635 31.4367981 7.31 T
166.1822832 38.2466517 7.56 T
166.3117120 25.2015144 7.67 T
166.4564936 29.9981299 7.72 T
166.9028108 36.7848263 7.74 T
167.1488714 36.0108709 7.43 T
167.3291666 36.3092481 5.94 T
167.5535609 35.3351326 7.88 T
150.2529167 31.9236111 5.36 B
154.1725000 23.4172222 3.44 B
154.3108333 23.1061111 5.82 B
157.5266667 38.9252778 5.77 B
158.3079167 40.4255556 4.75 B
163.3279167 34.2150000 3.83 B
