192.2157645 -37.0419732 7.86 T
192.6713124 -33.9994160 4.89 T
192.9606178 -31.2019647 6.95 T
192.9864922 -35.0823947 7.12 T
193.4275180 -27.4045398 7.76 T
193.4717667 -29.3081087 7.94 T
193.5665382 -27.9596972 7.66 T
193.7951308 -24.9556899 7.39 T
193.8853057 -30.0701638 6.90 T
194.0058313 -31.4821559 7.01 T
194.1256372 -26.4604302 6.82 T
194.1870676 -27.3818481 7.28 T
194.2933504 -22.1719569 7.37 T
194.3325056 -28.8675035 7.48 T
194.3876510 -22.7535896 6.42 T
194.5400337 -23.0552216 6.99 T
194.6703306 -36.2752433 6.97 T
195.0127829 -36.1823602 7.12 T
195.0430368 -32.0426691 7.95 T
195.0564966 -23.9146030 7.55 T
195.1355273 -33.5057682 6.05 T
195.1388130 -33.0516896 6.61 T
195.2639959 -33.6229630 7.02 T
195.2791220 -33.4803920 7.62 T
195.3881703 -32.5591011 7.91 T
195.4031406 -24.6664619 7.25 T
195.5940527 -28.2862471 6.84 T
195.6054527 -29.2655125 7.08 T
195.7588207 -34.2930954 7.71 T
195.8417001 -29.6632782 7.50 T
195.9410486 -34.2503212 7.22 T
195.9624049 -25.8018490 7.79 T
196.1004141 -28.4071450 7.29 T
196.2921062 -28.5176379 7.79 T
196.3993164 -22.0715534 7.42 T
196.6575267 -31.6120912 6.88 T
196.7263867 -35.8625513 5.63 T
196.7330278 -34.1225043 7.36 T
196.9127846 -30.4350098 7.67 T
197.0902352 -36.2239919 6.88 T
197.1631491 -23.1068391 6.81 T
197.1653091 -23.8220779 7.59 T
197.2532332 -33.5015838 7.29 T
197.2634591 -23.1183071 5.05 T
197.4283557 -22.1947098 7.43 T
197.4528935 -36.5327047 7.65 T
197.5618241 -32.0946017 7.62 T
197.5886871 -23.6246657 7.78 T
197.6919971 -24.1794548 7.99 T
197.8765532 -35.1298992 6.76 T
197.9128141 -26.5517288 6.52 T
198.0102560 -37.8027336 4.92 T
198.1310195 -34.7497548 7.83 T
198.1829358 -31.8752630 6.76 T
198.4554631 -34.6742315 7.57 T
198.6039424 -35.4400873 7.86 T
198.6141780 -24.2842004 6.72 T
198.7261434 -34.6318058 7.25 T
198.7890604 -36.3715542 6.28 T
198.8136433 -34.1534509 7.58 T
199.2190041 -30.5920517 7.46 T
199.2216436 -31.5065071 5.22 T
199.4090801 -37.0172712 7.57 T
199.5970356 -28.3330528 6.92 T
200.1465728 -36.7128395 2.73 T
200.2636368 -22.3830886 7.35 T
200.2697108 -24.4701782 7.10 T
200.3483342 -22.7939832 7.22 T
200.4567920 -36.1123660 7.47 T
200.6136079 -25.8408393 7.15 T
200.7858374 -33.1898498 6.38 T
200.7903594 -24.7340793 7.86 T
201.0960501 -38.0334575 7.29 T
201.1995946 -34.6357750 7.91 T
201.2000656 -34.2899823 7.73 T
201.2480243 -37.0360880 7.76 T
201.4917795 -35.0758674 7.02 T
201.5334571 -32.5474071 6.92 T
201.6099407 -34.0111693 6.97 T
202.0078111 -26.4022546 6.69 T
202.0569375 -22.4007642 7.59 T
202.1106736 -25.2128248 7.40 T
202.1257120 -27.3905120 7.26 T
202.2767318 -35.7748557 7.81 T
202.3363983 -35.5714580 7.33 T
202.3772977 -27.3891911 7.98 T
202.4278791 -23.2812485 6.52 T
202.6228529 -23.6495242 7.87 T
202.7810978 -25.6571288 7.45 T
202.8876616 -28.1127261 6.49 T
202.8925342 -32.1408571 7.47 T
202.9500641 -31.0553848 7.60 T
202.9640661 -26.1144295 7.57 T
203.1430587 -29.5652054 6.49 T
203.1488944 -28.6929107 5.70 T
203.2093284 -36.8535936 7.22 T
203.2242686 -26.5876900 7.07 T
203.5637891 -34.3875790 7.67 T
203.6811744 -33.3109289 6.60 T
203.8004148 -32.2125729 6.81 T
203.8809936 -22.0247891 7.16 T
204.1946651 -32.4035725 7.67 T
204.2009616 -26.4978971 6.60 T
204.2012563 -26.4951224 5.74 T
204.2106676 -34.4680756 6.59 T
204.2515132 -37.1005120 7.63 T
204.2758834 -27.6522247 7.96 T
204.2936350 -23.6163072 7.18 T
204.3838817 -36.5722859 7.45 T
204.3925400 -35.0489849 7.26 T
204.4500471 -35.0650002 7.46 T
204.5970681 -29.8386417 7.18 T
204.6747574 -29.5613199 5.86 T
204.7096980 -33.1113219 6.98 T
204.7562199 -24.8628269 7.64 T
204.8575316 -36.2410048 7.48 T
205.0360911 -27.5778537 6.96 T
205.1274902 -34.3582091 7.43 T
205.2689333 -34.4651918 7.01 T
205.3784987 -23.4497950 6.61 T
205.4396276 -33.5973503 6.92 T
205.5864024 -33.9803449 7.42 T
205.5866429 -33.9791749 7.47 T
205.7530901 -30.1826835 7.18 T
205.8030051 -35.2902277 7.86 T
206.1898634 -25.5010690 6.36 T
206.3688127 -35.9255240 7.23 T
206.4032187 -26.1160838 5.80 T
206.4184190 -33.0446383 4.27 T
206.7347104 -36.2519998 5.14 T
207.1746816 -37.1274670 6.78 T
207.2253946 -35.7053395 6.62 T
207.3445720 -33.8233063 7.71 T
207.3609973 -34.4511442 4.42 T
207.4768077 -28.1870368 7.82 T
207.4965798 -32.6651714 7.46 T
207.5267423 -29.0815116 6.18 T
207.5880770 -31.0675498 7.37 T
207.6672413 -31.2066863 7.06 T
207.6819464 -29.8741923 7.76 T
207.8306863 -24.3922907 6.52 T
207.8598256 -37.3923759 7.71 T
207.9012135 -36.4339989 6.40 T
207.9090742 -31.3200079 7.24 T
207.9560572 -32.9942070 4.50 T
208.0037630 -31.6195029 6.20 T
208.0738915 -30.7849609 7.78 T
208.3021807 -31.9276854 4.72 T
208.3857130 -35.6643088 6.27 T
208.3857130 -35.6643088 6.38 T
208.3859334 -38.2661762 7.66 T
208.4249237 -34.6646621 7.79 T
208.4646786 -35.3147864 6.29 T
208.5668018 -28.7433071 6.91 T
208.5681364 -28.5700341 6.17 T
208.5826476 -32.4456990 7.00 T
208.6324231 -22.2455546 6.82 T
208.6588033 -34.5980311 6.87 T
208.8175559 -32.0992469 7.17 T
208.9347259 -31.2849157 6.62 T
208.9768457 -30.5782385 7.00 T
209.1303808 -27.6381094 6.93 T
209.2190267 -27.6622499 7.95 T
209.2471182 -23.1037517 7.60 T
209.2725386 -24.4139558 7.86 T
209.3211535 -28.6352362 7.35 T
209.3652755 -23.0225851 6.30 T
209.4797115 -30.9649004 7.70 T
209.4955146 -25.9980591 6.57 T
209.5051935 -38.1688467 7.65 T
209.5141581 -33.9774047 7.97 T
209.5324943 -34.3950049 7.65 T
209.5399232 -29.7445009 7.37 T
209.9991540 -25.0109747 5.82 T
210.1218070 -35.7855997 8.00 T
210.1502552 -26.2673989 6.79 T
210.2856166 -37.4702632 7.01 T
210.3566946 -31.6211230 7.63 T
210.5934716 -36.1794967 7.05 T
210.5947016 -27.4297970 5.62 T
210.6608888 -26.8480101 7.57 T
210.7574435 -31.6835332 6.52 T
210.7774989 -34.5409613 7.70 T
210.9711299 -22.4215428 6.35 T
211.0294773 -37.2641355 7.19 T
211.1106950 -29.0628407 7.32 T
211.1557512 -35.6454643 7.30 T
211.2734776 -22.6221853 7.33 T
211.4869396 -37.7292846 7.71 T
211.5628759 -36.1553161 7.89 T
211.5794585 -26.5794464 7.41 T
211.5932067 -26.6832411 3.37 T
211.6249720 -34.8987404 7.05 T
211.6665847 -36.3732023 2.16 T
211.7582197 -27.3527316 7.60 T
211.7807699 -31.4004466 7.73 T
211.7833344 -35.4919206 7.29 T
211.9474243 -34.9494915 7.34 T
212.0901176 -33.0530191 7.37 T
212.3535758 -34.8832084 7.84 T
199.7304167 -23.1716667 3.00 B
200.1491667 -36.7122222 2.75 B
201.5325000 -39.7552778 5.09 B
201.8112500 -40.1630556 6.40 B
202.7612500 -39.4075000 3.88 B
203.0220833 -38.3991667 6.16 B
206.4216667 -33.0438889 4.23 B
207.2295833 -35.7038889 6.53 B
207.8350000 -24.3908333 6.45 B
207.9587500 -32.9947222 6.06 B
208.4675000 -35.3144444 6.19 B
