239.1894406 12.4779403 7.59 T
239.3099364 14.4150268 5.66 T
239.3120205 3.4054133 7.30 T
239.6196213 4.7549543 7.20 T
240.0982612 15.6672598 7.97 T
240.2128042 4.4278307 5.92 T
240.2255007 13.2713541 7.69 T
240.3093457 17.8193800 5.21 T
240.4690527 13.4725261 7.51 T
240.9146926 11.4334138 7.27 T
240.9401520 4.9869440 6.17 T
240.9574726 17.8028772 6.89 T
240.9602068 8.2299071 7.89 T
241.0469164 8.1375947 7.80 T
241.0819942 6.0110547 7.29 T
241.2056419 9.6450313 7.80 T
241.4081315 8.0962563 6.28 T
241.4676556 9.9360221 6.94 T
241.5050872 13.3292147 7.98 T
241.5118916 13.3208078 6.89 T
241.5606555 1.7109126 7.53 T
241.5961015 5.4127947 7.43 T
241.7103597 16.3521734 7.89 T
241.8563543 13.3366398 7.36 T
241.9062784 9.8916962 5.66 T
241.9388222 15.7102322 7.88 T
241.9545215 12.3734423 7.39 T
242.0186337 17.0469448 5.10 T
242.0204829 17.0541886 6.21 T
242.0236257 10.0802598 6.75 T
242.1169030 8.5342717 5.92 T
242.1519439 8.6129903 6.74 T
242.1698103 5.4057742 7.76 T
242.1941702 17.2054378 6.12 T
242.2150749 15.7964070 7.73 T
242.2451091 3.4545576 6.09 T
242.2744328 17.3665400 7.92 T
242.2982501 6.3740410 6.05 T
242.3025291 12.9329085 7.73 T
242.3603130 11.5751026 7.51 T
242.3664800 11.7479765 7.09 T
242.5513698 1.6007760 6.71 T
242.6563173 2.6210092 7.65 T
242.6764157 10.0379952 7.57 T
242.8461309 7.4656540 7.87 T
242.8697667 16.6657360 6.08 T
242.8741811 9.7119642 6.54 T
242.8747144 16.9777910 7.88 T
243.2407054 12.8008673 7.05 T
243.3145242 5.0210577 5.63 T
243.3280489 6.0375985 7.79 T
243.4604377 6.9939267 7.44 T
243.5569811 5.9017141 6.42 T
243.5921730 2.6468119 6.99 T
243.6759010 7.8582179 6.72 T
243.7553700 11.4895588 7.59 T
243.9991206 11.4255329 7.37 T
244.0996688 8.0358778 7.57 T
244.4035378 7.7339591 7.73 T
244.4305534 1.4966986 6.62 T
244.5050587 6.0783320 7.39 T
244.8577437 5.5379774 7.64 T
245.4252294 5.8073355 7.76 T
245.4769646 13.4548414 7.53 T
245.5627780 2.8753697 7.39 T
245.5801807 3.0848893 7.35 T
246.0347034 11.4246106 7.82 T
246.0451519 6.9482980 5.82 T
246.1005882 10.2542726 7.11 T
246.3542506 14.0329097 4.57 T
246.4198835 9.3704793 6.88 T
246.5471189 11.4075780 6.22 T
246.5517961 8.5123394 7.18 T
246.5881768 2.5079384 6.68 T
246.6040233 15.0943740 7.42 T
246.6631430 5.3340208 7.94 T
246.6633706 15.9726281 6.76 T
246.6716481 9.2727967 6.79 T
246.6801181 10.9902942 6.87 T
246.7062783 16.1715989 7.51 T
246.7087759 2.3478498 6.15 T
246.8845082 2.8705631 6.58 T
247.0210419 15.3517213 7.51 T
247.1006276 15.4312514 7.43 T
247.1429868 1.5868385 7.04 T
247.1900747 13.6125587 7.58 T
247.2033960 8.4010380 7.84 T
247.3544131 10.5919668 7.68 T
247.3943815 4.5758550 7.84 T
247.4447193 7.7488565 6.99 T
247.4630264 5.9708108 6.96 T
247.5422681 15.1283607 7.50 T
247.6158614 4.1695227 7.34 T
247.7283449 1.9834079 4.15 T
247.7283449 1.9834079 5.15 T
247.8460074 16.4192356 7.69 T
247.8778280 8.2945479 7.07 T
247.9103544 5.4335631 7.76 T
247.9852184 9.4142601 6.55 T
248.0161479 3.3621773 7.33 T
248.1225550 16.8477207 7.52 T
248.1487742 5.5212235 5.61 T
248.1500796 11.4875491 5.00 T
248.2126402 2.0843017 7.97 T
248.2529512 6.6110359 7.77 T
248.3919788 10.3688860 6.76 T
248.4438275 7.5699613 7.84 T
248.4599077 13.3944498 7.05 T
248.5063316 1.4318192 7.74 T
248.6152879 8.6739730 6.98 T
248.8588474 17.1007643 7.26 T
248.8594766 17.0573373 6.41 T
249.0117129 1.3808449 7.31 T
249.0325670 17.4717780 7.88 T
249.1788128 15.4972620 6.34 T
249.1898104 10.7202783 7.84 T
249.2150611 7.1071824 7.28 T
249.2425005 14.4752736 7.00 T
249.3160144 15.7107670 7.90 T
249.3906157 5.2774518 6.60 T
249.4498327 13.6866419 6.35 T
249.5921602 14.7937642 7.90 T
249.6246323 12.6625362 7.73 T
250.0512345 17.7072271 7.36 T
250.1464638 4.2071357 6.92 T
250.1611944 4.2197295 5.76 T
250.2137148 12.3950000 6.07 T
250.3442903 16.1062411 7.95 T
250.3758283 4.8717132 6.98 T
250.5330449 2.2724415 7.90 T
250.7377298 15.6542026 7.55 T
250.7618599 3.4543920 7.44 T
250.8110607 12.8781768 7.61 T
250.8891139 12.4186733 7.36 T
250.9117046 6.6185121 7.81 T
251.1765594 2.3326243 7.49 T
251.2485776 6.0865509 6.66 T
251.3439906 15.7449987 5.82 T
251.4578658 8.5827117 5.33 T
251.4916857 4.0417141 7.17 T
251.7205461 2.2426453 6.75 T
251.7905674 2.0644267 6.09 T
251.8545239 2.1609032 7.77 T
251.9432769 5.2465020 5.22 T
252.0248237 11.1326258 7.54 T
252.0371101 13.5901973 6.48 T
252.1006530 17.1333298 7.39 T
252.2515671 12.8819417 7.47 T
252.2900523 12.9091690 6.72 T
252.3942669 13.2610348 5.93 T
252.4878518 15.3768516 7.03 T
252.4921987 9.4213976 7.02 T
252.5077226 14.0338885 7.85 T
252.5265914 16.4956565 7.87 T
252.5810782 7.2476288 5.48 T
252.7454934 5.4888901 7.40 T
252.7627625 9.8789681 7.37 T
252.7809973 9.4035143 6.82 T
252.7995143 15.7947002 7.23 T
253.0203242 14.9742452 6.49 T
253.0817413 11.2417141 7.20 T
253.3057859 10.8744180 7.07 T
253.3118531 3.0207299 7.87 T
253.3383091 15.4081216 7.58 T
253.3495262 1.3482857 7.60 T
253.5016251 10.1651518 4.35 T
253.5133540 8.4327755 7.89 T
253.5418834 15.6233780 7.24 T
253.8168597 13.6196986 6.38 T
254.0399493 15.3836665 6.72 T
254.0916436 16.2852043 7.27 T
254.1630314 15.6424031 7.70 T
254.1651797 14.1404324 7.00 T
254.2128981 6.5013379 7.50 T
254.3078499 10.5273248 7.82 T
254.3341282 6.2113194 6.90 T
254.3794732 14.0171206 7.82 T
254.3829884 13.8845549 6.47 T
254.4152160 9.3749660 3.31 T
254.6578872 15.4552374 6.96 T
254.7705147 17.6883608 7.64 T
254.7992749 14.0789448 7.39 T
254.9493796 10.9155450 7.26 T
254.9634078 17.8061708 7.36 T
255.0026929 9.7979114 7.60 T
255.0688295 10.8221850 7.44 T
255.1227474 6.5834375 6.59 T
255.2613923 16.5934298 7.29 T
255.2735257 2.5522605 7.99 T
255.2804425 11.3410711 7.77 T
255.3249800 7.4284197 6.91 T
255.3627353 11.1604369 7.66 T
255.3877498 14.9497046 6.28 T
255.4958636 8.4506088 6.72 T
255.4958636 8.4506088 7.61 T
255.6384906 9.8199589 7.05 T
255.7829653 14.0915567 5.17 T
255.7924201 14.5102332 6.61 T
255.9136209 13.6051289 5.91 T
255.9919909 13.5666209 6.17 T
238.6679167 8.5802778 6.29 B
242.2966667 6.3788889 5.97 B
247.1416667 0.6650000 5.39 B
254.4170833 9.3750000 3.20 B
256.5404167 9.7333333 6.37 B
256.5545833 10.4541667 6.37 B
