292.7545920 46.3318286 7.16 T
292.7732252 48.5821376 7.21 T
292.8180503 47.4809936 6.91 T
293.4018796 38.7621268 6.62 T
293.5759150 41.9271643 6.67 T
293.5801060 41.4290298 7.15 T
293.6659341 48.1640673 6.81 T
293.6719372 42.4123142 5.34 T
293.6832146 43.9458455 6.62 T
293.8410126 34.6880104 7.12 T
293.9512949 36.9445296 6.02 T
294.1573982 44.6942829 5.27 T
294.2360676 38.3838309 6.48 T
294.3232895 38.5942563 6.96 T
294.8605364 42.8184614 5.39 T
294.8939913 45.9575861 6.35 T
294.9371416 33.9789783 6.10 T
295.2098431 45.5256948 5.11 T
295.4160814 40.0224457 6.93 T
295.4899883 40.2543306 6.24 T
295.7344578 40.7217304 7.03 T
295.7686746 39.9972431 6.98 T
295.8436396 47.2446945 7.71 T
295.9346637 39.7425286 7.32 T
295.9462141 38.3222777 7.59 T
295.9644491 34.1627506 6.04 T
296.0697574 37.3545907 4.99 T
296.4081751 44.9637105 7.47 T
296.4152827 36.0910816 6.37 T
296.4194638 36.0887697 7.04 T
296.4640589 35.0127116 6.22 T
296.4801628 39.8888921 7.51 T
296.6068400 33.7247831 5.06 T
296.8657769 38.4076139 5.81 T
297.1831120 35.3118114 6.76 T
297.1841797 39.9168101 7.06 T
297.3646473 38.7100967 6.22 T
297.5825437 36.0981609 7.07 T
297.6417430 38.7230800 5.38 T
297.6555079 40.5997230 5.67 T
297.8309032 47.3773524 6.26 T
297.9960842 47.0273340 5.61 T
298.0298113 47.9317235 5.87 T
298.2551125 47.8076634 6.26 T
298.4103392 41.3556982 6.95 T
298.4470905 34.5838060 7.00 T
298.7011268 36.9957333 5.87 T
298.9364739 40.3916946 7.35 T
298.9656899 38.4867156 4.93 T
298.9754429 47.0899770 6.89 T
299.0762933 35.0832501 4.01 T
299.1839126 36.2505815 5.99 T
299.3078352 40.3678467 5.44 T
299.3709841 38.4583130 6.68 T
299.4837843 42.2606937 6.56 T
299.4971166 36.3278974 7.44 T
299.6432294 38.1057672 6.69 T
299.7153770 35.4978199 7.00 T
299.8351606 45.7724572 5.96 T
299.9799849 37.0428849 5.12 T
300.1374585 39.2073755 7.20 T
300.1867398 36.5897173 6.69 T
300.3049808 43.0437787 7.52 T
300.4343116 41.8163609 7.39 T
300.4646030 40.8587958 7.31 T
300.5076013 35.3324754 7.40 T
300.6942541 37.8128393 6.94 T
300.7880510 41.4746613 7.03 T
300.8724121 36.0249746 7.09 T
301.1201031 48.2297070 6.14 T
301.2928187 38.4791896 6.25 T
301.4888064 35.7883474 6.78 T
301.4945968 35.7971488 7.29 T
301.5889503 35.9697195 5.48 T
301.7758953 36.8266485 6.98 T
301.9226565 34.4228790 6.16 T
302.1499790 36.6719640 7.44 T
302.2021398 39.7983201 7.18 T
302.3567725 36.8396952 4.90 T
302.4600902 39.1367789 7.15 T
302.6849083 41.2470279 6.98 T
302.9474628 40.3300026 7.08 T
303.0156851 47.7370566 6.88 T
303.3253488 46.8156789 4.83 T
303.3874896 36.3284042 7.08 T
303.4079750 46.7413513 3.93 T
303.4133845 46.7118736 6.97 T
303.4814377 39.1591451 7.12 T
303.5204056 36.6048646 6.46 T
303.5897700 42.1042350 7.30 T
303.6267673 37.3538480 7.17 T
303.6340066 36.8067560 4.96 T
303.6899534 47.4406536 7.25 T
303.8216521 45.7410484 7.08 T
303.8487929 33.7283395 5.80 T
303.8680151 47.7142428 4.16 T
304.0026082 45.5791984 5.91 T
304.0142852 38.8978567 6.28 T
304.1172977 37.0564116 6.43 T
304.1656986 35.4685317 7.11 T
304.2303973 40.3650412 5.44 T
304.3022124 40.5913810 7.11 T
304.3448154 38.2356420 7.05 T
304.3549465 39.5935431 6.54 T
304.4466348 38.0328887 4.84 T
304.5290770 40.7319947 5.96 T
304.6196977 36.9999351 5.58 T
304.6627808 34.9827676 5.24 T
304.7069175 46.3221563 6.42 T
304.9370631 41.1385103 7.19 T
304.9514264 37.1324818 6.58 T
304.9835086 46.8373480 6.46 T
305.0634806 39.4030690 6.34 T
305.1165191 43.8545078 6.93 T
305.5225723 45.7952387 5.69 T
305.5571175 40.2566728 2.27 T
305.6344001 34.9905965 6.87 T
305.7402345 39.2110396 6.72 T
305.9349072 37.4764525 5.83 T
305.9501707 37.0261357 6.83 T
306.3575938 42.6052271 6.93 T
306.3598033 41.9103829 7.13 T
306.3691212 39.7935496 7.52 T
306.5161359 40.4017274 6.62 T
306.6824132 39.4959270 7.06 T
306.7600740 49.3837248 5.75 T
306.7824240 34.3290781 6.45 T
306.8925513 38.4398888 5.64 T
306.9031925 42.0353623 7.33 T
307.0161992 33.8879219 7.01 T
307.2030524 45.7187990 7.38 T
307.3349820 36.4547204 5.95 T
307.5148463 48.9516155 4.92 T
307.7197065 49.2131055 6.64 T
307.7467780 36.9358307 6.32 T
307.8284947 49.2200892 5.62 T
307.9010266 34.3300433 6.52 T
308.1065475 48.2165072 6.96 T
308.2180597 43.1915678 6.57 T
308.2460369 49.8412130 6.71 T
308.4154073 45.1755987 6.70 T
308.4757597 35.2508227 4.82 T
308.4785992 46.6939152 5.75 T
308.5082358 34.6790056 6.75 T
308.6698866 49.1773123 7.25 T
308.7355465 41.7178287 7.57 T
309.3458770 42.9912030 7.25 T
309.3483841 38.3283945 6.32 T
309.5656566 44.3327418 6.65 T
309.8463776 45.6669212 6.59 T
309.8868044 42.2471796 6.87 T
309.8887777 40.5795016 6.73 T
309.8887777 40.5795016 6.83 T
310.0125756 43.4585293 6.10 T
310.2220415 41.2024949 6.99 T
310.2515717 39.0823230 6.48 T
310.4854629 41.7168888 5.65 T
310.5930173 35.4561473 6.64 T
310.8104847 33.8316110 7.53 T
310.8486146 33.8687548 7.25 T
310.9733628 42.2201125 7.03 T
311.3374599 46.3546577 6.69 T
311.5555338 33.9723054 2.57 T
311.6606506 46.5316089 6.31 T
311.7913895 42.4098419 7.43 T
311.7951161 34.3742003 5.08 T
312.2345067 46.1141243 4.89 T
312.2521869 38.8651068 7.48 T
312.2809139 42.9549255 7.32 T
312.4777231 46.6613467 6.32 T
312.5216142 44.0601386 5.07 T
312.6652496 42.3819557 7.29 T
312.8788710 37.9894750 7.29 T
312.9889946 46.7347802 7.50 T
313.0149240 34.6575640 7.33 T
313.0593602 39.5013825 7.40 T
313.3115860 44.3872680 4.75 T
313.3274514 45.1816491 5.58 T
313.3600280 42.4101795 6.66 T
313.4162126 41.0495718 7.57 T
313.5247558 45.1101396 7.34 T
313.5927922 40.7029571 6.69 T
313.6665096 46.2312037 6.67 T
313.6750639 37.0736843 7.20 T
313.8248200 42.5134929 7.12 T
313.8463105 40.3000348 7.16 T
313.9574991 47.4176295 5.76 T
313.9959052 44.3739495 6.81 T
314.0483966 43.4243282 6.84 T
314.1079856 49.1959077 6.03 T
314.1449154 44.9247200 5.96 T
314.2935163 41.1670703 3.93 T
314.3542637 41.6896047 7.36 T
314.3983167 39.6626939 7.46 T
314.5637731 47.6177075 7.46 T
314.5819822 44.4721525 5.66 T
314.6290591 41.9399379 6.14 T
314.7278210 46.2523079 7.06 T
314.8527098 42.3245163 6.45 T
314.9564994 47.5209450 4.74 T
295.1716667 43.0777778 6.16 B
295.9375000 41.7730556 5.84 B
296.2041667 40.7166667 6.34 B
296.2437500 45.1308333 2.87 B
296.8616667 47.9077778 6.12 B
297.6958333 37.8263889 6.06 B
298.0679167 36.4322222 6.10 B
298.9075000 52.4388889 4.92 B
299.1879167 50.9025000 6.43 B
299.8141667 52.0558333 6.15 B
300.3137500 37.0988889 6.20 B
300.3400000 50.1047222 5.05 B
301.2908333 38.4783333 6.19 B
301.2779167 51.8394444 6.14 B
301.5908333 35.9725000 5.36 B
301.5575000 53.1658333 5.85 B
301.7979167 50.2291667 6.54 B
303.1325000 51.4636111 6.01 B
303.4283333 43.3791667 6.14 B
303.9308333 50.2327778 6.31 B
304.3712500 42.7219444 6.29 B
305.5125000 41.1313889 6.39 B
305.6887500 41.0261111 5.93 B
305.7312500 42.9833333 6.20 B
307.4995833 45.9286111 6.41 B
308.4516667 41.7722222 6.49 B
310.3579167 45.2802778 1.25 B
