0.0800685 -44.2911930 6.41 T
0.2689276 -48.8099152 5.80 T
0.2803126 -41.8878372 7.70 T
0.3206674 -41.4876385 7.23 T
0.4856481 -41.6138727 7.83 T
1.2625811 -36.0147140 7.81 T
1.3338230 -38.8569490 7.03 T
1.3659508 -37.3025240 7.91 T
1.3666237 -42.8873589 7.71 T
1.4697679 -41.7535399 7.58 T
1.5853781 -49.0754196 5.76 T
1.6620059 -36.0850097 7.83 T
1.7219711 -38.8776037 7.02 T
1.7350852 -43.9850999 7.73 T
2.1924895 -34.7943281 7.93 T
2.2029879 -47.0610495 7.86 T
2.2495702 -39.7372555 7.80 T
2.2614546 -35.0919570 7.80 T
2.3537059 -45.7485450 3.99 T
2.4869140 -44.6663247 7.30 T
2.6960652 -34.8607195 7.00 T
2.8245006 -40.3727044 7.83 T
2.8816357 -34.4601213 7.87 T
2.9346641 -35.1323946 5.29 T
2.9828312 -42.1724136 6.65 T
3.1694876 -43.1645406 7.64 T
3.2924394 -43.0651797 7.62 T
3.3074593 -37.8228915 7.38 T
3.4376908 -48.6843141 6.99 T
3.5554841 -35.8086728 7.97 T
3.6851863 -46.0332861 7.26 T
3.7433355 -34.9042972 6.32 T
3.8131644 -40.0960225 7.61 T
3.8721724 -40.4552081 7.76 T
4.0318458 -48.5557974 7.96 T
4.0973261 -42.9966588 7.69 T
4.5769431 -36.5098586 6.82 T
4.5859603 -49.9058636 7.40 T
4.6222012 -46.5320329 7.52 T
4.6777660 -43.2355689 6.46 T
4.8355878 -46.4989775 7.66 T
5.0406192 -35.9028174 7.86 T
5.2235185 -39.2400943 7.19 T
5.3112895 -35.7992228 7.32 T
5.6956778 -35.3861519 7.67 T
5.7009739 -39.2625761 6.79 T
5.7161765 -37.4034498 7.21 T
5.9320500 -49.3578182 7.90 T
6.2356281 -41.8859935 7.70 T
6.3423655 -39.2609157 7.03 T
6.5517603 -43.6796359 3.95 T
6.5555431 -39.6498490 7.23 T
6.5726305 -42.3085539 2.50 T
7.1116318 -39.9152420 5.60 T
7.3465908 -40.6654683 6.96 T
7.6099826 -48.2154329 5.71 T
7.6159081 -40.9394769 6.21 T
7.6225649 -39.5190091 6.74 T
7.7737960 -48.6410974 7.86 T
7.8269907 -43.6064155 7.54 T
7.8468373 -45.9015578 7.93 T
7.8554217 -48.8033871 4.75 T
8.2804477 -39.7598807 7.81 T
8.2997152 -46.9518469 7.50 T
8.3658758 -36.7887096 7.99 T
8.3856659 -38.1134814 7.33 T
8.4016359 -38.6860748 7.91 T
8.4320499 -35.0051413 6.64 T
8.4502541 -39.9245633 7.42 T
8.5819140 -42.4311223 6.90 T
8.6048956 -45.4257359 6.94 T
8.6690300 -37.9960267 7.53 T
8.8936804 -39.7473360 7.53 T
8.9220005 -48.0015364 5.56 T
9.1619292 -49.1331451 6.85 T
9.3481822 -37.2883430 7.08 T
9.5265875 -41.5922712 7.32 T
9.6137532 -45.9009269 7.46 T
9.7210506 -43.2957471 7.77 T
9.7671928 -41.8993801 7.95 T
9.9668307 -44.7961767 6.12 T
9.9934172 -33.9621206 6.74 T
10.3312743 -46.0850089 4.71 T
10.4900494 -43.1248368 7.10 T
10.6564655 -36.0220791 7.27 T
10.6787637 -38.4634858 6.11 T
10.8028863 -37.9833139 7.96 T
10.8232207 -45.1812902 7.09 T
10.9528583 -37.4729091 7.68 T
11.0523657 -38.4209545 6.03 T
11.0603380 -49.3858972 6.88 T
11.0898823 -49.7064695 7.71 T
11.2369638 -42.6771613 5.96 T
11.3350249 -48.8359997 7.64 T
11.4239004 -48.3014903 7.94 T
11.4416730 -47.5514984 5.87 T
11.8767196 -36.9423942 7.91 T
12.2362713 -46.6975026 6.38 T
12.2521319 -36.2634542 7.70 T
12.2660361 -42.5618236 7.55 T
12.5157684 -43.3948573 6.51 T
12.8421369 -38.5290197 7.20 T
12.9676775 -43.7089556 7.45 T
12.9676775 -43.7089556 7.95 T
13.4971060 -48.7913066 6.93 T
13.5992966 -48.9486537 7.97 T
13.7432465 -45.2200654 7.55 T
13.7987972 -47.4070844 6.78 T
14.8561404 -34.6361450 7.78 T
14.9649963 -49.7506170 7.62 T
15.1474724 -36.2382607 7.14 T
15.3266864 -38.9162188 5.71 T
15.3919873 -38.2153220 6.71 T
15.4296469 -46.2155602 7.97 T
15.5648903 -45.1721854 7.82 T
15.6041169 -44.0991880 7.90 T
15.6829635 -47.2883940 7.75 T
15.7049265 -46.3972432 5.49 T
15.8276211 -41.0211225 7.17 T
15.9817453 -40.6483034 7.39 T
16.0096790 -40.5307663 7.36 T
16.1003693 -47.9402563 7.04 T
16.1659418 -39.4915064 7.80 T
16.2855079 -37.5635003 7.96 T
16.3409530 -40.2700966 7.22 T
16.5133716 -41.8361679 7.88 T
16.5208902 -46.7184164 3.46 T
16.5980446 -47.5952606 7.82 T
16.6112721 -35.6607700 6.63 T
16.6155191 -39.8561400 6.81 T
16.8852036 -41.7470879 7.07 T
16.9496552 -41.4868067 5.23 T
17.1411520 -46.6678358 7.14 T
17.2603673 -42.4018231 7.93 T
18.1900211 -37.8566712 5.97 T
18.1947572 -35.2056437 7.09 T
18.2292219 -35.7459983 7.84 T
18.3616414 -39.5398593 7.30 T
18.8022718 -45.5305559 5.02 T
19.0497098 -42.0098631 6.71 T
19.1755659 -41.1803923 7.53 T
19.2538431 -42.5328647 7.84 T
19.3412276 -37.2700411 7.90 T
19.5125698 -34.1375910 7.77 T
19.6840370 -43.3328669 6.94 T
19.8891178 -39.3622781 7.72 T
19.8913108 -47.2924083 7.68 T
20.0656377 -36.2429958 7.45 T
20.0837850 -48.6761084 7.73 T
20.3271456 -49.7413011 6.79 T
20.3855362 -45.1370108 7.49 T
20.5386425 -37.0516083 6.73 T
20.6022914 -43.6023339 7.06 T
20.6169440 -34.6646140 7.66 T
20.6798463 -36.5966838 6.81 T
20.7603071 -37.7024378 7.53 T
20.8218669 -33.5480436 6.98 T
20.9056208 -41.2702391 7.75 T
20.9195789 -40.9565885 7.36 T
21.1415194 -45.7212043 7.93 T
21.1686529 -34.1396833 6.80 T
21.1700876 -41.4927585 5.53 T
21.1745425 -44.5286890 6.38 T
21.2816959 -39.3787607 7.69 T
21.6824494 -40.4832883 7.79 T
21.7424218 -41.7475079 6.81 T
21.8722772 -45.8460540 7.13 T
21.8973663 -46.1517007 7.71 T
22.0788860 -49.0057862 7.05 T
22.0912079 -43.3195392 3.61 T
22.3772782 -46.7563167 6.44 T
22.8726539 -44.6563036 7.91 T
1.5791667 -49.0750000 5.70 B
6.5708333 -42.3061111 2.39 B
7.1795833 -50.5327778 6.26 B
9.9912500 -33.9616667 6.69 B
11.0504167 -38.4216667 5.90 B
11.4400000 -47.5516667 5.80 B
0.3333333 -50.3372222 5.53 B
