62.9951633 -53.4121968 7.20 T
63.4160344 -58.0216385 7.34 T
63.5470332 -56.1764120 7.61 T
63.6067503 -62.4735602 3.42 T
63.7022424 -62.1911873 5.58 T
64.0076295 -51.4854935 4.29 T
64.0878038 -60.9483715 6.38 T
64.1203700 -59.3031961 4.55 T
64.5642974 -52.9018542 7.80 T
64.6672701 -52.8596321 6.16 T
64.7003808 -54.1353739 7.18 T
64.7803077 -47.5676244 7.21 T
64.7982068 -58.7465611 8.00 T
65.2319966 -51.0443403 7.69 T
65.2655890 -48.8111551 7.40 T
66.0288889 -57.2531187 7.53 T
66.0472370 -57.0723285 7.23 T
66.0497108 -57.0717721 6.87 T
66.0662055 -46.6449281 7.10 T
66.2106313 -50.6230875 7.77 T
66.2719889 -61.2380493 6.11 T
66.3741860 -53.1116589 7.11 T
66.7754863 -46.9492145 6.15 T
66.9415819 -62.5211901 5.85 T
67.3341478 -46.5150440 6.24 T
67.8488338 -59.7668104 7.03 T
68.8681324 -54.8909396 7.97 T
69.1890826 -62.0776182 5.87 T
69.5311900 -58.2036490 6.71 T
69.7052905 -62.3783678 6.80 T
69.7255361 -58.9804269 7.22 T
69.7680652 -51.6726361 6.59 T
70.1426355 -48.5380892 7.00 T
70.2035276 -56.0305903 7.81 T
70.4429613 -47.2591613 6.85 T
70.4655285 -47.8262948 7.49 T
70.6930751 -50.4811178 5.41 T
70.8076005 -54.5946523 7.68 T
70.8352134 -47.2217487 7.52 T
70.8740582 -52.5459774 7.32 T
70.9355434 -52.2629880 6.65 T
70.9566633 -48.3252324 6.95 T
71.0885200 -59.7324572 5.31 T
71.4064153 -50.0763189 7.67 T
71.7183684 -60.6027015 7.80 T
71.7787624 -59.1369984 6.90 T
71.8412925 -61.4763500 7.34 T
72.0481369 -56.8173136 7.63 T
72.1316431 -49.7928250 7.45 T
72.1959666 -60.2589405 7.12 T
72.2398069 -47.1343117 7.46 T
72.2696957 -56.6664391 6.81 T
72.4469594 -48.3112681 7.84 T
72.4505654 -54.4546327 7.80 T
72.5292747 -58.8009905 7.58 T
72.7295976 -53.4609883 5.61 T
72.7345805 -53.4591945 6.24 T
72.8625663 -51.7254844 6.63 T
73.0083596 -46.8525084 7.23 T
73.1176898 -55.6970309 7.65 T
73.4017811 -57.3322052 7.89 T
73.7221863 -58.5472307 6.16 T
73.7861985 -54.4309040 7.66 T
74.0699060 -56.4263652 7.70 T
74.2206932 -52.8498634 7.78 T
74.2811301 -58.0690424 6.86 T
74.4918377 -50.5758099 7.56 T
74.4918523 -57.9674574 7.51 T
74.5081748 -58.2082733 7.03 T
74.6350909 -54.1723307 7.80 T
74.6350929 -59.1320401 7.89 T
74.8737763 -49.4581208 7.20 T
75.1909684 -47.6039570 7.96 T
75.6328633 -50.4452006 7.99 T
75.7024462 -49.1512327 5.42 T
75.7332298 -49.7029949 7.37 T
75.7987096 -50.3220401 7.92 T
75.8158050 -49.4921122 7.27 T
75.9502086 -56.3024884 7.80 T
76.2121453 -52.1811812 7.80 T
76.2423761 -49.5778522 5.22 T
76.2525213 -54.4073590 6.44 T
76.2673984 -55.4493845 7.67 T
76.3480960 -57.1951388 7.82 T
76.3773610 -57.4719642 4.77 T
76.6860575 -59.8777747 7.44 T
76.8921541 -54.9886859 7.38 T
76.9123185 -53.5568911 7.99 T
77.0295263 -49.2970215 7.46 T
77.3039181 -48.9794749 7.38 T
77.6807933 -48.4553451 7.77 T
77.9966408 -47.2738251 7.91 T
78.0137337 -49.0601729 7.81 T
78.0919394 -51.5497486 7.43 T
78.3273188 -59.5855240 7.26 T
78.3668438 -55.5695277 7.17 T
78.4312304 -52.9754317 7.63 T
78.4722186 -52.0308340 6.18 T
78.8174083 -52.6652314 7.42 T
78.9118601 -52.1820493 6.59 T
78.9301622 -49.4452336 7.98 T
79.2261904 -48.1915947 7.74 T
79.4319185 -54.4721986 7.20 T
79.7291885 -51.5793616 7.69 T
79.8424513 -50.6045479 5.50 T
80.0020924 -47.0488174 7.23 T
80.0886874 -46.5636952 7.94 T
80.1174293 -60.7796599 7.10 T
80.1242964 -47.5178632 7.92 T
80.3463883 -51.5751232 6.77 T
80.4009332 -53.3140651 7.61 T
80.4800191 -54.2723377 7.14 T
80.5922336 -56.1342691 6.07 T
80.7244219 -56.8161670 7.88 T
80.7681675 -51.3169548 7.71 T
80.8616259 -49.3749416 7.97 T
80.9415815 -62.5821728 7.86 T
81.0407627 -53.4288561 7.62 T
81.1762749 -52.3132301 6.74 T
81.1927955 -52.3164389 6.24 T
81.2959138 -54.3176290 7.20 T
81.3069249 -52.6768063 7.68 T
81.4280004 -53.4802691 7.91 T
81.5180367 -58.5614227 7.46 T
81.5801603 -58.9123131 5.24 T
81.8158116 -46.0945197 7.72 T
81.9121041 -60.4165707 7.07 T
82.0897463 -53.8853239 7.99 T
82.2158691 -50.7154022 7.75 T
82.3222192 -62.3143972 6.78 T
82.3454127 -61.8234000 7.69 T
82.4591719 -47.0763146 6.68 T
82.5396858 -47.0784809 5.52 T
82.6264768 -50.0998050 7.79 T
82.6858657 -57.1601068 6.98 T
82.9003404 -61.5410671 7.16 T
82.9326441 -49.0184082 7.40 T
83.0856836 -47.4749580 7.45 T
83.1778817 -60.1251379 7.79 T
83.2349409 -47.6894281 7.70 T
83.3223779 -51.6416032 7.54 T
83.3619141 -49.3786446 7.20 T
83.3939716 -57.0828712 6.78 T
83.4063722 -62.4897555 3.91 T
83.4355752 -54.9022289 6.48 T
83.6033277 -52.6287545 7.14 T
83.6683943 -48.9477436 7.32 T
83.7392273 -61.1762142 6.41 T
83.7612578 -58.8710269 6.85 T
84.0117927 -47.3137902 6.23 T
84.0902727 -57.4576838 7.78 T
84.1508695 -48.2845861 7.44 T
84.3654829 -47.2011217 7.66 T
84.4148552 -53.5352379 7.42 T
84.4511755 -54.5636270 7.82 T
84.5374698 -47.7141856 7.72 T
84.5376657 -46.1090001 7.64 T
84.5683365 -59.1165011 7.04 T
84.5725927 -50.6408906 6.41 T
84.6070905 -54.9542209 7.31 T
84.7790820 -58.9571701 7.35 T
85.1774762 -53.2171091 7.58 T
85.2949436 -54.4646483 7.99 T
85.3861018 -48.2505928 7.14 T
85.4126880 -56.4379022 7.89 T
85.8610826 -49.8423086 7.57 T
85.8791505 -47.5462511 7.85 T
86.0566440 -55.6952106 7.60 T
86.0836916 -56.9159282 7.51 T
86.3774035 -55.5780431 7.57 T
86.4564172 -47.0066620 7.25 T
86.5048440 -61.2296901 7.55 T
86.6141356 -46.5970780 5.42 T
86.6170408 -53.2201906 6.70 T
86.8212364 -51.0659916 3.87 T
86.8575327 -48.7485573 7.95 T
87.0551526 -48.9184721 7.33 T
87.4020166 -60.6762199 7.54 T
87.5773569 -62.0804115 7.88 T
88.3113442 -61.8394619 6.85 T
88.5170041 -60.0238421 7.26 T
66.7750000 -46.9475000 6.10 B
67.7087500 -44.9538889 5.07 B
68.4991667 -55.0450000 3.27 B
70.0762500 -58.9436111 6.53 B
82.5662500 -63.9277778 6.19 B
83.2483333 -64.2275000 5.34 B
86.8041667 -54.3608333 6.18 B
87.4570833 -56.1666667 4.51 B
88.0845833 -57.1561111 5.94 B
87.8458333 -64.0336111 6.36 B
88.5254167 -63.0900000 4.65 B
88.5495833 -64.4822222 6.63 B
