216.8379308 -14.8391510 7.37 T
216.8511890 -6.1206999 6.18 T
216.8556032 -15.8132149 7.90 T
216.9382847 -13.3594900 6.70 T
217.0196920 -3.0039286 7.77 T
217.0496956 -2.2279588 4.92 T
217.1327719 -10.0044248 6.76 T
217.1737516 -6.9008754 5.59 T
217.2005008 -5.2184869 6.71 T
217.3802262 -10.5665865 7.98 T
217.4999795 -4.2473095 7.08 T
217.5578381 -15.2480126 7.14 T
217.6270019 -4.0652237 7.46 T
217.6768521 -3.1095629 7.79 T
217.7512728 -5.8024166 7.80 T
217.9892319 -16.3626423 7.72 T
218.3385286 -6.9358264 7.98 T
218.4216149 -6.8705210 7.86 T
218.5156381 -16.8196362 7.20 T
218.8147776 -9.0956685 7.92 T
218.8632484 -5.8330657 7.79 T
218.9318143 -5.2659594 7.64 T
218.9513108 -8.5753493 7.19 T
219.0748363 -9.6127462 7.64 T
219.2215123 -4.2789360 7.89 T
219.2434780 -12.3030554 6.25 T
219.2863132 -3.8923912 7.17 T
219.4704151 -5.5487737 7.57 T
219.5177183 -9.7378293 7.86 T
219.5275182 -12.9110194 7.55 T
219.6205754 -3.6112018 7.32 T
219.7502962 -5.7872397 7.89 T
219.7516068 -10.5546772 6.85 T
220.0354609 -16.2021660 7.83 T
220.1288406 -16.2096983 7.31 T
220.1340513 -14.0467830 7.16 T
220.2463609 -2.8441948 7.97 T
220.3292456 -11.3644713 7.85 T
220.3757468 -2.0411880 7.84 T
220.5094880 -12.2349122 6.96 T
220.8577636 -9.6999396 6.65 T
220.9433123 -2.5057029 7.25 T
221.0557083 -8.2514697 6.69 T
221.0887023 -9.4898843 7.70 T
221.0998354 -6.3889497 7.77 T
221.1270268 -3.3633147 7.63 T
221.1870017 -9.7043526 6.91 T
221.2984292 -1.4175256 6.23 T
221.4712160 -17.6987388 7.47 T
221.4904312 -15.4595304 6.48 T
221.5562083 -7.7970369 7.24 T
221.9792888 -12.8405979 6.45 T
222.0093334 -5.5067428 7.91 T
222.1315992 -17.3404667 7.92 T
222.2039472 -13.1195634 7.79 T
222.2956524 -10.8272301 7.58 T
222.3288961 -14.1491196 5.61 T
222.3288961 -14.1491196 6.62 T
222.3558677 -8.5045221 7.16 T
222.4417003 -9.2025293 7.71 T
222.5265293 -15.5258801 7.24 T
222.5704729 -15.3426651 7.92 T
222.6504648 -12.0183095 7.18 T
222.7150696 -4.1333668 7.97 T
222.7189532 -16.0422043 2.74 T
222.7550338 -2.2999196 5.04 T
222.7651612 -15.0274696 7.26 T
222.8099332 -13.6070212 7.86 T
222.8955521 -17.7911651 6.60 T
222.9561258 -15.2318353 7.99 T
223.0513996 -13.5051643 7.84 T
223.1320782 -15.3876512 7.76 T
223.2202755 -12.3837577 7.77 T
223.2234292 -8.6954912 7.89 T
223.4643292 -9.0859995 7.37 T
223.5033926 -5.5717271 7.86 T
223.5949511 -11.8983899 5.90 T
223.6200697 -8.3884875 7.53 T
223.7388870 -3.6303196 7.46 T
223.9715045 -13.9007936 7.63 T
224.0825604 -16.8009227 7.34 T
224.1921842 -11.4096362 5.63 T
224.2952047 -4.3474061 4.50 T
224.4025591 -12.6380235 7.81 T
224.4294456 -4.0320004 7.61 T
224.4440725 -12.4376740 7.41 T
224.5216130 -17.3641776 6.78 T
224.5558263 -11.1548104 6.60 T
224.6459061 -8.7173860 7.21 T
224.6781624 -12.7684841 7.86 T
224.7176886 -4.9899105 6.14 T
224.7225683 -11.1444008 6.00 T
224.9740917 -10.9312159 7.33 T
225.2427065 -8.5189697 4.96 T
225.3327810 -2.7550689 5.71 T
225.3973478 -3.1648056 6.81 T
225.5174107 -8.3445831 6.85 T
225.5355847 -7.5753081 6.40 T
225.6245101 -7.8404901 6.60 T
225.6866425 -3.0315378 6.64 T
225.7149261 -10.3924691 7.76 T
225.7770618 -17.6331927 7.05 T
225.7836796 -12.8576630 7.70 T
225.8903428 -16.5923526 7.95 T
225.9038127 -7.5713584 7.70 T
226.0275771 -6.8874024 7.83 T
226.1165959 -8.0470001 7.47 T
226.1850463 -14.9974087 7.93 T
226.4280763 -1.9854655 7.45 T
226.6428026 -12.9071847 7.49 T
226.6564097 -16.2569547 5.37 T
226.7040180 -16.4844689 6.43 T
226.7852139 -2.2805280 7.71 T
226.8587704 -15.4169432 7.84 T
226.9936592 -14.5924131 7.97 T
227.0238647 -3.7565937 7.79 T
227.0258225 -12.0517930 7.75 T
227.2368519 -11.7905422 7.62 T
227.2597056 -13.9995583 7.51 T
227.3931756 -5.3953457 7.24 T
227.8061822 -13.0543289 7.48 T
227.8360094 -11.4715813 7.46 T
227.8959632 -2.2601563 7.25 T
227.9581663 -16.1596907 6.81 T
228.0872592 -16.4110722 7.38 T
228.1100958 -15.7149543 7.79 T
228.3111231 -11.0073382 6.66 T
228.4459657 -14.0229093 7.59 T
228.4541258 -1.3545239 6.67 T
228.5783333 -14.2095981 6.97 T
228.6191313 -3.3644649 7.20 T
228.6405595 -17.7686730 6.17 T
228.7106541 -5.5024878 6.44 T
228.7403255 -2.4149551 7.76 T
229.0066385 -4.8981522 7.39 T
229.2026540 -13.0392001 7.28 T
229.3069419 -7.8566106 7.66 T
229.3833295 -10.5007065 7.35 T
229.4212029 -5.2025085 7.39 T
229.4260133 -4.4944292 7.77 T
229.6471366 -8.3973405 7.66 T
229.7303611 -1.5922451 7.00 T
229.8409561 -9.1468290 7.22 T
230.0009911 -8.6629579 7.59 T
230.0389709 -13.1916914 7.96 T
230.1522777 -5.1197835 6.72 T
230.1556486 -14.7411341 7.51 T
230.1942967 -2.4144002 6.45 T
230.2381085 -15.3738384 7.55 T
230.2559348 -15.5482097 6.19 T
230.2813880 -5.8249092 5.65 T
230.2892940 -6.6125388 7.48 T
230.3156498 -8.8086909 7.89 T
230.3853858 -6.8268019 7.48 T
230.7574333 -15.1339279 6.65 T
230.8585541 -6.6112518 7.46 T
230.8787113 -16.5642763 7.79 T
230.8819948 -14.3526107 7.69 T
230.9674124 -12.3697216 5.83 T
231.0207114 -14.3103870 7.65 T
231.0490725 -10.3232035 4.97 T
231.2685486 -6.2457225 7.48 T
231.2785754 -5.9190639 7.71 T
231.9090879 -8.9479707 7.74 T
231.9239803 -14.9542645 7.36 T
232.0405427 -9.3503047 6.95 T
232.0513780 -9.3600868 7.61 T
232.0575449 -11.4488788 7.77 T
232.0643012 -16.7166950 5.81 T
232.0958662 -6.0029152 7.89 T
232.1594372 -15.7003504 6.89 T
232.1609251 -8.7472722 7.90 T
232.3943035 -17.4409069 6.71 T
232.4998060 -12.7764682 7.91 T
232.5204082 -6.8448996 7.39 T
232.6685077 -16.6094747 5.92 T
232.7712799 -15.8453686 7.72 T
232.8301696 -12.9850281 7.92 T
233.0745243 -10.4390517 6.68 T
233.0745979 -9.5865431 7.86 T
233.2300240 -16.8529359 5.48 T
233.2492835 -17.2469941 7.88 T
233.2761331 -8.0815698 7.99 T
233.3132444 -13.0127178 7.65 T
233.5146962 -14.2296390 7.31 T
216.1704167 -11.6697222 6.49 B
219.2491667 -12.3052778 6.20 B
220.7650000 -5.6583333 3.88 B
222.6716667 -15.9972222 5.15 B
224.7200000 -4.9891667 6.09 B
229.2516667 -9.3830556 2.61 B
233.5445833 -10.0644444 4.62 B
233.6108333 -9.1833333 5.17 B
234.6666667 -8.7944444 6.50 B
234.6670833 -8.7911111 6.48 B
