12.4933762 34.9740704 7.33 T
12.8013165 38.0419253 7.32 T
12.8529803 32.6565386 7.35 T
12.9878687 33.8898412 7.03 T
13.3676784 37.4179413 6.18 T
13.3992131 29.0802012 7.34 T
13.4040613 29.4890355 6.81 T
13.4570795 28.5580809 7.45 T
13.5022253 25.4883091 7.39 T
13.7429570 23.6282180 5.69 T
13.7456843 24.0991398 7.48 T
13.7788685 23.4165307 7.63 T
13.8113078 24.5569659 6.42 T
13.8459246 30.6616140 7.89 T
13.8553930 28.5591294 7.21 T
13.9936388 27.2094601 6.09 T
14.0083001 32.3423393 7.64 T
14.0619614 35.2285780 6.94 T
14.1700459 28.7981747 7.91 T
14.3013706 23.4173706 4.50 T
14.3135617 26.9995248 7.77 T
14.4590031 28.9921722 5.56 T
14.4743281 29.5209497 7.34 T
14.4872162 34.9852460 7.71 T
14.5110105 37.4994687 7.43 T
14.5595080 33.9504337 6.09 T
14.6095583 24.5219309 7.37 T
14.7628713 27.6571902 7.14 T
14.7773154 32.4557645 7.40 T
14.9018296 32.4918556 7.06 T
15.0825919 35.6909332 7.68 T
15.1310214 37.7915098 7.23 T
15.2235569 36.6554799 7.79 T
15.4325209 25.2921385 6.80 T
15.6489706 27.7479885 6.92 T
15.7046765 31.8040638 5.49 T
15.7097174 26.2995335 7.26 T
15.9948431 35.4694527 7.24 T
16.1157154 29.6580983 6.25 T
16.4757335 32.9935652 7.67 T
16.5348519 35.5161383 7.44 T
16.5467202 32.1813438 6.42 T
16.6984229 35.1455837 7.52 T
16.8442022 38.0288612 7.13 T
17.0071042 32.0119420 6.27 T
17.0547191 21.9767122 7.70 T
17.0635934 28.8673815 6.90 T
17.2030193 30.4078604 7.65 T
17.3061956 33.9414301 7.37 T
17.3225552 34.8058426 7.57 T
17.3460689 22.9100448 7.59 T
17.4130799 23.7941308 6.77 T
17.4343574 35.6198547 2.24 T
17.4391286 38.1244889 7.78 T
17.4878132 33.8814995 7.03 T
17.5810693 25.4570416 5.97 T
17.7781183 31.4246716 5.18 T
17.7927012 37.7240773 5.77 T
17.9156768 30.0894220 4.63 T
17.9173223 22.7219681 7.61 T
18.1196159 23.2555965 7.62 T
18.2208977 32.0753594 7.02 T
18.2479645 30.0640072 6.34 T
18.2587854 33.1544496 7.49 T
18.3175339 34.0983624 6.70 T
18.3864456 29.7359995 6.85 T
18.4374121 24.5835665 4.79 T
18.5066732 34.4926319 7.11 T
18.5208900 28.5292343 6.55 T
18.5871059 30.5419205 7.36 T
18.7007453 26.4464054 7.65 T
18.9211804 34.7257272 7.74 T
19.0790279 33.1144914 6.16 T
19.1156209 23.5893957 6.68 T
19.1780261 36.3078967 7.83 T
19.2715239 29.9928125 7.89 T
19.3501313 31.7446494 6.50 T
19.6651862 33.7568990 7.64 T
19.6957289 37.3862204 6.53 T
19.7254790 33.5157704 7.62 T
19.8668244 27.2639849 4.75 T
20.2660053 25.1577119 7.93 T
20.2687817 38.0342998 7.91 T
20.2809254 28.7377339 5.39 T
20.5483028 31.7060517 7.41 T
20.6028904 22.0865924 7.30 T
20.6567367 26.5626974 7.79 T
20.8256163 36.5145253 6.80 T
20.9079064 34.2466316 6.37 T
20.9198622 37.7148144 5.62 T
21.0984762 36.8833541 7.27 T
21.2459138 37.4548873 7.75 T
21.2846300 35.7331347 7.77 T
21.3039491 28.5657096 7.18 T
21.3988731 23.5113688 6.24 T
21.4301181 36.3569461 7.69 T
21.5384156 34.5791501 6.40 T
21.6823355 27.2462254 6.88 T
21.7240701 37.4916996 7.58 T
21.7775999 34.3775243 6.31 T
21.8361645 29.7706352 7.32 T
21.9278233 31.9659997 6.89 T
22.0800764 30.5572956 6.96 T
22.1076321 37.0705195 7.48 T
22.3037005 36.6277084 7.26 T
22.3484977 25.2753875 6.78 T
22.4216301 22.8260874 6.78 T
22.4523849 23.6901314 7.71 T
22.4656830 31.0073474 7.98 T
22.6631198 25.9153016 7.28 T
22.8326467 29.4125517 7.38 T
23.0315135 34.7999319 6.36 T
23.1987758 35.8423714 6.79 T
23.2410980 33.8530345 7.69 T
23.3292783 23.9757491 7.70 T
23.3694406 23.5902758 7.46 T
23.4768933 35.6081576 7.15 T
23.5693088 37.2370464 5.88 T
23.6554843 35.1116432 7.33 T
23.7418093 33.1170297 6.82 T
23.9096623 28.2696551 7.00 T
23.9598757 33.8344853 6.66 T
24.0347666 36.5376340 7.96 T
24.3530989 25.1664705 7.10 T
24.4118043 22.5572212 7.83 T
24.5103207 21.8857764 7.91 T
24.7157263 31.6495503 7.62 T
24.7362925 21.9185952 7.90 T
24.7821389 36.5432066 7.23 T
24.8098913 27.7560632 7.29 T
24.9034444 28.1119503 7.82 T
25.2802399 23.0252339 7.57 T
25.3273737 25.7454551 6.25 T
25.4134343 30.0470854 6.08 T
25.5149279 35.2455608 5.61 T
25.5246209 29.5060761 7.53 T
25.6002448 32.9617854 7.17 T
25.9588721 32.1920219 6.41 T
26.0955457 32.5154724 6.75 T
26.0965642 37.6682736 7.18 T
26.1612384 36.9381378 7.32 T
26.1983645 25.7962817 7.89 T
26.2131323 28.4581181 7.50 T
26.3351551 35.7124603 7.54 T
27.1631063 37.9526973 6.04 T
27.1720719 32.6920397 5.85 T
27.3631763 26.4725607 6.89 T
27.5357536 22.2747600 6.33 T
27.5357536 22.2747600 7.21 T
27.6868515 36.0511906 7.90 T
27.7214264 35.8448889 7.18 T
27.8055204 24.6520092 7.21 T
27.8569202 35.4559658 7.72 T
28.0430476 24.1174455 6.88 T
28.0928183 37.4290058 6.95 T
28.2705367 29.5773576 3.46 T
28.2941115 28.8187718 7.02 T
28.2945646 37.3209352 7.58 T
28.4832520 25.7759667 7.56 T
28.7329589 27.8416516 7.75 T
28.7405548 37.1281872 6.40 T
28.7810802 28.7976263 7.59 T
28.9525589 30.3543011 6.88 T
28.9627437 23.5772571 5.88 T
28.9770853 37.2777613 6.07 T
29.0404484 37.2519001 5.79 T
29.1120351 30.4395399 7.95 T
29.1963602 23.0510193 7.93 T
29.2559054 31.0222207 7.79 T
29.4281851 37.6696173 7.26 T
29.4323723 27.8040150 6.04 T
29.4815254 23.5959785 4.80 T
29.4898137 23.6030017 6.65 T
29.5050000 28.5198138 7.10 T
29.5154056 31.1340966 7.16 T
29.6745878 29.3799356 7.57 T
29.6936793 36.6026740 7.33 T
29.7505014 34.3394389 7.68 T
29.7794601 33.2074808 7.23 T
29.8290227 24.8289773 7.62 T
30.2489333 29.2383193 7.77 T
30.2929159 24.4442637 7.57 T
30.3884458 23.3954346 6.63 T
30.5299599 22.1037777 7.27 T
30.5336093 28.4001974 6.67 T
30.6640378 33.7629484 7.85 T
30.7413566 33.2840970 5.52 T
30.8875260 27.4818441 7.50 T
30.9148676 25.9355532 5.82 T
30.9148676 25.9355532 7.87 T
30.9616224 33.6981763 7.79 T
31.0884544 25.9200982 7.25 T
31.1421167 25.4132182 7.51 T
31.4439490 25.1447985 7.66 T
31.6772698 25.8308191 7.28 T
31.7047508 29.2693621 6.77 T
31.9062910 29.7414602 7.88 T
31.9695493 35.5536447 7.57 T
32.1231292 37.8588161 4.80 T
32.3870745 34.9870451 3.02 T
17.0054167 32.0122222 6.25 B
20.9062500 34.2458333 6.29 B
21.5362500 34.5797222 6.31 B
21.7758333 34.3775000 6.27 B
21.9458333 40.3355556 6.60 B
27.1733333 32.6902778 5.79 B
33.0929167 30.3030556 4.94 B
