171.7890237 -12.3565967 5.98 T
171.7948718 -15.6498415 7.78 T
171.8753443 -12.4362767 7.48 T
171.9735724 -1.6999224 6.37 T
172.0547152 -15.8862596 7.19 T
172.2175577 -16.5949269 7.71 T
172.3105282 -4.4521998 7.50 T
172.3116772 -17.3581508 7.85 T
172.4068492 -10.0627696 7.29 T
172.4903241 -17.7692918 7.99 T
172.5788400 -3.0035969 4.93 T
172.6617445 -13.0505911 7.10 T
172.7128153 -6.7190494 7.71 T
172.9856776 -6.4710598 6.86 T
172.9986619 -1.7823378 7.34 T
173.0642027 -12.3965122 7.50 T
173.1980194 -7.8275253 6.09 T
173.3119109 -16.2806071 6.11 T
173.4074142 -6.5369520 7.79 T
173.5156995 -16.0459631 7.16 T
173.5883541 -5.5270251 6.80 T
173.6887814 -4.9544322 7.89 T
173.6973868 -2.4907168 7.88 T
173.7282920 -12.0872252 7.34 T
173.7451512 -4.3615643 6.54 T
173.8866860 -12.4119820 7.19 T
174.1185212 -16.8506341 7.14 T
174.1692956 -9.3130989 7.40 T
174.1700893 -9.8022096 4.66 T
174.3341300 -12.3477860 7.27 T
174.3894969 -4.5052702 7.94 T
174.4943650 -1.5986065 7.67 T
174.6000589 -2.4358249 6.42 T
174.6672296 -13.2012651 5.54 T
174.7733168 -16.6121862 7.98 T
174.8762630 -13.1852665 6.92 T
174.9145595 -9.4662259 7.51 T
174.9596159 -16.6202765 6.37 T
174.9627625 -14.4686055 6.20 T
175.1523209 -8.4057437 7.46 T
175.2120773 -9.9174982 7.41 T
175.2903971 -17.7056221 7.11 T
175.2950964 -16.6832680 7.70 T
175.4345382 -9.0765070 7.29 T
175.5100243 -17.0163772 7.66 T
175.6350142 -4.6493479 7.88 T
175.7074983 -3.5453589 7.53 T
175.7367091 -9.1198189 7.55 T
175.8775988 -15.0428162 6.90 T
175.9796004 -9.1325566 6.99 T
175.9800162 -6.6774251 6.15 T
176.0167157 -4.8074667 7.59 T
176.1729824 -4.5110261 7.81 T
176.5810269 -3.0024341 7.81 T
176.6696023 -3.7426604 7.62 T
176.9716120 -15.4617669 7.95 T
177.0388573 -16.5486515 7.94 T
177.0716202 -8.8743796 7.77 T
177.0972123 -10.3137908 6.29 T
177.1088488 -3.2389215 7.89 T
177.1733633 -14.3449210 6.96 T
177.2184230 -16.5974876 7.81 T
177.2624809 -9.1179359 7.51 T
177.2948709 -7.3606263 7.11 T
177.3135132 -6.8947439 7.46 T
177.4447715 -13.6523639 7.52 T
177.5775493 -7.3759865 7.76 T
177.5816580 -15.8635552 6.23 T
177.6097487 -2.4186097 7.96 T
177.6201116 -17.7400273 7.89 T
177.6665705 -12.8670508 7.40 T
177.6833340 -9.3972912 7.77 T
177.7109026 -15.3890969 7.70 T
177.7521041 -14.7419761 7.92 T
177.7579557 -9.2732300 7.66 T
177.7593128 -5.3333316 5.74 T
177.7613860 -13.3232486 7.31 T
177.7956602 -7.9917694 7.00 T
177.8397171 -12.1875296 6.38 T
178.1115019 -14.1271619 7.71 T
178.1907844 -14.8422541 8.00 T
178.3453864 -16.5927963 7.64 T
178.3907130 -16.1152145 7.57 T
178.4667386 -3.7771305 7.45 T
178.7173169 -1.4534042 7.67 T
178.8599289 -5.1345923 7.24 T
179.0036586 -17.1508819 5.16 T
179.1902742 -10.7252228 7.46 T
179.2308342 -12.1080289 7.18 T
179.2344843 -13.7554585 6.60 T
179.2502514 -4.7827367 6.78 T
179.4380725 -8.5485776 6.64 T
179.4482812 -10.1576503 7.54 T
179.5274984 -4.3700732 6.97 T
179.6400725 -15.1172065 7.63 T
179.7889794 -10.4757019 6.65 T
179.8108587 -3.3227712 7.68 T
179.8912480 -1.9187485 7.24 T
180.2571190 -1.7686236 6.45 T
180.6106061 -11.9342334 7.97 T
180.7150587 -7.6835290 6.41 T
180.7495179 -10.7525142 7.48 T
180.8046391 -3.3958596 7.62 T
180.8975686 -5.4796561 7.14 T
181.0013433 -10.2960615 6.63 T
181.3958220 -5.8458607 6.88 T
181.4532297 -5.8580758 7.71 T
181.4990485 -3.1317163 6.47 T
181.6965216 -12.2408622 6.80 T
181.8042280 -6.0838267 7.89 T
181.8119093 -6.7654702 7.34 T
181.9453921 -8.4861206 7.62 T
182.0519046 -4.2869989 7.64 T
182.3707338 -11.8581189 6.86 T
182.4486803 -5.2256614 7.26 T
182.5235456 -17.5376457 6.67 T
182.6132121 -7.7738419 6.57 T
182.7008981 -9.3974671 7.59 T
182.8401963 -3.7792639 6.99 T
182.8419024 -2.6995618 6.86 T
182.8448496 -16.7912461 7.17 T
182.9177218 -10.5706392 7.27 T
183.1031211 -11.6591591 7.86 T
183.1163783 -3.0818495 7.51 T
183.1752811 -2.4730190 7.46 T
183.4047276 -9.5136442 7.66 T
183.5638681 -5.7158820 6.59 T
183.6570861 -8.9901695 7.98 T
183.7498209 -1.3265964 7.60 T
183.7942173 -10.3187476 6.16 T
183.8780086 -14.0721470 7.56 T
183.9130403 -10.2750934 7.78 T
183.9577902 -13.8166911 7.49 T
183.9700891 -6.1608137 7.60 T
184.0695891 -3.2359731 7.51 T
184.0937528 -5.8457907 7.51 T
184.2635631 -16.6937197 6.06 T
184.4718679 -6.4313135 7.85 T
184.5383774 -3.9540053 6.90 T
184.5398148 -3.9486458 6.54 T
184.6336357 -8.9048961 7.55 T
184.6471654 -14.4072182 7.61 T
184.7538437 -13.5424672 7.37 T
184.8281218 -16.2737416 7.53 T
184.8341530 -8.9147958 6.95 T
185.0702954 -4.5103219 7.28 T
185.1629464 -3.9956536 7.99 T
185.2321097 -13.5656603 5.26 T
185.3055296 -9.5491994 7.76 T
185.4629767 -4.3866190 7.50 T
185.5773513 -15.5555506 6.67 T
185.7284771 -14.6629718 7.51 T
185.7895703 -7.2991095 7.06 T
185.8142218 -4.9746816 6.59 T
185.8177209 -9.7717902 7.76 T
185.8282998 -11.8121786 6.69 T
185.8646420 -6.1184505 7.23 T
186.0900026 -10.4748066 7.54 T
186.2986413 -11.6107816 5.93 T
186.4976382 -14.9479395 7.19 T
186.5348226 -4.4806977 7.74 T
186.6989450 -5.5922624 7.58 T
186.7448188 -8.8295354 7.94 T
186.9559587 -16.6318042 6.39 T
186.9642305 -4.6152575 6.26 T
186.9797942 -8.6782345 6.81 T
187.0074193 -14.4511379 6.96 T
187.1621085 -16.0056589 7.81 T
187.2902626 -2.4296036 7.07 T
187.5073487 -6.0238351 7.39 T
187.5183163 -13.3934610 6.49 T
187.6605810 -9.8244853 7.94 T
187.7092274 -4.0607673 7.02 T
187.8556710 -9.1817501 7.31 T
187.9016020 -11.0722914 7.97 T
187.9111529 -5.0524100 6.29 T
187.9549656 -15.7159537 7.56 T
188.0148465 -16.1963597 4.34 T
188.0183881 -1.7721130 7.38 T
188.1490569 -13.8594456 5.77 T
188.2252470 -16.6602793 7.58 T
188.3926380 -12.8298843 5.68 T
188.4789635 -17.0782541 7.46 T
171.1525000 -10.8594444 4.83 B
180.1854167 -10.4461111 5.55 B
183.7941667 -10.3125000 6.11 B
188.4450000 -9.4519444 5.48 B
