238.9428423 -15.1596240 7.83 T
239.0604097 -14.3998885 6.38 T
239.1395158 -14.8296557 6.15 T
239.1891188 -13.5757865 7.88 T
239.2717544 -16.0346274 6.77 T
239.2809471 -6.8283441 7.99 T
239.2830430 -10.8880806 7.81 T
239.2859616 -6.2966612 7.20 T
239.2884806 -5.3984306 8.00 T
239.4902946 -17.0906552 7.87 T
239.5472988 -14.2794619 4.93 T
239.6110811 -13.4430044 7.31 T
239.6470556 -6.7034357 7.88 T
239.9219599 -7.3021282 6.64 T
239.9449828 -6.1277030 7.53 T
240.0775409 -16.5358126 5.51 T
240.1983660 -8.4114330 5.53 T
240.4211264 -3.7632582 6.91 T
240.6768751 -3.6586302 7.64 T
240.6770185 -8.4943701 7.89 T
240.7150144 -13.8120018 7.85 T
240.7452909 -8.0482184 7.17 T
240.7646694 -5.8347004 7.12 T
240.8198589 -8.4806403 7.80 T
241.0408357 -9.9198574 7.57 T
241.0917717 -11.3733194 4.36 T
241.1057582 -11.8573142 7.80 T
241.1076303 -11.4495284 7.52 T
241.2852143 -3.5275361 6.88 T
241.3380122 -3.3487648 7.76 T
241.3635154 -6.2904308 7.90 T
241.4359759 -6.2910833 6.46 T
241.4990090 -6.1398063 6.50 T
241.5935932 -4.7541959 7.99 T
241.6480242 -11.9056821 7.54 T
241.7545192 -3.8779386 7.66 T
241.7623505 -14.0712357 6.39 T
241.7694099 -16.9433769 7.92 T
241.8342369 -13.1347635 7.81 T
241.9014691 -12.7455568 5.77 T
242.0683199 -13.7695808 7.55 T
242.1137581 -10.1030401 6.81 T
242.2561341 -8.2188964 7.70 T
242.2587669 -9.6478824 7.28 T
242.3446668 -12.3759884 7.55 T
242.3456173 -13.0528225 7.11 T
242.3751661 -17.1885854 7.95 T
242.4603254 -3.4667468 5.55 T
242.4726675 -12.8856442 7.60 T
242.7014052 -8.2993400 7.62 T
242.7651244 -13.9922796 7.95 T
242.9999213 -10.0643102 4.94 T
243.0307461 -8.5475796 5.44 T
243.1903869 -1.7219434 7.46 T
243.2356037 -4.2209144 6.27 T
243.2964754 -15.1170859 7.56 T
243.3108506 -1.4024991 7.77 T
243.3563864 -4.0516463 6.98 T
243.4104885 -1.4751089 6.56 T
243.4322495 -9.2030536 7.80 T
243.4390479 -8.1180614 6.99 T
243.4620733 -11.8378065 5.40 T
243.5268830 -4.1585161 7.42 T
243.5695057 -10.4146069 7.36 T
243.7676376 -1.7745834 7.09 T
243.8527896 -11.0470759 7.74 T
243.8886148 -12.6800409 7.51 T
243.9067515 -8.3725290 5.57 T
243.9478652 -15.5939074 7.98 T
243.9646176 -14.8491175 6.09 T
243.9736609 -15.8881062 7.98 T
244.0809142 -1.6479522 7.13 T
244.2009922 -5.4968775 7.23 T
244.2306706 -3.9533019 6.20 T
244.3373876 -15.3280701 7.57 T
244.4393954 -4.0370858 7.27 T
244.4579226 -13.3726840 7.38 T
244.4987288 -13.4449935 7.42 T
244.6132020 -17.3879335 7.41 T
244.7516057 -14.8728093 6.18 T
244.7754023 -7.3194073 7.86 T
244.7891297 -6.8768442 7.04 T
245.1172213 -12.9108766 6.61 T
245.5723280 -8.7416932 7.36 T
245.6358442 -4.2503412 7.41 T
245.6442342 -11.3239160 7.97 T
245.6620393 -2.0799264 6.25 T
245.7234657 -17.0191802 6.91 T
245.7476309 -7.2089045 7.72 T
246.0160819 -11.0234993 7.67 T
246.0498844 -11.8979840 7.60 T
246.1641759 -2.4881920 7.28 T
246.6686061 -8.7280391 7.91 T
246.7569991 -17.7689388 7.28 T
246.9310600 -7.5988980 5.44 T
246.9502549 -8.3716013 4.65 T
247.0668228 -16.2123432 7.23 T
247.1170591 -13.3996229 7.00 T
247.2036941 -8.1293106 6.58 T
247.3573489 -13.5703557 7.26 T
247.4457499 -14.5508111 5.76 T
247.4518443 -11.1295605 6.93 T
247.6059318 -10.4418877 7.53 T
247.6250915 -7.5144327 6.50 T
247.7728691 -7.5409956 7.90 T
247.7845715 -16.6129666 4.38 T
247.8257020 -7.9210408 7.37 T
247.9497044 -7.0234146 7.50 T
248.0043143 -9.6959374 7.35 T
248.0335443 -12.4316904 7.00 T
248.1585756 -15.9883390 7.08 T
248.2323489 -10.5623753 6.87 T
248.3009985 -12.7990491 7.73 T
248.3470229 -4.2622943 7.30 T
248.3799737 -12.5602256 7.62 T
248.4625010 -14.4667544 7.91 T
248.6177865 -6.1362842 7.76 T
248.6404291 -8.1494278 7.84 T
249.0922180 -2.3265097 5.85 T
249.1304865 -8.8540241 6.95 T
249.1878907 -13.7210147 7.76 T
249.2021901 -6.2943203 7.91 T
249.5064231 -6.5380718 6.08 T
249.6063448 -7.1531931 7.66 T
249.6988824 -8.6186708 6.68 T
249.8149701 -1.7577224 7.67 T
249.8965592 -7.5123355 7.51 T
249.9131084 -9.5555054 6.39 T
250.0072785 -6.0818778 6.78 T
250.2349594 -8.3096365 6.62 T
250.2824075 -11.8386788 7.06 T
250.2840700 -2.8600566 7.29 T
250.3931216 -17.7421736 5.04 T
250.6402473 -2.1149596 7.80 T
250.6473602 -11.1747958 7.41 T
250.8020825 -4.1502982 7.89 T
250.8871964 -8.1184252 7.94 T
251.2976849 -3.0849959 7.30 T
252.0081796 -15.9645302 7.48 T
252.0625292 -15.3607002 7.90 T
252.1123257 -14.9094894 6.05 T
252.1172969 -16.3362329 7.70 T
252.2143363 -4.5161924 7.19 T
252.3652923 -15.6678922 6.22 T
252.4590528 -10.7836230 4.69 T
252.5927388 -2.6546495 6.36 T
252.7311158 -16.5470091 7.10 T
252.9969626 -8.8637020 7.86 T
253.0196194 -14.8031741 7.78 T
253.0324550 -2.7983128 6.98 T
253.0644408 -5.7890458 7.95 T
253.1255373 -5.1496313 7.72 T
253.4380276 -4.3221738 7.71 T
253.5337006 -4.3408967 7.89 T
253.5442538 -1.6128101 6.28 T
253.6120731 -4.1636222 7.72 T
253.6485284 -6.1541143 5.35 T
253.6677130 -11.7925392 6.58 T
253.7831657 -6.6510618 6.96 T
253.8023235 -11.3059931 7.84 T
253.9551962 -6.1236828 7.58 T
254.0082259 -16.8060781 6.44 T
254.3583338 -10.9639245 6.27 T
254.4097803 -3.0167516 7.50 T
254.5099726 -12.0847725 7.91 T
254.5395821 -14.3724889 7.36 T
254.5508212 -10.5458550 7.87 T
254.6731618 -14.8698484 6.51 T
254.8397987 -1.6876839 7.59 T
254.9557792 -4.2211645 7.70 T
255.2647533 -4.2231264 4.99 T
255.2946848 -13.5690965 7.19 T
255.3060420 -7.0280960 7.52 T
255.3953539 -6.7364657 7.42 T
255.5939578 -10.9520168 7.66 T
255.7400099 -6.3522710 7.54 T
256.1225540 -17.4929852 7.31 T
241.7641667 -14.0708333 6.32 B
243.5862500 -3.6944444 2.74 B
243.9054167 -8.3694444 5.50 B
244.5804167 -4.6925000 3.24 B
246.7558333 -18.4563889 4.42 B
249.0895833 -2.3247222 5.75 B
249.2895833 -10.5672222 2.56 B
257.4500000 -10.5233333 5.56 B
