35.7774503 -37.5763476 6.69 T
35.8098762 -29.8700882 7.60 T
35.8098762 -29.8700882 7.97 T
35.8472753 -26.9956848 6.92 T
36.0840455 -25.8473633 6.58 T
36.1084658 -37.3616537 6.99 T
36.1909502 -28.6517333 7.96 T
36.3509919 -21.8104347 7.72 T
36.3669534 -34.0519948 7.90 T
36.4705125 -23.8422989 7.84 T
36.9266032 -33.8965289 7.64 T
37.0072406 -33.8110061 5.13 T
37.0653722 -26.4298962 7.75 T
37.0676034 -36.3407191 7.37 T
37.1473607 -31.1025502 6.23 T
37.3405169 -35.9416755 7.88 T
37.3941333 -24.1037073 7.47 T
37.4811608 -22.6832209 6.79 T
37.5577536 -25.1862441 6.55 T
37.6366965 -22.5455103 6.34 T
37.6934866 -33.0075115 7.58 T
37.8904291 -27.5044393 7.67 T
38.0005277 -23.0843741 7.93 T
38.0478992 -32.6063322 6.72 T
38.0561710 -27.7895617 7.78 T
38.0619077 -36.4272226 6.39 T
38.1253311 -27.0030793 7.42 T
38.2791494 -34.6500830 6.01 T
38.3978955 -37.4073723 7.87 T
38.4029287 -32.8265473 7.91 T
38.4612648 -28.2323517 4.95 T
38.4618389 -29.9327802 7.35 T
38.5437384 -31.5240338 7.63 T
38.5510203 -33.1180053 7.63 T
38.6491962 -21.9311382 7.14 T
38.7953884 -28.6976264 7.88 T
39.0384727 -30.0450259 5.84 T
39.1231027 -23.9192549 7.62 T
39.1923711 -35.8290042 7.78 T
39.1984115 -25.0242011 7.78 T
39.2225607 -35.3199026 7.70 T
39.2440733 -34.5796097 5.84 T
39.2718565 -28.9933671 7.13 T
39.4350943 -22.9916270 6.88 T
39.4719057 -33.6771902 7.50 T
39.5784546 -30.1945301 5.88 T
39.6043656 -37.9909469 6.54 T
39.6927547 -30.5992667 7.79 T
39.7276044 -25.7459328 7.27 T
39.7730351 -27.8221048 7.24 T
39.8590844 -25.5690194 7.71 T
39.9455743 -35.0242699 7.48 T
40.0102036 -30.6340706 6.63 T
40.1278559 -31.4674838 7.61 T
40.1314256 -24.1352637 7.60 T
40.1327328 -36.4937951 7.91 T
40.4142400 -30.0609438 7.57 T
40.4672300 -30.4045013 7.79 T
40.7102910 -28.1513748 6.88 T
40.7652200 -31.0702882 7.63 T
40.8506887 -34.0913540 7.39 T
40.9153317 -33.0454583 6.95 T
40.9389197 -27.8992471 7.86 T
41.0017580 -33.1716133 7.93 T
41.0543713 -36.3074628 7.21 T
41.0619721 -25.4951045 7.04 T
41.0857519 -32.5248548 6.21 T
41.2541963 -22.1671289 7.20 T
41.4223918 -38.1571215 7.70 T
41.4806086 -30.4812745 7.85 T
41.5337034 -25.3349270 7.50 T
41.7961174 -22.4860294 6.51 T
41.8903068 -35.5508454 6.62 T
41.9954413 -26.0933931 7.81 T
42.0332072 -36.9813740 7.96 T
42.0373173 -31.4236373 7.32 T
42.1288674 -33.7832817 6.91 T
42.1591648 -37.4006676 7.01 T
42.2732267 -32.4049025 4.57 T
42.3572511 -30.8126985 7.81 T
42.4619901 -24.5611015 6.27 T
42.4760974 -27.9418511 5.38 T
42.5619874 -35.8435175 6.02 T
42.6683954 -35.6761939 5.62 T
42.7093790 -23.0275283 7.57 T
42.8447390 -30.4377646 7.61 T
42.9852511 -30.8138613 6.44 T
43.1324260 -27.9576173 7.18 T
43.3258997 -22.0908750 6.70 T
43.3977587 -22.3768004 6.05 T
43.6531654 -30.8908104 6.96 T
43.6543899 -29.8427791 7.92 T
43.7065663 -33.5247560 6.92 T
43.8539337 -25.9333962 7.58 T
43.8737050 -25.3050562 6.71 T
44.0308178 -26.1995138 7.42 T
44.1844788 -36.6995410 7.57 T
44.2017857 -35.3777872 6.68 T
44.2179642 -36.2974545 7.69 T
44.3028653 -36.4329518 7.63 T
44.3036458 -29.8553101 6.34 T
44.3050576 -24.9753132 7.86 T
44.3497287 -23.8623994 5.46 T
44.3859460 -38.1908631 6.41 T
44.5243753 -23.6056828 5.96 T
44.6396884 -37.9923045 7.74 T
44.7556969 -34.1891205 6.87 T
44.7770714 -28.9075515 6.25 T
44.9020025 -25.2736092 5.74 T
44.9096556 -32.5071265 6.30 T
45.1810989 -27.6425737 7.68 T
45.2392320 -30.3628859 7.51 T
45.2687316 -33.1098124 7.27 T
45.3625313 -28.4349457 7.86 T
45.4087882 -28.0942902 5.96 T
45.7312160 -21.8451321 7.78 T
46.1813156 -25.7791422 7.64 T
46.4677756 -37.3389319 7.57 T
46.6643768 -29.9876946 7.29 T
46.8040578 -32.3513956 7.68 T
46.9623470 -27.8312710 6.19 T
46.9885241 -30.3138493 7.30 T
47.1768304 -35.4336010 7.18 T
47.2200836 -24.8867977 7.36 T
47.3064910 -26.7155866 7.67 T
47.6478057 -23.7383802 6.48 T
47.9548198 -29.1632277 7.11 T
48.1299331 -32.3964863 7.11 T
48.1518285 -30.1555131 7.95 T
48.1563854 -31.1290907 7.17 T
48.2208247 -28.7732930 7.84 T
48.2323482 -26.2588029 7.90 T
48.2561973 -35.9436529 6.27 T
48.3419997 -27.5737682 7.04 T
48.3505933 -28.9751383 7.95 T
48.4082216 -29.8041482 6.28 T
48.4726334 -32.8293534 7.66 T
48.6673293 -35.5575447 6.96 T
48.7510761 -26.1006005 6.25 T
48.8056317 -28.3449940 7.83 T
49.0472933 -30.8274023 6.62 T
49.1366402 -35.6912136 7.05 T
49.2295779 -31.3523690 7.17 T
49.3225182 -23.5202229 6.76 T
49.4619628 -26.3524895 7.64 T
49.5119287 -28.7971964 5.96 T
49.5921778 -22.5110158 4.98 T
49.8239395 -35.0044069 7.10 T
49.8490648 -36.5644615 7.76 T
49.8795133 -21.7576684 3.91 T
49.8954688 -24.1230476 5.82 T
49.9894833 -34.0118898 7.55 T
49.9924936 -28.9925538 7.71 T
50.0173977 -28.8544842 7.44 T
50.1165122 -24.1147636 7.71 T
50.1519820 -36.7756256 7.96 T
50.1860201 -26.2869075 6.96 T
50.1886277 -26.6063608 6.47 T
50.3498727 -23.6352804 5.59 T
50.5678959 -25.5877999 6.36 T
50.9154888 -27.9300110 7.53 T
50.9360710 -32.7070682 6.66 T
50.9976707 -37.1706164 7.78 T
51.0161995 -26.0369056 7.89 T
51.0679193 -24.3006997 7.23 T
51.0982456 -31.1260028 7.46 T
51.2985962 -29.8430883 7.38 T
51.3036720 -37.1527132 7.18 T
51.4025161 -27.2724823 7.50 T
51.4829392 -35.9209151 6.40 T
51.4959881 -35.9583515 7.34 T
51.5478881 -30.6163960 7.96 T
51.5939156 -27.3171423 6.04 T
51.6844433 -28.5608317 7.63 T
51.8898698 -35.6812914 5.85 T
52.0483619 -35.8534324 6.54 T
52.2282686 -33.6553296 7.30 T
52.3965535 -23.4755012 6.93 T
52.4544466 -22.5053683 6.90 T
52.4914039 -35.7487589 7.25 T
52.6681993 -27.9213460 7.88 T
52.7082323 -37.3724316 7.77 T
52.8523358 -33.5453837 7.34 T
52.8956919 -31.6736245 7.62 T
52.9738829 -25.6142323 6.39 T
53.0542015 -32.3081420 7.98 T
53.1100198 -24.6163323 7.05 T
53.4764369 -30.6280665 7.27 T
53.4864329 -31.0797124 6.26 T
53.6242731 -34.8327262 7.08 T
53.6400940 -31.8748045 6.60 T
53.7187177 -25.5826273 6.59 T
53.7656661 -24.3071301 7.54 T
53.7762304 -35.9376111 7.90 T
54.2145992 -33.7806047 6.99 T
54.2692692 -36.2921767 7.24 T
54.2878267 -29.8302438 7.29 T
54.5413316 -31.2994215 7.44 T
54.6759279 -35.2041406 7.18 T
55.0123346 -34.5504983 7.91 T
42.9804167 -30.8144444 6.40 B
43.3933333 -38.4369444 5.92 B
44.5654167 -40.3047222 3.24 B
44.5679167 -40.3044444 4.35 B
44.9004167 -25.2741667 5.71 B
45.4070833 -28.0916667 5.89 B
45.5979167 -23.6244444 4.09 B
48.0179167 -28.9869444 3.87 B
