36.6904195 10.5652165 6.72 T
36.8455755 10.1970533 6.50 T
36.8838191 16.6432629 7.29 T
36.9997139 1.9608058 6.63 T
37.0399889 8.4600257 4.26 T
37.1868883 3.5726602 7.91 T
37.3969587 9.0064176 6.98 T
37.3973228 9.5656312 6.23 T
37.7268688 17.7033368 6.33 T
37.8755451 2.2671219 5.41 T
37.8812455 3.4375722 7.50 T
38.0506867 6.7172178 7.72 T
38.2254561 15.0347853 6.05 T
38.2492570 6.9563221 7.99 T
38.3658622 5.7001878 7.78 T
38.5163427 12.1806418 7.57 T
38.5549335 8.9887521 7.49 T
38.6083228 11.6046468 6.99 T
38.7671681 7.4702505 6.28 T
38.9684515 5.5930925 4.97 T
39.0055687 13.7550268 7.32 T
39.0114609 6.4321918 7.04 T
39.1457526 7.7298744 5.93 T
39.1597813 12.4471042 5.70 T
39.2900017 2.4153467 7.26 T
39.4385414 12.2696313 7.69 T
39.5036745 7.6950262 6.44 T
39.6535374 3.4432365 6.35 T
39.7481289 8.9198463 7.68 T
39.7492529 14.8603708 7.36 T
39.7647144 10.6365928 6.79 T
40.0656999 6.1119242 6.29 T
40.1128052 13.5270561 7.65 T
40.1397574 1.8662758 7.75 T
40.1975817 2.8985711 7.20 T
40.2359164 4.8706241 7.39 T
40.2826267 6.0723228 7.14 T
40.3400905 4.4274438 7.03 T
40.3488658 8.5269185 7.39 T
40.5002242 10.5446454 6.65 T
40.5100920 17.7565751 7.75 T
40.5846734 16.9589990 8.00 T
40.6204135 10.7415714 6.32 T
40.8270323 1.7301597 8.00 T
40.9125600 17.5484554 7.51 T
40.9576245 2.8171356 7.80 T
41.0798809 17.7637025 6.53 T
41.1359449 5.6576452 7.85 T
41.1374160 15.3117656 5.77 T
41.2374008 10.1139481 4.30 T
41.2407104 12.4452290 5.21 T
41.2597886 14.2373286 7.95 T
41.3375442 4.7113763 6.07 T
41.4296193 17.0212703 7.38 T
41.5613362 5.5923148 7.94 T
41.5687185 15.0076759 7.89 T
41.7206475 12.2605331 7.55 T
41.8458828 9.3073319 7.80 T
41.9086509 15.2311600 7.62 T
41.9160789 1.7052953 7.93 T
41.9976084 15.5078647 6.82 T
42.3231916 17.4642426 5.32 T
42.8348302 2.1726702 7.17 T
42.8366224 3.0567815 7.42 T
42.8721371 5.8415807 7.88 T
42.8734728 15.0819238 5.50 T
43.1644507 6.4748194 7.92 T
43.2991362 16.4830658 6.35 T
43.4090250 1.9683774 6.84 T
43.4103157 14.6702240 7.77 T
43.4429523 9.3356737 6.82 T
43.4875130 14.2188141 7.77 T
43.4977179 16.0203919 7.70 T
43.5521472 5.0482536 7.63 T
43.5875062 7.6801025 7.45 T
43.7302180 17.7346211 7.03 T
43.7842228 3.4868029 6.93 T
43.8238513 16.3089051 7.49 T
43.8464613 10.4571657 7.82 T
43.8815683 2.0182168 6.58 T
43.9177029 14.7066294 7.86 T
44.0174851 6.1750381 7.40 T
44.0578123 8.3810146 6.02 T
44.0585803 4.0484080 7.71 T
44.2522535 10.1615792 7.97 T
44.2691789 4.5011796 6.36 T
44.2901011 3.6785991 7.62 T
44.3130355 1.8866728 7.66 T
44.3698663 16.2934560 7.04 T
44.4786006 17.8133372 7.16 T
44.6003985 10.2052670 7.80 T
44.6557533 2.1203938 7.70 T
44.6903107 13.6039370 7.41 T
44.8232854 10.2102792 7.95 T
44.8436719 6.6518926 7.90 T
44.8575905 1.6511175 7.91 T
45.0223405 10.6555291 7.55 T
45.1844336 10.8701740 6.13 T
45.2046725 10.2443050 7.83 T
45.2222851 15.0307334 7.37 T
45.3223266 14.9819328 7.84 T
45.4681688 5.3362699 6.36 T
45.5698109 4.0892528 2.72 T
45.5939342 4.3529367 5.59 T
45.6663039 5.1881474 7.42 T
45.7944314 1.3680504 7.89 T
45.8672787 6.2263326 6.76 T
45.8886896 14.4704955 8.00 T
45.9631843 6.1336191 6.99 T
46.1587753 1.8636066 6.15 T
46.1692538 15.8554393 6.54 T
46.2069876 13.7973873 7.46 T
46.4105411 6.1174008 7.84 T
46.5714682 11.6652394 7.38 T
46.5940161 3.8101426 7.78 T
46.5986802 13.1868689 5.76 T
46.6959836 2.7143804 7.98 T
46.9158906 1.4059308 7.26 T
46.9582457 9.9230228 7.94 T
47.0265366 17.0273779 7.72 T
47.1037350 6.7235986 7.78 T
47.1044165 10.7956815 7.35 T
47.1161014 7.6429064 7.04 T
47.1616337 8.4715241 6.39 T
47.1850629 15.3336044 7.90 T
47.2539077 12.8597264 7.34 T
47.2938392 7.4604131 7.66 T
47.3004465 7.4389172 7.84 T
47.4189007 17.2606222 7.91 T
47.4649656 1.4841240 7.68 T
47.4873338 3.0605963 7.51 T
47.5739716 16.8134232 7.71 T
47.6155904 15.9908136 7.93 T
47.6618400 11.8724617 5.96 T
47.7050118 10.0059628 7.18 T
47.7309679 2.3156744 6.89 T
47.7927437 7.1739125 7.91 T
47.8412292 13.0479584 6.23 T
47.9847461 16.1659532 7.64 T
48.1036857 16.5166354 7.36 T
48.1098092 6.6608712 5.68 T
48.1462473 8.5936565 7.64 T
48.2266230 11.1323372 8.00 T
48.2634323 11.2685821 7.89 T
48.5351158 15.5903423 7.18 T
48.6993179 8.9782795 7.92 T
49.2878450 6.7997031 6.99 T
49.2995765 1.5580555 7.79 T
49.3017370 17.5728230 7.61 T
49.3610006 7.6557659 7.44 T
49.3876562 7.6900921 7.82 T
49.4390871 3.6810929 7.90 T
49.4683735 13.8472128 7.55 T
49.5267945 4.9693090 8.00 T
49.5632865 12.8237717 7.79 T
49.6131868 15.1755957 7.50 T
49.8420909 3.3707828 4.92 T
49.9666801 13.3770219 7.23 T
49.9833598 8.6997332 7.43 T
49.9970523 17.5012491 7.79 T
50.0075310 1.4836502 6.83 T
50.1413032 12.3466578 7.40 T
50.2787005 3.6754734 5.79 T
50.3223464 9.6599022 7.74 T
50.5213031 4.2106468 7.61 T
50.8288707 16.5655120 7.99 T
50.9124054 4.8820828 6.53 T
51.0423834 12.6294723 6.18 T
51.1929702 9.8076935 7.90 T
51.2029079 9.0283889 3.71 T
51.2692359 10.9763615 7.31 T
51.2943375 12.4852070 7.45 T
51.4348400 5.9353135 7.69 T
51.8078790 2.2800378 7.41 T
51.8278784 12.7352343 6.29 T
51.8831740 5.8701649 7.32 T
51.9068131 7.7504247 7.65 T
51.9163474 8.7649744 7.84 T
52.1513493 11.3903260 6.85 T
52.1793380 4.3570472 7.69 T
52.2439434 14.9966732 7.37 T
52.2658462 3.2487576 6.50 T
52.4275158 16.7622350 7.03 T
52.6018791 11.3363299 5.12 T
52.6099143 10.4586347 7.15 T
52.6864537 5.5130640 7.70 T
52.6895384 6.1885876 6.03 T
52.6963854 5.3669805 7.12 T
52.6984743 5.1525493 7.56 T
52.7183609 12.9366666 4.25 T
52.7559340 7.1982165 7.74 T
53.0167827 7.5662580 7.76 T
53.0499247 11.5421361 6.79 T
53.1499906 9.3731290 5.75 T
53.1615339 3.1499782 7.95 T
53.2129847 5.2544195 7.43 T
53.2395706 16.5978588 7.08 T
53.3382489 13.7822867 7.03 T
53.3996537 14.6784832 7.84 T
53.5355338 17.8308914 6.26 T
36.2041667 10.6105556 5.47 B
39.0204167 6.8869444 5.82 B
39.1579167 12.4475000 5.68 B
41.2354167 10.1141667 4.27 B
43.9520833 18.3316667 5.91 B
44.1087500 18.0230556 5.63 B
44.9287500 8.9075000 4.70 B
51.7925000 9.7327778 3.74 B
