329.2347016 12.0764080 5.54 T
329.3790532 4.1575640 7.10 T
329.4060216 11.9472560 7.51 T
329.4240252 10.4401480 7.34 T
329.5061218 5.9402742 7.21 T
329.5086328 5.9419109 7.73 T
329.6141136 14.0218183 6.68 T
329.6168484 3.7760857 7.03 T
329.6394545 15.3072669 7.91 T
329.6525322 6.0138112 7.98 T
329.8822732 10.5765232 7.18 T
330.0331256 6.7174525 5.97 T
330.2123254 7.8523592 7.99 T
330.2726626 13.1194642 5.64 T
330.2884278 8.2571611 5.80 T
330.5058046 10.9737952 6.35 T
330.5302757 11.5681677 7.84 T
330.6605140 15.9863675 6.68 T
330.6625226 8.5143289 7.87 T
330.7292843 15.7824036 7.30 T
330.8294051 11.3865262 5.81 T
330.9479524 4.7915840 7.97 T
331.0696711 16.2704747 7.75 T
331.0938302 13.6479443 7.77 T
331.0938302 13.6479443 7.89 T
331.1252591 15.8573576 7.95 T
331.1292390 10.2402423 7.03 T
331.2643241 14.8158042 6.60 T
331.3001983 12.6049561 7.53 T
331.3079149 14.4856856 7.59 T
331.3850186 17.5102330 7.62 T
331.4204287 5.0591619 5.02 T
331.4238352 5.9665858 7.66 T
331.5441080 10.0934252 7.14 T
331.6400040 5.1947451 7.34 T
331.6403366 1.8583160 7.31 T
331.6413139 12.4454130 7.25 T
331.6621397 2.4393975 6.50 T
331.6745453 16.7495877 7.82 T
331.7604633 11.7674499 7.04 T
331.8807485 9.6709694 7.03 T
331.9146663 10.7535534 7.19 T
331.9922821 13.0692473 7.82 T
332.0378475 17.5586075 7.13 T
332.2181274 4.2356675 7.45 T
332.2675664 9.4511097 7.94 T
332.2885044 2.7338811 6.63 T
332.5044537 4.0983499 7.67 T
332.5919220 14.6296952 6.48 T
332.6156177 16.7080478 7.73 T
332.6556656 11.6242105 5.96 T
332.8118033 17.7394904 7.97 T
332.9626437 6.2906698 7.87 T
332.9638621 16.0404425 6.04 T
332.9777126 6.8962700 7.18 T
333.0735109 2.7334875 7.18 T
333.5761475 17.1887573 6.65 T
333.6216643 7.9760176 6.94 T
333.6954773 4.2826212 7.08 T
333.7979871 12.2282979 7.96 T
333.8152362 7.0272951 7.77 T
333.9107376 4.2712565 7.41 T
333.9994638 8.5495106 6.19 T
334.0027624 11.7598995 7.29 T
334.1673530 12.9203029 7.58 T
334.2774532 8.3741222 7.73 T
334.3185533 12.8991081 7.11 T
334.3185846 15.0463955 7.19 T
334.5174953 13.9502387 6.95 T
334.5236792 16.3887428 7.88 T
334.7189399 16.2579365 6.92 T
334.8488600 15.5457124 7.12 T
334.9183287 16.1629712 7.92 T
334.9807682 12.4518817 7.66 T
335.1150254 5.7895081 5.36 T
335.1765682 14.0321614 6.65 T
335.2327393 8.1868684 6.22 T
335.2533649 6.5909653 7.93 T
335.3345754 8.6210141 7.82 T
335.3483248 7.1851620 7.19 T
335.3662638 14.8972793 7.76 T
335.3697455 14.3700247 6.97 T
335.3795159 12.2052199 4.79 T
335.5218492 15.6514088 6.68 T
335.6429293 6.4731644 7.30 T
335.7901549 9.4612871 7.99 T
335.8129969 5.6463136 7.66 T
335.8663894 17.6558582 7.47 T
336.0021644 15.2813886 6.77 T
336.1039183 16.2627994 6.99 T
336.2138520 8.7365637 7.39 T
336.3193703 1.3774117 4.76 T
336.5817896 7.9032404 7.52 T
336.6576100 4.3940775 5.81 T
336.7899887 8.9239174 7.90 T
336.9651645 4.6937385 4.91 T
337.0318771 12.2486865 7.34 T
337.0482797 17.2631895 7.74 T
337.2835841 9.1289089 5.77 T
337.4912031 4.4307781 5.59 T
337.5875387 2.0414308 7.99 T
337.6081764 10.6772526 7.73 T
337.6685654 4.3315229 7.39 T
337.7375388 8.4265463 7.67 T
337.7887879 9.3195925 7.58 T
337.9356726 10.7630924 7.90 T
338.0906406 2.5858074 7.22 T
338.1363255 1.5821149 7.83 T
338.1651140 13.0446462 6.59 T
338.1920368 3.0045170 7.48 T
338.1955871 15.8633791 6.48 T
338.3056938 17.7851688 7.85 T
338.4482111 1.8598508 7.89 T
338.5751812 17.1535349 7.67 T
338.6042632 13.4099662 7.72 T
338.6317538 4.2223831 7.55 T
338.6354908 15.6992050 7.75 T
338.8004215 14.6105040 7.66 T
339.1174607 6.5121547 7.26 T
339.1512849 11.6966759 6.42 T
339.1745315 13.1558386 7.23 T
339.2253601 7.7820456 7.68 T
339.2701284 12.5766093 6.46 T
339.2930160 17.2828132 7.56 T
339.4683229 14.9855072 7.91 T
339.5896853 7.4473038 7.89 T
339.7087566 4.5301612 6.84 T
339.7424888 17.1011378 7.80 T
340.1140783 4.5742322 6.93 T
340.2213199 14.5500702 5.83 T
340.2782703 15.4852860 7.78 T
340.4900048 14.5162641 6.04 T
340.5342314 11.0854784 7.58 T
340.5420621 8.0746411 7.81 T
340.5885146 5.1737016 7.39 T
340.6628824 14.0331605 7.94 T
340.7210007 4.9688594 6.96 T
340.8266537 17.2511282 7.96 T
340.9279641 10.9383980 6.57 T
340.9622678 3.8889180 7.48 T
341.0211680 6.7359341 7.73 T
341.1224645 14.2905448 7.50 T
341.2933337 11.6860486 7.60 T
341.3409311 3.6898062 7.68 T
341.3445597 1.7522722 7.57 T
341.4084500 3.6311664 7.88 T
341.4750099 11.2003158 7.31 T
341.6196571 7.5829272 6.95 T
341.6678092 4.9079829 7.86 T
341.6747500 12.1698130 4.25 T
341.6865485 14.9948414 7.71 T
341.7604246 17.2329595 7.31 T
341.8402588 14.1229328 7.08 T
341.8706339 7.7086169 7.43 T
341.8748908 5.8875296 7.59 T
342.0392578 5.8788789 7.79 T
342.2237064 10.5323474 7.76 T
342.2342509 4.2923725 7.28 T
342.3843420 10.4783914 6.57 T
342.6599243 4.0678253 7.25 T
342.9236167 4.7860246 7.13 T
342.9423097 15.0858776 7.01 T
343.0865240 10.4141864 6.90 T
343.0910375 15.8822033 7.17 T
343.1036231 9.8359463 5.21 T
343.1370513 3.5522103 6.66 T
343.1421986 7.6566820 7.75 T
343.1517980 10.2197587 7.32 T
343.2593014 16.8410336 6.02 T
343.4674183 1.8430549 7.00 T
343.5754125 17.7948520 6.71 T
343.6485299 16.9417937 6.65 T
343.6841411 7.2573204 7.46 T
343.8074586 8.8163034 4.90 T
343.8788425 17.7966232 7.92 T
344.1034153 13.0543540 7.85 T
344.1347270 6.8053626 7.56 T
344.2148081 11.8482887 6.63 T
344.2835017 14.0142650 7.97 T
344.3871141 3.8104448 6.41 T
344.4851285 13.6119367 7.52 T
344.5839429 11.2877857 7.94 T
344.6253011 9.8255542 7.73 T
344.6486906 9.3559452 6.51 T
344.6764833 5.3420164 7.73 T
344.6774251 7.3396656 6.35 T
344.7978892 6.1505064 7.96 T
344.7994274 11.7286043 5.82 T
344.8284939 4.3581016 7.26 T
344.9691919 13.8624732 7.65 T
344.9976978 5.1595364 7.29 T
345.0269551 7.3838430 7.66 T
345.0400443 13.9247587 7.63 T
345.1350127 13.4684440 6.84 T
345.1787750 3.0112721 6.00 T
345.3380312 14.8707702 7.20 T
345.4146578 4.4605039 7.12 T
345.4317672 3.5305875 6.55 T
345.6465602 16.2324743 6.69 T
345.7434580 16.4575765 7.41 T
332.5500000 6.1977778 3.53 B
336.4195833 18.4444444 6.26 B
336.6558333 4.3936111 5.75 B
336.9645833 4.6955556 4.79 B
340.2195833 14.5494444 5.71 B
340.3654167 10.8313889 3.40 B
341.6733333 12.1727778 4.19 B
343.1004167 9.8355556 5.16 B
344.6462500 9.3569444 6.43 B
346.7512500 9.4094444 4.52 B
347.3812500 8.6772222 5.12 B
347.5062500 9.8219444 5.39 B
