112.6393771 48.8792433 7.29 T
112.6637412 41.8901324 7.33 T
112.6637431 49.9390478 7.86 T
113.1658915 46.5346017 7.72 T
113.5380094 46.1505892 7.34 T
113.6509516 48.1913723 7.29 T
113.7065264 40.8766304 7.92 T
113.7810813 48.6811320 7.01 T
113.8170721 40.5064156 7.71 T
113.9830741 43.0305739 6.62 T
114.1315546 46.1800834 5.82 T
114.3240324 40.0250574 6.52 T
114.3370348 40.8453547 7.61 T
114.3579144 38.8682338 7.99 T
114.4509055 38.8787647 7.24 T
114.4740412 48.7736658 5.94 T
114.5683831 47.7476411 7.76 T
114.5745919 42.4586866 7.99 T
114.6372129 35.0487192 5.67 T
114.7180623 42.4752404 7.78 T
114.7193227 42.4582278 7.59 T
114.7911210 34.5836375 4.93 T
114.8574517 40.6713096 7.42 T
115.0565645 41.1635322 6.81 T
115.0609289 38.3444707 5.94 T
115.3011693 48.1307342 5.69 T
115.3052098 39.2115927 7.96 T
115.4232197 37.4300346 7.66 T
115.6110843 37.1058247 7.69 T
115.6808269 34.0001981 6.09 T
115.7258589 45.8176423 7.99 T
115.9459459 43.7945378 7.28 T
116.0855667 45.3683846 7.64 T
116.2343869 39.5520901 6.79 T
116.2665697 48.3948151 7.71 T
116.4261331 39.5468505 7.17 T
116.6639202 37.5174771 5.34 T
116.7706214 34.9610124 7.73 T
116.8366780 47.3382151 7.86 T
116.8430184 33.5638723 7.44 T
117.0683740 49.3703575 7.75 T
117.0851171 49.7567588 7.45 T
117.1141888 36.6432574 7.95 T
117.5561438 39.7706099 7.06 T
117.5951291 45.7919210 7.08 T
117.7754059 37.2116843 7.43 T
117.8138941 37.0819010 6.68 T
118.0157977 45.9327124 6.53 T
118.0351744 36.1689883 7.12 T
118.0653305 36.2698260 7.13 T
118.1666651 39.5381600 7.45 T
118.3455085 45.7413865 7.53 T
118.3508930 39.4816334 7.63 T
118.5464014 36.7415435 7.26 T
118.6217879 47.3859991 6.38 T
118.6774606 47.5646104 5.62 T
118.7011486 34.6187035 7.87 T
118.7284686 43.9947740 7.66 T
118.7446625 39.7131443 7.76 T
118.7948108 37.1943022 7.98 T
118.9196837 35.4125142 6.25 T
118.9780235 39.2867689 7.24 T
119.0079364 34.3694676 7.70 T
119.1788520 36.5418517 7.34 T
119.5693507 43.9774087 6.47 T
119.6452536 43.5038483 7.27 T
119.7384247 48.6254490 7.46 T
119.8027773 33.8732161 7.92 T
119.9638574 36.0820120 6.68 T
120.0690371 40.7929369 7.99 T
120.3441343 40.8567577 7.48 T
120.3853215 41.3865225 7.33 T
120.4797286 35.4130279 6.52 T
120.5665014 44.0220977 7.91 T
120.6769298 48.5924797 7.42 T
120.8603101 37.1365649 7.06 T
120.9163489 36.3447989 7.20 T
120.9891060 43.8394149 7.47 T
121.1671651 39.7405926 7.00 T
121.3551968 41.1900331 7.80 T
121.5084453 36.2721457 7.11 T
121.7913406 43.2601391 6.33 T
121.9517813 36.2437771 7.99 T
121.9520681 38.5805390 7.13 T
122.0784295 38.5247844 7.21 T
122.0788572 34.0323829 7.65 T
122.0892307 37.8675874 7.84 T
122.1025586 49.0209380 7.47 T
122.3359005 45.7672788 7.98 T
122.3459569 42.4301462 6.40 T
122.4157403 35.7020674 7.42 T
122.5494784 35.4534861 6.71 T
122.8393891 38.7308348 6.67 T
122.9795682 45.2093482 7.80 T
123.0208781 46.9414102 7.86 T
123.0481068 48.9593117 7.03 T
123.1412396 50.0089637 7.81 T
123.2296659 39.4730883 7.65 T
123.3654161 48.2807458 6.82 T
123.6203690 33.9436288 7.69 T
123.7040445 43.0347675 6.87 T
123.7250389 40.5784491 7.72 T
124.0409850 46.8021478 7.01 T
124.0534308 40.3331922 7.88 T
124.1077085 35.5504626 7.99 T
124.1388873 44.9354005 7.89 T
124.4594981 35.7283764 7.19 T
124.4738357 43.4098601 7.68 T
124.4807839 38.8007341 7.97 T
124.5967017 37.0560184 7.55 T
124.6455037 47.0337594 7.48 T
124.8739555 39.5952322 7.74 T
124.8818730 35.0456301 7.21 T
124.9482804 35.2013412 7.34 T
124.9824646 39.8846633 6.86 T
125.0154442 44.6635452 7.92 T
125.1992974 35.7786708 7.16 T
125.4042804 33.9367626 7.30 T
125.6621471 40.4435652 7.16 T
125.7085848 43.1875141 4.42 T
126.0646737 44.9485937 7.79 T
126.1782942 42.0053016 6.20 T
126.2702550 35.0113336 6.20 T
126.3486796 37.3882440 7.99 T
126.6962554 39.8921061 7.19 T
126.7013500 34.3376970 7.91 T
126.9030846 45.6507870 6.39 T
126.9676170 36.1251877 7.94 T
127.0167135 35.8917605 7.00 T
127.0294220 46.2485905 7.10 T
127.0855284 33.6852006 7.26 T
127.0855833 49.6870429 7.44 T
127.0936725 37.0118944 7.79 T
127.3050643 38.8738955 8.00 T
127.4846588 37.0709556 7.95 T
127.6733349 46.7496773 7.53 T
127.7654169 40.0554807 7.08 T
127.7941404 40.2247226 6.73 T
127.8330891 37.2647520 6.17 T
127.8959315 34.9663384 7.36 T
128.2256959 34.3836649 7.64 T
128.2282515 38.0152919 6.00 T
128.3394063 36.4364476 6.23 T
128.5659181 45.1965261 7.76 T
128.6241313 47.1396480 6.67 T
128.6826303 36.4193640 5.75 T
128.7224884 48.5335602 6.76 T
128.7621234 41.0236687 7.52 T
128.8865144 49.2577822 7.90 T
129.0649467 42.5798339 7.00 T
129.1689710 39.7703696 7.75 T
129.3724427 47.1198006 7.66 T
129.4841145 39.6447753 7.47 T
129.5728376 37.0201362 7.62 T
129.8638800 35.5197874 7.37 T
130.2096794 40.0177915 7.67 T
130.2546934 45.8345944 5.47 T
130.3105211 47.4802636 7.63 T
130.4400719 44.8630361 7.92 T
130.6286601 34.1859450 7.48 T
130.7337049 48.1919030 7.94 T
130.7502181 46.9004772 6.31 T
130.8530783 48.8637255 7.87 T
130.8552138 48.8613134 7.72 T
130.8836474 36.3482605 7.80 T
130.8909822 36.7148033 7.16 T
130.9144357 42.6815432 7.76 T
131.0420171 36.9178454 6.58 T
131.0641816 42.1007919 7.22 T
131.2956485 43.6488882 7.32 T
131.4072263 37.2912597 6.97 T
131.4454662 48.8788247 7.48 T
131.5189553 33.5866550 7.22 T
131.7046614 38.0420329 7.56 T
132.2513558 38.3452679 7.42 T
132.4469968 44.7041975 7.96 T
132.4669740 33.7199742 7.46 T
132.5696996 35.0371564 8.00 T
132.6595682 36.8768726 7.60 T
132.6833910 35.0715970 7.59 T
132.7482128 34.8231533 7.69 T
132.9866773 43.7268888 5.25 T
133.0415082 42.0023460 6.12 T
133.0489430 45.3126169 6.09 T
133.2261999 34.7431967 7.87 T
133.2972067 37.0693701 7.16 T
133.4818186 35.5381702 6.14 T
133.5384918 39.2548492 7.61 T
133.6258186 40.1322726 7.68 T
133.9185801 41.6777905 7.84 T
133.9553162 44.6617302 7.94 T
133.9705344 49.0868776 7.98 T
133.9818199 36.1961055 7.76 T
134.0935388 38.8113055 7.51 T
134.1264644 40.2012325 5.93 T
134.1407062 45.7641025 6.86 T
134.2070169 45.6313689 5.84 T
134.2815687 44.4093698 7.03 T
134.5757974 46.7515560 7.79 T
134.8511463 45.7382219 6.62 T
122.1141667 51.5066667 4.84 B
126.9033333 45.6530556 6.32 B
