276.4760897 71.7320497 7.40 T
276.9261572 59.5493418 6.53 T
277.9768483 59.4198465 7.77 T
278.0781047 67.7767978 6.81 T
278.1256181 68.6146124 7.65 T
278.5670448 72.4111753 7.59 T
278.8133338 72.2741595 7.49 T
278.9400437 73.2806960 7.53 T
278.9788109 72.3803795 6.94 T
279.0151635 70.4670904 7.80 T
279.0556308 65.4892496 6.08 T
279.0988328 66.9128843 7.65 T
279.2342438 67.8046441 7.50 T
279.3895457 62.5269117 5.72 T
279.5965487 67.1276496 7.78 T
279.6006398 63.5329630 6.97 T
279.6013340 60.7113891 6.68 T
279.7697172 72.9595553 7.47 T
279.8307033 59.5280266 7.07 T
280.2351541 62.7498056 6.20 T
280.4189177 61.5467781 7.40 T
280.6893276 70.5687090 7.86 T
280.7932529 70.7928024 6.42 T
281.0760801 61.0482716 6.25 T
281.0883690 61.9386664 7.50 T
281.1255361 60.3488070 7.28 T
281.1479174 64.8105276 7.41 T
281.4449637 74.0860668 5.35 T
281.4501970 68.7278255 7.82 T
281.4665907 59.5591794 7.67 T
281.5078902 59.6872051 7.30 T
281.6804187 63.2658222 7.37 T
281.6910950 67.7715495 7.13 T
282.5750861 60.8376618 6.82 T
282.8013834 59.3885043 4.76 T
283.0091316 59.6670941 6.93 T
283.2538804 71.7873075 6.99 T
283.2681944 74.0886690 7.53 T
283.4362585 60.0178697 7.01 T
283.4969989 67.1211691 7.53 T
283.6003719 71.2974480 4.94 T
283.6264375 58.7350917 7.73 T
283.8652812 60.9462750 7.68 T
284.1069012 65.2579135 5.73 T
284.2033595 68.2923613 7.70 T
284.3222985 62.3965225 6.59 T
284.3686513 58.2252451 7.01 T
284.3692344 58.2251782 7.44 T
284.6412776 60.6675048 6.89 T
284.6568577 74.1326414 7.05 T
284.7193549 69.5313537 6.48 T
284.8697306 70.6970939 8.00 T
285.5209015 60.1286117 7.04 T
285.6293632 62.7055115 6.98 T
285.6791929 68.3251693 7.11 T
285.8664674 65.5871809 7.32 T
285.8700880 62.0943905 7.12 T
285.8728429 73.3792438 7.88 T
286.4584513 59.2920991 7.69 T
286.4830194 60.0995745 7.52 T
286.7767615 72.0744156 7.24 T
286.9855767 72.2670331 7.68 T
287.4071387 58.2758014 7.79 T
287.4262332 58.4682353 7.32 T
287.4409019 65.9786946 6.25 T
287.4565911 72.2432554 7.59 T
287.8248918 63.2097565 7.95 T
288.0941783 73.8924455 7.50 T
288.1403003 67.6621167 3.17 T
288.5163233 67.1156259 6.86 T
288.5716796 59.6893790 7.70 T
288.6810640 65.2728592 7.47 T
288.8569353 66.1195169 7.73 T
288.8845039 73.3561408 4.59 T
288.8902040 61.5650860 7.96 T
289.1007135 67.1351055 7.94 T
289.2215797 63.2073607 7.44 T
289.3433960 71.3467131 7.15 T
289.4552940 59.8365357 7.65 T
289.5486110 60.9601747 7.12 T
289.7336915 73.5512671 6.98 T
289.9422497 64.3908605 6.49 T
290.1672473 65.7147839 4.58 T
290.1900109 64.0766597 7.83 T
290.1934548 72.1018683 7.39 T
290.8920860 69.0145267 7.18 T
291.0332359 61.2033564 7.83 T
291.0403346 60.3489947 7.78 T
291.6108633 62.5573947 6.53 T
291.9585678 72.4780600 7.94 T
292.1956317 67.6266515 7.55 T
292.3662219 60.6681031 7.75 T
292.5966961 70.9514868 7.96 T
292.6765403 68.7473813 7.48 T
292.7509222 70.9895458 6.23 T
292.7722840 69.5270159 7.73 T
292.7771293 58.5835335 6.70 T
292.9272951 67.7026626 7.81 T
293.1007388 69.6503453 4.76 T
293.2879691 59.3961787 7.80 T
293.2920068 60.1587178 6.46 T
293.4449820 62.6131361 7.66 T
293.5071497 65.5308603 7.93 T
293.5731373 70.2596496 7.79 T
293.6018409 71.6049029 6.78 T
293.6932450 63.4341345 6.61 T
293.7925211 62.6592542 7.93 T
293.7928840 74.3775580 7.10 T
293.8507987 69.8056012 7.28 T
294.7925931 68.6526958 6.88 T
294.9858469 59.8411860 7.79 T
295.0550548 60.5070495 6.51 T
295.1453986 62.6655350 7.46 T
296.0769292 69.3369339 5.91 T
296.5090381 67.7382560 7.75 T
296.5591402 58.3666572 7.97 T
296.6861918 68.4379760 6.37 T
296.7254865 72.4648482 7.68 T
296.9427720 63.8606367 7.93 T
297.0374745 61.4111970 7.23 T
297.0445708 70.2681743 4.01 T
297.0645741 59.4236347 6.71 T
297.3580892 63.2038434 6.85 T
297.5908385 61.2093117 6.76 T
297.8065785 65.5467182 7.88 T
298.1437411 66.7050847 7.72 T
298.1987148 64.1759149 6.88 T
298.3981542 59.7090086 6.06 T
298.6567944 67.5095398 7.94 T
298.6831520 60.8235840 7.38 T
298.7057723 64.7211639 7.04 T
298.7085547 60.6149540 7.12 T
298.7120387 59.6028092 7.15 T
298.7544969 66.7481645 7.28 T
298.8421699 58.2497105 6.21 T
298.9806270 58.8458334 5.15 T
299.1531605 60.2788435 7.91 T
299.1906874 72.3103218 7.85 T
299.3166818 62.8768916 7.54 T
299.4868401 60.8559280 7.38 T
299.6197261 63.5339758 6.14 T
299.6546099 68.4121936 7.64 T
299.6751259 70.3672906 6.42 T
299.7487590 67.4720638 7.58 T
299.9218425 69.4088311 7.45 T
300.3690430 64.8208874 5.41 T
300.4177987 62.1530612 7.85 T
300.5848414 64.6344979 6.36 T
300.7047238 67.8738649 4.65 T
301.1117850 73.9095835 7.01 T
301.1855852 63.8903985 6.29 T
301.2221691 72.7826670 7.54 T
301.2222623 68.0271091 6.52 T
301.3886371 61.9958512 5.54 T
301.5521062 63.0735149 7.72 T
301.6926758 63.7067065 7.64 T
301.7499889 66.3078827 6.97 T
301.8619112 65.1878285 7.70 T
302.2368242 62.0765297 6.74 T
302.3354474 68.5993660 7.12 T
302.5634977 68.2986396 7.55 T
302.7369719 68.2721847 6.85 T
302.8970827 62.0790210 5.76 T
302.9140081 63.5273480 7.71 T
302.9966195 59.6921005 7.15 T
303.0147830 60.1488823 7.87 T
303.0176003 59.6268329 7.90 T
303.1453008 66.4610431 7.80 T
303.3272788 71.1085895 7.85 T
303.3360398 72.8970930 7.20 T
303.3655592 60.6409143 5.96 T
303.5438025 64.7655161 7.36 T
303.6662099 58.9392078 7.25 T
303.7355956 72.6055631 7.37 T
303.9235179 65.8535377 7.81 T
304.3355988 62.1382010 7.89 T
304.3880645 66.8555351 5.99 T
304.5435695 70.7861328 7.29 T
304.5579515 58.8092421 7.64 T
304.7286892 60.6179058 7.99 T
304.9032127 62.2576362 5.70 T
305.0253805 68.8804852 5.85 T
305.1824427 64.0559848 7.71 T
305.2981073 63.9801974 5.87 T
305.3396906 63.4317995 7.12 T
305.3702502 64.6931264 7.76 T
305.5574434 69.5124029 7.29 T
306.2569715 61.2982464 7.99 T
306.2708834 59.6000464 6.45 T
306.3192787 60.0118397 7.49 T
306.4287517 60.1777161 7.54 T
306.4412051 67.1415068 7.84 T
306.9660218 65.7556440 6.58 T
307.3288132 60.4215100 7.68 T
307.3983834 60.9927016 7.91 T
307.9188952 62.4621977 7.74 T
307.9713645 60.0635137 7.78 T
308.0186478 60.4218725 7.20 T
308.0565519 65.3993374 6.70 T
308.4843436 61.7434403 7.03 T
273.8208333 68.7558333 5.95 B
275.1895833 71.3377778 4.22 B
275.2641667 72.7327778 3.57 B
276.4962500 65.5636111 4.82 B
277.8116667 65.4361111 6.59 B
281.5925000 75.4338889 5.35 B
283.3883333 75.7875000 6.22 B
288.8875000 73.3555556 4.45 B
293.0900000 69.6611111 4.68 B
295.8108333 58.0163889 6.22 B
295.9150000 57.0425000 6.27 B
298.3225000 57.5236111 5.14 B
299.0791667 56.6869444 6.12 B
301.3395833 56.3413889 6.21 B
301.3866667 61.9955556 5.39 B
302.8954167 62.0786111 5.75 B
304.3804167 66.8538889 5.93 B
307.3954167 62.9941667 4.22 B
310.7958333 66.6575000 5.58 B
