260.1790453 -38.0206090 7.21 T
260.5379658 -30.5014042 7.20 T
260.6586776 -35.9102098 6.48 T
260.6634027 -37.8046279 6.43 T
260.7282622 -37.2210338 6.04 T
260.8399582 -28.1430162 5.47 T
261.0364229 -34.7996116 6.99 T
261.2611057 -34.6961822 6.14 T
261.2761454 -24.2436077 6.29 T
261.2859529 -34.5620649 7.30 T
261.3283604 -34.2492606 7.15 T
261.3734543 -29.6708063 6.84 T
261.5243936 -27.5998864 7.51 T
261.5925600 -24.1760407 4.19 T
261.6717079 -34.0924162 7.61 T
261.7303309 -25.9436423 6.40 T
261.8387542 -29.8678878 4.32 T
261.9064019 -29.7247650 5.97 T
262.0145478 -36.8820887 7.56 T
262.1615903 -25.5108951 7.15 T
262.2336840 -36.7783155 6.11 T
262.3038640 -31.5343037 7.00 T
262.5235917 -33.7164760 6.74 T
262.6909377 -37.2959994 2.62 T
262.6998028 -37.4371597 6.92 T
262.8539894 -23.9628040 4.79 T
262.9348659 -26.2698683 6.04 T
263.1025256 -34.2795936 6.20 T
263.2643195 -29.6508621 7.26 T
263.2750722 -33.0578244 7.29 T
263.5072322 -30.4111969 7.43 T
263.6770360 -32.5816695 5.73 T
263.8270667 -22.0438780 6.48 T
263.9293787 -37.4400937 6.47 T
264.0025829 -38.1025704 6.98 T
264.2442919 -32.1288675 7.05 T
264.4057369 -34.3518298 7.10 T
264.4633141 -37.8622212 6.82 T
264.6867097 -21.9127370 6.29 T
264.8617539 -29.9597856 7.47 T
264.9065755 -32.3201686 7.15 T
265.0043184 -32.2011070 6.73 T
265.0462213 -32.2566572 7.23 T
265.0994561 -28.9232416 7.26 T
265.1806318 -32.1556871 7.23 T
265.7129756 -36.9457100 5.71 T
265.8237978 -27.8839987 6.47 T
266.1000548 -22.1949799 6.62 T
266.2588127 -35.5319087 7.04 T
266.6179203 -34.8855645 7.50 T
266.7802927 -38.1123571 6.40 T
266.8900792 -27.8308597 4.66 T
266.9242070 -35.2221666 7.60 T
266.9481295 -34.3107029 6.93 T
267.0627236 -35.8954613 7.09 T
267.0697881 -32.6714023 7.39 T
267.1159782 -26.9749910 6.32 T
267.1172739 -38.1335257 7.20 T
267.2936888 -31.7032623 4.79 T
267.3227129 -30.5977039 6.68 T
267.3712569 -35.3781318 7.34 T
267.4648745 -37.0431154 3.31 T
267.5879801 -27.0619444 6.98 T
267.7588953 -35.0705803 7.60 T
267.7756760 -35.3472625 7.04 T
267.8023737 -30.5569489 6.70 T
267.9649916 -35.3653831 7.30 T
268.0569368 -34.7992285 5.85 T
268.0823605 -34.4168883 5.97 T
268.2051155 -34.1148669 6.17 T
268.2323997 -35.0189239 6.55 T
268.2400836 -35.6246329 6.05 T
268.3166018 -34.6208662 6.91 T
268.3316094 -34.7308305 6.11 T
268.3476342 -35.0169848 7.22 T
268.3477804 -34.8951919 5.74 T
268.3715777 -34.6918063 7.51 T
268.3927179 -27.2826233 6.91 T
268.3952824 -34.8653490 7.36 T
268.4339484 -34.7944376 6.98 T
268.4395979 -34.7860605 6.27 T
268.4782233 -34.7527618 5.97 T
268.4922694 -34.8310905 6.39 T
268.5541947 -34.8234685 7.43 T
268.5599263 -34.7276873 6.87 T
268.5920472 -34.8784752 6.98 T
268.6130381 -34.4667494 6.10 T
268.6995465 -34.5421996 6.95 T
268.7251688 -24.8871130 6.19 T
268.7834954 -36.4756823 6.06 T
268.8133602 -34.2355834 7.50 T
268.9372990 -30.5717249 7.63 T
269.0328671 -35.0489225 6.73 T
269.0670128 -32.4749915 6.64 T
269.0886399 -21.9563359 6.87 T
269.1745687 -28.0655206 5.79 T
269.2084881 -32.6889140 6.68 T
269.4865324 -36.0080044 6.83 T
269.5018761 -30.0653402 7.61 T
269.6626914 -28.7591154 5.99 T
269.7321403 -36.8582958 5.84 T
269.7385705 -22.5175599 7.03 T
269.7720077 -30.2530679 5.39 T
269.8058951 -36.9388516 7.10 T
269.8596431 -22.4669241 7.48 T
269.8682196 -36.0210253 7.30 T
269.9481171 -23.8164230 4.72 T
269.9851790 -33.4083492 7.35 T
270.0033912 -22.5484084 7.41 T
270.0627645 -37.4082357 7.17 T
270.1163046 -29.8243659 7.45 T
270.3614462 -29.5880219 7.59 T
270.3826879 -38.0822581 6.89 T
270.4129796 -22.1317066 7.54 T
270.4511861 -36.3779892 6.29 T
270.4765836 -22.7803074 5.74 T
270.5217585 -35.6694565 7.58 T
270.5411126 -36.3592695 7.42 T
270.5981352 -23.0309082 7.59 T
270.6609004 -24.2554075 7.13 T
270.6788804 -33.8892051 7.42 T
270.7129233 -24.2825791 5.45 T
270.7571304 -22.7185215 6.71 T
270.8491675 -26.3199350 7.34 T
270.9685297 -24.3607459 5.96 T
270.9829019 -22.8374793 7.12 T
270.9868448 -24.3125405 7.08 T
271.0526717 -22.5009378 7.22 T
271.1076369 -24.3856475 7.47 T
271.2097981 -35.9016590 6.10 T
271.2424693 -24.6808234 7.32 T
271.2551279 -29.5801183 4.78 T
271.2939755 -24.3985841 6.87 T
271.4174836 -29.2777735 7.32 T
271.4516151 -30.4252539 3.07 T
271.5996600 -36.0197448 6.00 T
271.6907711 -28.3639208 7.10 T
272.0209108 -28.4572918 4.66 T
272.2251429 -25.4731037 6.78 T
272.3237663 -23.9884178 7.35 T
272.3437285 -36.6725834 6.54 T
272.5242623 -30.7289304 5.76 T
272.7306456 -33.8000982 6.11 T
272.9197890 -35.0254652 7.11 T
272.9306344 -23.7014077 5.08 T
272.9924618 -28.9015841 6.51 T
273.0261831 -34.0687408 7.22 T
273.4055566 -31.9674040 6.78 T
273.5411264 -37.6210346 7.64 T
273.5451022 -27.5029765 7.15 T
273.8637753 -34.5945838 6.90 T
273.9174325 -33.0916832 6.93 T
273.9578673 -35.6373154 7.43 T
273.9620883 -36.5737806 6.90 T
274.3169629 -31.2973069 7.49 T
274.3499385 -28.2899062 6.42 T
274.3504214 -28.6521524 6.19 T
274.3970270 -27.8656039 7.51 T
274.4009759 -34.1073326 6.03 T
274.4057815 -36.7627372 3.30 T
274.4627495 -33.3961590 6.99 T
274.5133441 -27.0426651 4.83 T
274.6269193 -34.6861528 6.90 T
275.0700314 -35.4287544 6.86 T
275.2323027 -33.3336431 7.08 T
275.2487238 -29.8282673 2.83 T
275.3016998 -26.0850666 6.93 T
275.3185257 -30.9415714 6.99 T
275.3329966 -32.1804679 7.25 T
275.5006468 -28.4299950 6.18 T
275.5126160 -22.9217516 7.32 T
275.7211342 -36.6697136 5.31 T
275.8701735 -36.2379518 5.63 T
276.0162958 -34.3341848 6.97 T
276.2549979 -30.7570263 5.70 T
276.3400333 -35.9920199 6.25 T
276.4775220 -33.9457945 6.28 T
276.4780074 -31.7548619 7.38 T
276.6701476 -30.3936900 6.81 T
276.8467264 -36.0160101 7.11 T
276.9321422 -26.6350906 6.59 T
276.9561871 -29.8167730 5.96 T
276.9923552 -25.4228672 2.92 T
277.0256704 -26.7574816 6.30 T
277.2389504 -26.5821407 6.67 T
277.2996816 -29.2598164 6.94 T
277.3415975 -25.2566612 6.64 T
277.4078872 -33.9340713 7.02 T
277.5071934 -33.0484510 7.18 T
277.7591128 -24.8920567 7.57 T
277.7701697 -32.9893590 5.41 T
277.7981959 -36.8091905 7.02 T
278.3100513 -24.1095995 6.81 T
278.4907072 -33.0166381 5.26 T
278.5213360 -32.9611806 7.16 T
278.5680263 -30.8831296 7.27 T
278.6364926 -24.2223935 6.60 T
278.8607774 -32.8907134 6.87 T
279.0743726 -38.1426258 7.59 T
279.8244811 -34.1663981 6.65 T
262.9475000 -33.7027778 6.44 B
265.7787500 -33.0511111 6.40 B
266.9400000 -22.4780556 6.18 B
269.2325000 -40.3055556 6.43 B
269.4908333 -39.1369444 6.29 B
270.0004167 -20.3391667 6.21 B
271.7975000 -21.4438889 6.28 B
272.4995833 -32.7197222 6.43 B
274.6737500 -25.6047222 6.51 B
275.3808333 -24.9150000 6.25 B
276.0429167 -34.3847222 1.85 B
278.9987500 -29.6991667 6.37 B
