214.8491194 -37.0031486 5.94 T
215.1387879 -37.8853601 4.03 T
215.1554085 -34.6779494 7.70 T
215.5819700 -34.7867945 5.55 T
215.7726286 -27.7547386 4.94 T
215.8456629 -27.8243543 7.84 T
215.9824871 -29.6763515 6.94 T
216.0607117 -33.0869053 6.90 T
216.2022412 -24.8064271 5.44 T
216.2539904 -37.4472349 6.70 T
216.3659898 -28.8960699 6.96 T
216.4489761 -26.8525650 6.59 T
216.6139296 -33.2502113 7.22 T
216.8812784 -35.4475795 6.95 T
216.8889448 -21.9918606 7.45 T
217.1240554 -22.9749806 7.89 T
217.2911959 -29.1133637 7.17 T
217.6685067 -22.4609398 6.98 T
217.6860872 -26.8359718 7.87 T
217.7525938 -25.3150348 7.80 T
217.8044598 -34.6812205 7.79 T
218.0204255 -27.7097513 7.56 T
218.0330665 -23.4466393 7.09 T
218.2888489 -24.0180664 7.31 T
218.2905442 -30.7153255 6.23 T
218.3644461 -33.3160215 7.06 T
218.6831447 -35.4638087 7.38 T
219.0318919 -22.1773294 7.25 T
219.1944754 -36.6653727 7.68 T
219.2895296 -37.5317677 7.96 T
219.3545848 -36.7227892 7.98 T
219.6033705 -35.2767924 6.79 T
219.7274238 -22.3284247 7.89 T
219.7329040 -35.6019530 7.47 T
219.8182604 -33.3785098 7.73 T
219.8418875 -25.0287746 7.32 T
219.9209150 -26.7238690 7.05 T
219.9975852 -27.1347988 7.24 T
220.1044425 -26.2557198 7.06 T
220.1052204 -29.3018296 7.87 T
220.2134627 -24.0578117 7.25 T
220.2323596 -26.4286384 7.51 T
220.2555557 -36.1348996 5.64 T
220.2777714 -22.6186179 7.30 T
220.4421588 -29.6976765 7.63 T
220.4633562 -30.9332513 6.75 T
220.4633562 -30.9332513 7.62 T
220.4897357 -37.7936727 3.96 T
220.5536851 -32.7711365 6.74 T
220.8063049 -24.9978151 5.69 T
220.8642744 -30.2085252 7.79 T
220.9138681 -35.1747720 4.20 T
220.9363815 -29.9967755 7.14 T
221.2467495 -35.1918464 4.92 T
221.3356112 -36.1478146 7.38 T
221.4343230 -22.4105099 7.67 T
221.4992886 -25.4438519 5.12 T
221.5283674 -23.1534097 5.91 T
221.6161229 -22.4042884 7.38 T
221.8439307 -25.6243485 5.60 T
221.9197754 -34.7336501 7.88 T
221.9304480 -27.6992511 7.61 T
221.9369633 -26.0875531 5.33 T
221.9897601 -26.6462057 5.76 T
222.1200993 -25.4859809 7.09 T
222.1365446 -35.8414145 6.94 T
222.1584346 -36.6349893 6.15 T
222.2574197 -35.5505035 7.66 T
222.3279677 -24.2514628 5.84 T
222.4559646 -32.4274841 6.98 T
222.5224609 -37.3996506 7.91 T
222.6572231 -32.4674838 7.51 T
222.7255960 -28.3243808 7.55 T
223.1354773 -30.5775096 6.36 T
223.1583669 -24.1180625 7.58 T
223.2126464 -37.8032873 4.99 T
223.2774007 -38.2571411 6.58 T
223.4470909 -33.6920173 7.88 T
223.4714276 -23.9741851 7.07 T
223.5838076 -24.6423866 5.42 T
223.5859089 -28.3482248 6.66 T
223.6052294 -34.1429419 7.09 T
223.6579096 -33.3006080 6.00 T
223.7268560 -36.4304769 7.28 T
223.8753824 -37.1616255 7.63 T
223.9364263 -33.8557943 5.32 T
224.1273678 -34.6319878 7.40 T
224.1285876 -32.6370013 6.22 T
224.2267680 -35.6956061 7.89 T
224.2392456 -26.2851926 6.90 T
224.3070051 -29.1578575 6.28 T
224.3324187 -32.8338314 7.22 T
224.3833740 -25.4418233 6.98 T
224.4198816 -32.8307779 7.70 T
224.5585854 -36.0643472 7.79 T
224.6009437 -37.3626176 7.25 T
224.6264660 -28.7101098 7.73 T
224.6632519 -27.6573214 5.76 T
224.6690730 -22.4017563 7.95 T
224.8078701 -37.8813578 6.44 T
224.8717440 -30.7119111 7.05 T
225.0015875 -36.0308315 7.07 T
225.0046706 -32.8334643 7.75 T
225.2595961 -33.8396275 7.46 T
225.3048197 -38.0586126 6.01 T
225.4517237 -36.9286808 7.97 T
225.4526380 -31.5442688 7.73 T
225.4917787 -34.3590299 6.24 T
225.5274229 -28.0608387 5.85 T
225.7468473 -32.6434124 5.42 T
225.8256043 -36.9270726 7.86 T
225.8943273 -35.9426773 6.67 T
226.0083468 -28.0615503 7.77 T
226.0170626 -25.2822378 3.46 T
226.1089502 -36.2853802 7.93 T
226.1381200 -28.3004976 7.24 T
226.3198902 -23.0133600 7.54 T
226.3262365 -29.9904873 7.18 T
226.3913432 -30.5503239 6.54 T
226.4488569 -25.7895854 6.64 T
226.5444010 -24.1320248 6.86 T
226.5473993 -23.3231018 7.22 T
226.5578998 -36.2646452 6.47 T
226.6135636 -22.0321655 6.25 T
226.6381368 -30.9186557 5.96 T
226.7759625 -37.9457357 7.19 T
226.7839864 -27.4774429 7.90 T
226.8070587 -32.9102270 7.17 T
226.8187652 -24.1938479 7.37 T
227.1783264 -29.3653879 7.95 T
227.2696918 -28.3627024 7.71 T
227.4209727 -35.8657705 7.12 T
227.4635844 -23.9861201 6.72 T
227.5774055 -26.3326874 5.87 T
227.9414234 -33.6389561 7.11 T
228.0438440 -30.8869549 7.81 T
228.0813691 -34.9677957 7.69 T
228.2542602 -37.2468388 7.98 T
228.2817450 -36.0915740 6.07 T
228.3224337 -24.0084746 6.45 T
228.3666800 -25.3098182 6.54 T
228.4720324 -26.1936147 5.98 T
228.6554285 -31.5191181 4.96 T
228.8112995 -27.8572117 7.50 T
228.9138749 -27.5961973 6.85 T
228.9538023 -37.1489739 7.78 T
229.0956454 -22.3994012 5.66 T
229.2000280 -24.0099490 7.31 T
229.4152852 -26.2537427 7.84 T
229.4575799 -30.1487167 4.47 T
229.6567821 -25.0006496 7.72 T
229.6720376 -31.2093894 6.33 T
229.7878161 -24.2650661 7.53 T
229.8429291 -34.0325735 7.76 T
229.8815560 -37.0980707 6.29 T
229.9178239 -24.2701244 7.42 T
230.0116927 -32.8650966 7.94 T
230.0556250 -34.9256082 7.79 T
230.1307361 -28.2872949 7.18 T
230.1723513 -25.9913531 7.22 T
230.3749957 -38.2187404 6.55 T
230.4508342 -36.2619099 3.73 T
230.5467315 -37.6357742 6.63 T
230.6186681 -34.1584965 7.71 T
230.6885876 -29.3419905 6.62 T
230.7378452 -26.6887440 6.67 T
230.7888259 -36.8586302 4.50 T
231.0101053 -27.3055078 7.61 T
231.1746919 -35.9171314 6.76 T
231.2632302 -32.1563148 7.44 T
231.2766396 -38.1693865 7.06 T
231.3755424 -36.1996067 7.65 T
231.5716766 -36.5986055 6.93 T
231.6131592 -31.3209316 7.38 T
231.6947460 -35.7807176 7.65 T
231.7051481 -27.9719340 7.86 T
231.8253770 -36.7677226 5.42 T
232.0091896 -33.5454930 7.49 T
232.0896435 -37.6293736 7.46 T
232.1918229 -31.4756997 7.20 T
232.2442060 -28.8674327 6.64 T
232.6533775 -37.6902801 7.87 T
232.6779731 -21.8784312 7.87 T
232.7647742 -35.6400015 7.98 T
232.8214981 -33.8200444 7.03 T
232.9591584 -32.8812483 6.50 T
233.0317780 -28.1661808 7.97 T
233.0429698 -21.9669572 7.23 T
233.1286116 -38.0713395 7.48 T
233.2871727 -24.4894306 7.00 T
233.2894306 -24.4906109 6.94 T
233.4779895 -25.1106141 7.69 T
233.5418081 -33.1715326 6.98 T
233.6555677 -28.0472199 5.29 T
233.8169809 -25.7343147 7.31 T
233.8355940 -29.0507426 7.72 T
234.0471760 -33.0929537 6.24 T
234.2559560 -28.1350904 3.75 T
234.3203315 -32.0574645 7.95 T
234.9416029 -34.4120040 4.77 T
217.0433333 -29.4916667 4.97 B
222.5720833 -27.9602778 4.41 B
223.1379167 -30.5769444 6.29 B
224.1491667 -39.4161111 6.36 B
224.3666667 -21.4155556 5.74 B
224.6533333 -39.9066667 6.15 B
227.5312500 -38.7925000 5.98 B
228.3695833 -25.3091667 6.45 B
234.6641667 -29.7777778 3.66 B
