182.3365873 53.3938110 7.54 T
182.5208111 57.6775387 7.95 T
182.7128266 51.7961125 7.75 T
182.9237533 50.8378536 7.98 T
182.9372288 57.0543129 6.51 T
183.0724270 55.7058177 7.34 T
183.1898765 51.9398653 7.38 T
183.6806577 53.4345082 6.29 T
183.8152134 47.1154295 7.38 T
183.8615459 52.7170937 7.70 T
184.2076378 56.2813512 7.41 T
184.3737533 53.1910470 5.95 T
184.5961454 60.3560186 7.89 T
184.9176839 62.3589851 7.87 T
184.9528211 48.9841908 5.47 T
185.1135979 61.3095467 7.44 T
185.2125555 57.8636850 5.69 T
185.4838443 47.1820632 6.45 T
185.5188313 61.5913648 6.86 T
185.6375234 48.3529283 7.44 T
185.7066662 60.1047564 7.83 T
185.9004277 60.9030609 7.79 T
185.9616489 54.1585688 7.89 T
186.0063796 51.5623298 4.86 T
186.2631811 56.7777629 6.02 T
186.2731932 60.6973299 7.45 T
186.3668217 48.3709744 7.86 T
186.5838211 54.5886865 7.72 T
186.6360097 55.1595139 7.04 T
186.7068737 51.2058060 7.53 T
186.8960125 55.7126449 5.87 T
187.1621126 49.6355875 7.10 T
187.3876362 56.3307762 7.80 T
187.4881374 58.4063033 5.37 T
187.5088523 51.5357851 6.27 T
187.5181316 58.7676805 6.17 T
187.6722757 50.9733527 7.98 T
187.7090997 53.0777446 6.27 T
188.5137103 46.7474889 7.41 T
188.6769493 47.0073397 7.81 T
188.7255362 51.3604795 7.84 T
188.9526819 56.5783176 7.83 T
189.0429041 56.8252852 7.36 T
189.4850842 54.8531174 6.99 T
189.7398675 61.0289183 7.49 T
189.8935075 60.8845503 7.15 T
189.9621429 51.7249832 7.63 T
190.3693937 49.2907640 7.04 T
190.6318714 56.9986067 7.48 T
190.7665134 61.1555421 6.52 T
191.0566330 51.7582105 7.12 T
191.8324601 52.8618495 7.76 T
191.9502089 50.1569329 6.86 T
192.0554093 52.4530983 6.98 T
192.1179215 60.8201537 7.65 T
192.1658079 60.3198858 5.88 T
192.1735911 48.4669119 6.27 T
192.1974530 61.3790088 7.42 T
192.4083183 48.7399669 6.62 T
192.5032592 54.7557589 7.32 T
192.8262359 49.2690590 7.86 T
192.8315495 57.7316947 7.89 T
193.2976736 59.9521681 7.72 T
193.3333989 46.6563470 7.62 T
193.4094147 59.5260188 7.85 T
193.6166610 46.7777538 7.58 T
193.7353428 47.1966736 6.02 T
193.8958665 56.1967857 7.39 T
193.9125130 54.9612790 6.79 T
194.0725910 54.0994670 6.04 T
194.2823970 46.1764529 6.22 T
194.3171829 57.6917550 7.51 T
194.6280821 61.7169923 7.27 T
195.2478649 52.5368324 7.82 T
195.4089966 56.9495059 7.84 T
195.6002652 59.2462227 7.87 T
195.6680638 59.7162586 6.51 T
196.0828721 53.9541699 7.55 T
196.1665043 53.8576969 7.49 T
196.4420771 47.7778774 7.37 T
196.5956005 62.0416047 6.26 T
196.6039489 57.0252327 7.57 T
197.3873987 56.8337111 7.09 T
197.4586931 62.2290841 6.51 T
197.5283800 58.0449643 7.78 T
198.2029772 51.8999186 7.33 T
198.4054907 56.7081452 6.88 T
198.9185572 54.4030932 7.78 T
199.3826393 57.8215396 7.93 T
199.5187394 50.4462716 8.00 T
199.5601343 49.6821768 5.13 T
200.2807943 47.2697104 7.08 T
200.7387220 51.6531377 7.92 T
200.7727486 47.0020905 6.90 T
200.8356644 46.1225310 7.80 T
201.2158245 54.8974357 7.62 T
201.3076974 54.9878415 4.01 T
201.4372081 56.9705596 7.38 T
201.9974015 52.7454460 6.38 T
202.0224440 58.2092272 7.98 T
202.0481265 50.5875722 6.99 T
202.1118909 59.9460006 5.46 T
202.1913836 50.7181194 6.46 T
202.2564101 47.8471714 7.10 T
202.2633919 56.2333733 7.68 T
202.3242651 53.1776962 7.55 T
202.9840383 47.2343952 7.09 T
203.3049701 47.7584773 7.59 T
203.4405609 60.2618358 7.15 T
203.6123687 49.0161569 4.68 T
204.1400749 52.6873214 7.08 T
204.1512587 51.2944349 7.50 T
204.1662637 49.4865487 6.61 T
204.3024963 52.5929720 6.91 T
204.4286950 50.7149023 6.93 T
204.5157412 50.9600153 7.95 T
204.8021129 47.8961696 7.70 T
204.8119754 51.8042408 6.63 T
204.8754804 52.9215455 5.47 T
205.0482894 53.1103162 7.65 T
205.0885173 57.2077687 6.29 T
205.0955786 50.5197854 6.39 T
205.1016832 53.1916811 7.29 T
205.1378082 46.2809750 7.59 T
205.1808580 52.7717403 7.00 T
205.1842580 54.6815600 4.83 T
205.3056644 56.7276180 7.87 T
205.6285844 55.7277489 7.04 T
205.7440613 50.0265423 7.82 T
205.9670902 60.1455326 7.17 T
205.9780631 52.0643715 6.02 T
206.0221988 54.5016910 8.00 T
206.0257761 55.6349903 7.41 T
206.0514698 59.3579428 7.98 T
206.3062218 55.8771005 6.52 T
206.6484137 54.4326780 5.67 T
207.4404589 61.4886993 6.07 T
207.5035921 54.8694056 7.81 T
207.6153557 58.5395398 6.46 T
207.7478524 53.2908039 6.93 T
207.9606382 52.8400946 7.51 T
208.4622594 53.7286364 5.69 T
208.6872728 62.3771075 7.45 T
209.3831665 61.4942195 6.61 T
210.6958216 61.6791068 7.52 T
181.4154167 62.9330556 6.13 B
183.8566667 57.0325000 3.31 B
186.2766667 63.8027778 6.32 B
187.5120833 51.5355556 6.21 B
189.0970833 59.4869444 5.50 B
190.3912500 62.7130556 6.07 B
191.8287500 62.7808333 5.89 B
193.5070833 55.9597222 1.77 B
195.1825000 56.3663889 4.93 B
200.5158333 43.9030556 6.35 B
200.9812500 54.9252778 2.27 B
200.9850000 54.9216667 3.95 B
201.5691667 46.0280556 5.88 B
203.5304167 55.3486111 5.60 B
206.3050000 55.8794444 6.50 B
