28.8329618 -60.3125105 7.23 T
28.9438492 -60.8605589 6.10 T
31.1274690 -58.3443312 7.71 T
31.1473651 -54.8818474 6.49 T
31.6188937 -55.0828111 7.13 T
31.7997299 -60.9824271 7.57 T
31.8600099 -59.6795236 7.56 T
32.0583155 -55.5261693 7.77 T
32.5645834 -61.0969757 7.99 T
32.7885732 -59.1518528 7.39 T
32.9517247 -54.0486384 7.77 T
33.9316046 -52.2062914 7.35 T
34.0114932 -52.8886624 7.19 T
34.1283760 -51.5123199 3.52 T
34.8573259 -61.9371403 7.78 T
34.9763862 -55.9446815 5.98 T
35.0658461 -56.0975422 7.80 T
35.0660992 -50.3021414 7.38 T
35.0690715 -60.6808150 7.83 T
35.0948961 -56.7841473 6.80 T
35.0959662 -46.9240932 7.83 T
35.1823741 -62.5458489 7.80 T
35.2235901 -52.9638266 7.81 T
35.3908147 -48.3122847 7.73 T
35.4876417 -49.5203463 7.47 T
35.5490093 -59.7593383 7.49 T
35.7280291 -51.0917243 5.92 T
35.8035983 -48.2724720 7.98 T
35.8500239 -56.8129988 7.79 T
35.8985046 -55.6163644 7.08 T
35.9984415 -47.9182640 7.87 T
36.0138623 -54.3615285 7.86 T
36.2237292 -60.3127623 5.40 T
36.6580770 -51.7044234 7.56 T
36.7465001 -47.7038779 4.21 T
37.0455061 -50.3025621 7.09 T
37.5652748 -57.8092966 7.03 T
37.5950926 -51.3776759 7.47 T
37.7352498 -62.5966304 7.99 T
38.3902721 -62.5865834 6.76 T
38.4213821 -48.3898341 7.99 T
38.4659286 -60.9826223 6.78 T
38.4774452 -51.0937039 6.30 T
38.8817317 -50.8535164 7.07 T
39.3524730 -52.5432138 5.33 T
39.3640020 -46.6461909 7.83 T
39.6853712 -52.9505471 7.92 T
39.7368581 -54.8373163 7.67 T
39.7822858 -52.9345032 6.81 T
39.8195621 -60.5475421 7.71 T
39.8543709 -49.1482838 7.84 T
39.9162400 -59.5674961 7.67 T
39.9361787 -59.5686804 7.69 T
40.1653998 -54.5498801 5.26 T
40.1814681 -58.1377330 7.94 T
40.3595550 -53.3199583 7.97 T
40.4030251 -56.2973284 7.23 T
40.4240646 -47.1290688 7.96 T
40.5352678 -46.5250411 6.19 T
40.6427397 -50.7989188 5.46 T
40.6742029 -49.7295683 7.67 T
41.0438165 -52.5706951 6.16 T
41.2357230 -48.6697083 7.60 T
41.3196040 -46.2870167 6.98 T
42.2184398 -46.3468381 7.80 T
42.7827227 -57.1925319 7.42 T
42.9930447 -49.8705424 7.17 T
43.0052360 -50.2120444 7.94 T
43.5269331 -50.8713561 6.39 T
43.5409638 -50.8462819 7.94 T
43.5834500 -55.8788308 6.65 T
43.8695528 -48.9329943 7.72 T
44.4036631 -55.0129551 6.78 T
44.7395635 -53.6894209 7.90 T
44.7845647 -55.5655821 6.99 T
44.8939082 -53.9084705 6.99 T
45.0331588 -47.4167666 7.52 T
45.0417372 -59.8191971 7.78 T
45.4703229 -47.5589964 7.86 T
45.7329894 -46.9750048 5.95 T
45.7332991 -60.7976895 7.26 T
45.8684308 -58.9331293 7.46 T
45.9025223 -59.7381757 5.16 T
45.9574764 -60.8407147 7.89 T
46.0342467 -47.8566493 7.41 T
46.0346118 -61.0461214 7.97 T
46.1389803 -51.3216559 7.61 T
46.1792872 -60.1966705 7.48 T
46.1946074 -52.8292305 7.91 T
46.2284024 -57.1664095 7.96 T
46.9175933 -61.7152218 7.14 T
46.9604358 -61.8550930 7.17 T
47.0348020 -61.1497199 7.32 T
47.4453160 -55.4875723 7.79 T
47.5175627 -50.8322145 7.61 T
47.6137041 -48.7343112 6.24 T
47.6636434 -57.8097875 6.72 T
47.7681554 -46.3505062 7.84 T
48.0071360 -56.4012592 7.36 T
48.1134051 -46.4906754 7.96 T
48.1383860 -57.3214643 6.05 T
48.2257570 -47.1553354 7.35 T
48.3052216 -49.3292941 7.97 T
48.5044178 -59.1115752 8.00 T
48.7180832 -50.5520680 7.63 T
48.7215431 -59.5134955 6.90 T
49.3607366 -47.7514857 5.97 T
49.4605004 -62.5712573 5.57 T
49.7282509 -57.9781987 7.55 T
50.0157440 -60.4947440 7.98 T
50.3506894 -61.4883772 7.92 T
50.3893794 -47.7767309 6.51 T
50.5387574 -46.7637950 7.04 T
50.5487511 -58.6983665 7.78 T
50.6054410 -59.7040780 7.77 T
50.7196961 -51.3120505 7.97 T
51.0981721 -57.5509938 7.55 T
51.1507757 -51.0625576 6.53 T
51.3540501 -52.3815557 7.93 T
51.8015452 -48.8629696 7.79 T
51.8204019 -61.2588434 7.95 T
52.0719340 -57.8823310 6.87 T
52.5907247 -54.8079841 7.99 T
52.6545607 -47.3750054 5.98 T
52.7192562 -62.0078285 6.85 T
52.8211651 -55.2490706 7.28 T
52.8518059 -59.8569887 7.45 T
53.0093691 -52.4742409 7.85 T
53.0233150 -49.1586520 8.00 T
53.1459346 -50.3781217 5.78 T
53.1799500 -61.3944196 7.41 T
53.1840289 -60.5738805 7.75 T
53.2158374 -61.0165769 6.54 T
53.4530662 -62.1672505 7.68 T
53.5421247 -54.5117138 7.72 T
53.6604660 -62.5571267 6.99 T
53.6793191 -54.3219563 6.89 T
53.7833467 -57.8099269 7.52 T
53.8150184 -49.4172095 7.95 T
53.9086059 -52.5565846 7.97 T
54.0015868 -61.5421110 7.69 T
54.1228079 -52.7775725 7.76 T
54.2233472 -49.9580248 7.69 T
54.4403459 -49.0055391 7.72 T
54.5219328 -57.2852801 7.59 T
54.5429979 -59.7761107 7.00 T
54.5696063 -49.3683312 7.54 T
54.9135555 -56.2344856 7.02 T
54.9275910 -52.9164461 7.17 T
55.0059099 -55.5478629 7.86 T
55.1687632 -53.7382809 7.99 T
55.4395989 -47.7755552 6.98 T
55.4556893 -48.2397080 7.73 T
55.5564501 -49.1512737 7.73 T
55.5948605 -50.7957792 7.45 T
55.7712527 -50.6399497 7.02 T
55.7880905 -61.5085713 7.47 T
55.8768114 -61.6262537 7.59 T
56.0690849 -54.4770847 7.42 T
56.1413843 -54.2737371 6.47 T
56.2105320 -48.0617627 6.60 T
57.1035620 -54.2936760 6.97 T
57.2129194 -54.9997509 7.29 T
57.3491221 -53.2434179 7.57 T
40.6395833 -50.8002778 5.41 B
41.3645833 -63.7044444 5.74 B
42.2562500 -62.8066667 5.26 B
43.0800000 -62.9097222 6.03 B
43.4704167 -49.8902778 4.00 B
43.5870833 -64.4355556 6.56 B
44.6991667 -64.0713889 4.99 B
49.4425000 -62.5752778 5.54 B
49.5537500 -62.5063889 5.24 B
