2.2179472 25.4633315 6.35 T
2.3168056 25.2810275 7.85 T
2.5229085 25.1979775 7.99 T
2.9005098 18.9108229 7.79 T
3.0063262 23.4717724 6.69 T
3.0662883 22.5567968 7.92 T
3.2894695 16.9209428 6.63 T
3.3495894 26.9873006 6.35 T
3.5380270 26.2586650 7.05 T
3.6512842 20.2067023 4.98 T
3.7332023 22.2841500 6.23 T
3.7347553 21.5419380 7.28 T
3.7941260 27.2833408 6.34 T
4.1904498 13.9167984 7.49 T
4.2294397 23.2560989 7.07 T
4.3019554 23.5975061 7.90 T
4.4597072 16.3308378 7.25 T
4.4635857 20.2269186 7.12 T
4.4845561 12.7713381 6.63 T
4.5716580 11.2060388 6.16 T
4.6042099 22.8795675 8.00 T
4.6273553 26.1401351 7.79 T
4.6651440 22.8799219 7.26 T
4.8415901 26.4539941 7.67 T
4.8479334 19.9987784 7.83 T
4.9844110 16.2507948 6.71 T
5.0601499 24.6658790 7.71 T
5.1899332 26.5138736 7.55 T
5.2094617 18.4822503 7.73 T
5.2478263 12.7716386 7.22 T
5.2919602 25.3383012 7.73 T
5.4893527 16.8765423 7.63 T
5.5711058 24.6793091 7.82 T
5.6065769 13.4826310 6.38 T
5.7522452 22.3736260 7.63 T
5.8644713 11.8365589 7.77 T
6.1590752 14.3155162 6.61 T
6.1861813 20.0706789 7.98 T
6.2964545 16.9915445 7.95 T
6.4942989 21.0242076 7.60 T
6.5152830 20.1468869 6.66 T
6.5916537 24.7348480 7.68 T
6.7697534 25.0419565 6.70 T
6.8021238 25.5783455 7.60 T
6.8617256 26.2783481 7.61 T
6.8800518 16.0255362 6.46 T
6.9934618 19.5139188 6.50 T
7.0128942 17.8932478 5.24 T
7.0320224 16.7158982 7.72 T
7.0429143 20.7959168 7.66 T
7.0530468 16.4449842 6.23 T
7.3796993 24.8804903 7.84 T
7.5765459 15.7954885 7.56 T
7.6962782 16.0375886 6.84 T
7.8760124 11.5319509 7.20 T
7.8783515 20.8294823 7.30 T
7.8806853 21.1102923 7.68 T
7.9003262 16.0206689 7.02 T
7.9222403 12.9125220 7.36 T
7.9306792 19.4818837 7.54 T
7.9632606 18.1047756 7.26 T
7.9787045 19.6429993 7.07 T
8.1328868 18.7944128 6.97 T
8.1439849 27.5806982 6.68 T
8.1487680 20.2940252 5.49 T
8.1656412 23.1935671 6.96 T
8.2328840 16.1674143 6.95 T
8.2471540 18.3949915 7.62 T
8.2619591 17.1134897 7.77 T
8.3275245 13.8409794 7.87 T
8.4147370 20.4338090 7.89 T
8.5525103 14.5158126 7.93 T
8.7302056 13.3708092 6.51 T
8.9585894 16.5687040 7.36 T
8.9775011 13.2059663 6.36 T
9.0409692 24.0254189 7.37 T
9.0838799 27.2546980 6.49 T
9.1823661 27.0523570 7.84 T
9.1971529 15.2316532 5.84 T
9.2798275 24.0138531 6.30 T
9.3244606 11.4365447 7.07 T
9.4202183 21.0996226 6.95 T
9.6889958 21.7446054 7.99 T
9.7396029 26.3236366 7.07 T
9.8377717 21.2481638 5.97 T
9.9206008 11.5321975 7.49 T
9.9817548 21.4383555 5.55 T
10.0698781 15.8247582 7.69 T
10.0828137 24.0539328 7.25 T
10.2467973 21.0203740 7.16 T
10.3817224 12.9586599 7.75 T
10.4009321 24.6289170 6.08 T
10.4255271 20.1367237 7.91 T
10.6209276 27.6428563 7.24 T
10.7195606 16.6619268 6.68 T
11.0331594 17.9295127 8.00 T
11.3034330 23.5907472 7.38 T
11.4437991 26.1730196 7.57 T
11.6234598 13.1520191 7.63 T
11.6371403 15.4752141 5.59 T
11.6871995 21.6242200 7.01 T
11.7564256 11.9736355 5.61 T
11.8074932 19.5787458 6.13 T
11.8732841 11.6423109 7.70 T
11.8915110 18.9010331 7.70 T
11.9214623 25.5345469 7.87 T
11.9382812 26.2917272 7.05 T
11.9795215 20.9254393 6.57 T
12.1866193 18.6852124 7.67 T
12.1999821 18.3140784 7.94 T
12.2446083 16.9393920 5.12 T
12.2694064 14.8092141 7.10 T
12.4709973 27.7107602 6.33 T
12.4721392 27.7103093 6.33 T
12.6345215 21.1634717 7.79 T
12.6530382 24.2165910 7.86 T
12.6606359 25.5848684 7.30 T
12.8959135 12.7846332 6.74 T
12.9042267 22.6234463 7.25 T
12.9631330 16.7167898 7.99 T
13.0974403 25.7806829 7.81 T
13.1177915 21.4095585 7.33 T
13.1203906 13.6486780 7.37 T
13.3262585 19.7663278 7.45 T
13.3675883 19.0947784 7.98 T
13.3785786 18.3938028 7.96 T
13.5022253 25.4883091 7.39 T
13.6468736 19.1883075 5.82 T
13.7429570 23.6282180 5.69 T
13.7456843 24.0991398 7.48 T
13.7788685 23.4165307 7.63 T
13.7841305 16.9098700 8.00 T
13.8113078 24.5569659 6.42 T
13.9936388 27.2094601 6.09 T
14.0379790 13.9519425 6.57 T
14.1858276 26.3400128 7.97 T
14.3013706 23.4173706 4.50 T
14.3135617 26.9995248 7.77 T
14.3751134 21.4859914 7.13 T
14.4771010 13.6958243 6.38 T
14.5786267 21.4044694 6.49 T
14.6095583 24.5219309 7.37 T
14.6184238 26.7858033 7.52 T
14.6323143 16.3136457 7.95 T
14.7628713 27.6571902 7.14 T
15.0656572 18.1985342 7.46 T
15.0883770 17.2260938 7.36 T
15.1166113 21.2491064 6.98 T
15.1241250 18.6915647 7.29 T
15.3407914 11.9128721 7.99 T
15.3575381 18.5372174 7.97 T
15.4325209 25.2921385 6.80 T
15.7097174 26.2995335 7.26 T
15.8462456 18.8529209 7.82 T
16.2086506 18.8947029 7.83 T
16.2297859 16.2421711 7.40 T
16.2723617 14.9464706 5.68 T
16.3009071 19.1977123 7.67 T
16.4210204 21.4730544 5.27 T
16.4241255 21.4653904 5.45 T
16.4859055 15.3819809 7.24 T
16.6402017 12.9562080 6.25 T
16.6525072 13.8843599 7.27 T
16.7670435 11.5520817 7.26 T
16.7799783 20.1510945 7.10 T
16.9852856 17.4120836 7.73 T
16.9886885 20.7384769 5.58 T
17.0547191 21.9767122 7.70 T
17.3110940 12.0287200 8.00 T
17.3460689 22.9100448 7.59 T
17.4130799 23.7941308 6.77 T
17.4549616 19.6584555 5.64 T
17.5478096 15.6737417 6.23 T
17.5810693 25.4570416 5.97 T
17.8636904 21.0345962 4.77 T
17.9173223 22.7219681 7.61 T
18.0792458 12.2815042 6.94 T
18.1196159 23.2555965 7.62 T
18.2874226 11.6826908 7.93 T
18.3881451 25.0058604 7.99 T
18.3908624 26.4521807 7.95 T
18.4374121 24.5835665 4.79 T
18.4387705 26.2415519 7.80 T
18.5315969 16.1333313 5.95 T
18.7007453 26.4464054 7.65 T
18.8677171 20.4143817 6.99 T
18.9725123 20.5019974 7.35 T
18.9836875 16.1899282 7.72 T
19.0209062 25.7693569 7.08 T
19.0555170 16.8273008 7.87 T
19.0678925 16.1663430 7.97 T
19.1156209 23.5893957 6.68 T
19.2103971 21.0513865 7.08 T
19.3874888 14.2425277 7.33 T
19.5961848 18.5773649 7.90 T
19.8500707 18.1374020 7.75 T
19.8668244 27.2639849 4.75 T
20.2660053 25.1577119 7.93 T
2.2600000 18.2119444 5.53 B
9.8408333 21.2505556 5.87 B
11.8345833 24.2672222 4.06 B
20.8537500 20.4688889 5.97 B
21.5637500 19.1722222 5.38 B
21.6737500 19.2402778 5.50 B
