45.0466230 43.1267184 7.72 T
45.7184043 47.1101602 6.79 T
45.8831308 38.4099403 7.13 T
45.9863500 47.8484347 6.50 T
46.0392187 38.0794667 6.86 T
46.2951665 38.8396095 3.54 T
46.3293967 41.1209630 7.26 T
46.3373061 40.5821556 6.16 T
46.3958991 44.4098000 7.60 T
46.3979364 36.7985649 6.99 T
46.4432095 43.7024578 7.05 T
46.4916759 34.0092778 7.83 T
46.6342345 33.6252071 7.82 T
46.6993676 45.7505451 7.66 T
46.9472991 47.3087143 6.39 T
47.0459950 41.5853200 7.92 T
47.1915289 35.4583520 7.80 T
47.2789244 49.6127067 4.11 T
47.3756197 44.8566204 3.89 T
47.5263033 38.3454596 7.62 T
47.8097548 45.0188463 7.55 T
47.8222020 39.6116338 4.73 T
47.9957693 46.1284526 6.98 T
48.0399547 42.3757889 6.12 T
48.0469306 46.3858141 7.23 T
48.3496175 48.1768285 6.02 T
48.4599785 49.5687191 7.16 T
48.5163440 47.8025731 7.74 T
48.5354852 40.1189244 7.03 T
48.7109659 47.1549919 7.94 T
48.7363065 42.5036637 6.18 T
48.8067061 37.2687931 7.92 T
48.8207418 36.4757997 7.67 T
49.0080862 34.6882649 6.26 T
49.2978061 40.4826604 6.83 T
49.3963667 42.6749653 7.54 T
49.4141237 46.9489002 7.52 T
49.4408242 39.2832610 5.97 T
49.4475482 44.0248775 5.46 T
49.6343036 38.4582486 7.39 T
49.6359257 44.7193882 6.97 T
49.6826384 34.2225976 4.99 T
49.8300495 39.0550897 7.29 T
49.9471308 48.6277685 7.65 T
50.3094812 48.8294616 7.84 T
50.3601263 43.3296540 4.95 T
50.3741359 45.3870436 7.42 T
50.4706180 49.0705006 5.98 T
50.5506463 42.8218066 7.37 T
50.8051730 49.2130988 5.29 T
50.8775951 41.2067512 7.83 T
50.9474169 48.6042448 6.99 T
51.1253689 49.1397433 7.87 T
51.1870720 40.7608447 7.92 T
51.2172657 47.9149602 7.65 T
51.2890365 41.2573420 6.51 T
51.3313580 40.9532514 7.21 T
51.4071385 45.5155400 7.51 T
51.4892924 49.1205786 6.05 T
51.5175129 45.2995080 7.92 T
51.5186816 49.7455991 7.16 T
51.5454579 48.3838561 7.50 T
51.7095650 47.9159516 7.73 T
51.7717600 48.2053466 6.84 T
51.9125958 49.5997603 6.92 T
51.9826345 47.7357567 7.25 T
52.0130092 49.0627068 4.96 T
52.0864383 33.8071950 5.72 T
52.1379236 43.7535476 7.24 T
52.2182404 49.8482194 5.56 T
52.2237919 49.0701211 7.47 T
52.2820621 48.3027283 7.37 T
52.3072299 45.0492925 7.60 T
52.3420645 49.5087993 4.71 T
52.3420645 49.5087993 7.34 T
52.3597280 46.9376970 6.23 T
52.4584918 47.9766443 7.66 T
52.4663292 49.2132743 7.31 T
52.6060628 42.9796775 7.66 T
52.6125110 47.0632455 7.06 T
52.6437106 47.9953183 4.49 T
52.6541966 48.1034514 5.81 T
52.6886807 42.2023169 6.95 T
52.7884033 39.1475484 7.35 T
52.8153896 41.7264303 7.34 T
52.8720984 49.2097483 6.28 T
52.8764256 40.7596795 6.52 T
52.8882746 47.8622576 6.76 T
52.9543174 49.4010780 6.42 T
52.9750280 48.7349681 6.61 T
53.0360540 48.0233283 5.44 T
53.0392690 42.7492731 7.28 T
53.0735351 40.9206555 6.71 T
53.1089334 46.0563900 5.34 T
53.1623802 44.8557291 6.41 T
53.1666784 35.4617453 5.88 T
53.1673472 35.6589277 7.35 T
53.3384491 47.9499366 6.63 T
53.3961178 39.8992031 5.79 T
53.4132405 38.0133453 7.23 T
53.5542337 48.6173023 7.38 T
53.7761847 38.5854882 7.04 T
53.7994931 38.0151072 7.62 T
53.9938993 47.0908770 6.87 T
53.9983063 34.9238621 7.64 T
54.1225881 48.1924491 4.29 T
54.2289513 35.0520268 7.49 T
54.3470325 40.0896775 7.01 T
54.5009252 42.5827112 6.39 T
54.5543120 49.0829943 7.18 T
54.5651082 47.5768101 7.44 T
54.5788126 44.8015457 7.21 T
54.5947847 44.8003519 7.53 T
54.6123445 49.2055663 6.87 T
54.7366725 42.5374654 6.80 T
55.2335219 41.1893496 7.21 T
55.2829447 37.5800090 5.53 T
55.4308300 37.5869878 7.79 T
55.5943869 33.9649970 4.96 T
55.8500839 34.1162248 7.53 T
56.1313354 36.4598610 5.60 T
56.1704294 46.0996695 6.13 T
56.2983315 42.5785682 3.81 T
56.3650232 47.6601770 7.16 T
56.3796571 42.0067390 6.88 T
56.4719987 45.5997576 7.58 T
56.4970996 45.6817924 5.64 T
56.8174199 44.0735305 7.05 T
56.9694519 33.5997848 6.68 T
57.0940029 42.8809763 7.39 T
57.2837560 43.9632404 5.99 T
57.5150965 37.8735697 6.63 T
57.5180679 44.9677044 5.74 T
57.5555869 34.8196085 6.80 T
57.7137275 35.0997507 7.83 T
57.9738557 34.3591085 5.76 T
58.0790175 34.2220882 7.43 T
58.4115999 48.6503067 5.86 T
58.8536080 49.0405769 6.91 T
58.9925749 47.8712762 5.37 T
59.1195594 35.0808849 5.48 T
59.3177216 41.8805403 6.90 T
59.3576756 43.3161046 7.35 T
59.3969963 36.4906360 7.02 T
59.5132754 34.8137778 6.56 T
59.6218559 38.8399923 6.43 T
59.7412626 35.7910454 4.03 T
59.9165284 38.8203895 6.60 T
59.9363053 48.1511587 7.78 T
60.0434949 40.0137356 6.90 T
60.3117368 36.9894576 6.39 T
60.3199906 40.0942307 7.24 T
60.4439240 39.9894105 7.44 T
60.7951558 38.0547996 7.84 T
60.8421496 48.8407417 7.02 T
60.9960715 43.9887323 7.73 T
61.0981188 38.7961406 7.52 T
61.4005434 34.2387832 6.69 T
61.5093367 46.9252393 6.79 T
62.0547096 43.1910136 6.55 T
62.0633463 37.7262614 6.17 T
62.1538975 38.0384653 5.57 T
62.2275486 46.2275366 7.35 T
62.2366232 41.5039967 6.99 T
62.5886725 39.2255524 7.06 T
62.7458806 33.5866882 5.89 T
62.8623736 40.9131178 7.28 T
63.0160351 35.3595398 7.59 T
63.4983401 37.9671767 6.58 T
63.5291280 38.4692714 7.46 T
63.7169020 37.5426485 6.41 T
63.7222134 40.4834756 4.80 T
63.7244779 48.4092156 4.24 T
63.7430180 36.5018064 7.55 T
63.8087632 44.7677151 7.25 T
64.0443934 34.8686940 7.62 T
64.1875900 46.7780786 7.83 T
64.3323988 46.2176521 7.12 T
64.5049542 43.6842684 7.79 T
64.5340030 42.1409142 6.19 T
64.6290204 43.7268878 7.45 T
64.8043782 42.3808315 7.02 T
64.8057536 50.0483124 5.48 T
64.8757408 37.9982820 7.22 T
65.0602635 41.8078831 6.06 T
65.1024767 34.5666761 5.03 T
65.2215663 45.4640483 7.68 T
65.3883879 46.4986784 4.80 T
65.4391594 50.0351045 7.44 T
65.5008321 39.9332236 7.10 T
65.8994276 42.4276613 6.25 T
66.1036596 34.3145843 7.30 T
66.1151156 41.7298337 7.12 T
66.1216440 34.1305484 5.71 T
66.1564154 33.9592423 5.84 T
66.3713937 46.1436856 7.45 T
66.5199631 42.2193729 7.66 T
66.8536894 46.8512636 6.80 T
66.9780530 43.3309791 7.74 T
67.2581049 42.7155598 7.41 T
47.0420833 40.9555556 2.12 B
49.0195833 45.3458333 6.16 B
55.7312500 47.7875000 3.01 B
56.0266667 48.5236111 6.06 B
56.0795833 32.2883333 3.83 B
57.0762500 50.7366667 6.14 B
56.9537500 32.1950000 6.25 B
57.3858333 33.0913889 5.11 B
59.1520833 50.6952778 5.28 B
59.4633333 40.0102778 2.89 B
61.6458333 50.3513889 4.29 B
62.1654167 47.7125000 4.04 B
62.1525000 38.0397222 5.51 B
