157.5128867 -43.1297406 7.50 T
157.7384140 -44.3678263 6.94 T
157.8053290 -42.2294134 7.34 T
157.9327268 -44.4848198 7.19 T
157.9859138 -45.0697213 5.97 T
157.9891831 -45.0666414 5.64 T
158.1399139 -44.6186325 6.00 T
158.2367096 -47.0033083 5.15 T
158.2376181 -39.9307281 7.88 T
158.3798744 -40.2386128 6.78 T
158.3848202 -46.9758718 7.09 T
158.5705717 -37.3867517 6.92 T
158.7672820 -45.8947692 7.55 T
158.7929838 -43.6643879 6.21 T
158.8646426 -37.3613353 7.16 T
158.9650486 -49.2310253 6.96 T
158.9763199 -47.4822683 7.92 T
159.0723065 -47.8496938 7.39 T
159.0909391 -47.9102556 7.65 T
159.3151295 -47.8882082 7.74 T
159.3458516 -43.5232767 7.21 T
159.4251572 -35.7200574 7.00 T
159.7001689 -40.6723041 7.60 T
159.7094673 -42.7535195 6.19 T
159.7310964 -46.6566067 7.80 T
159.8173999 -36.6770460 6.79 T
159.8316482 -37.4405493 7.85 T
160.0595874 -45.0549148 7.62 T
160.0619589 -47.1602008 6.97 T
160.2145473 -35.7416817 6.49 T
160.3762236 -35.7311504 6.81 T
160.4190210 -45.7683301 7.47 T
160.4823605 -40.6912260 7.50 T
160.6102477 -33.6556254 7.73 T
160.9012090 -39.0583639 7.10 T
161.0294836 -48.8966601 7.23 T
161.1648863 -36.9307500 6.74 T
161.3607088 -37.3922889 7.69 T
161.4264792 -41.4974224 7.66 T
161.4604325 -40.9733477 6.94 T
161.6127540 -42.6433392 7.03 T
161.6547538 -43.1930208 6.31 T
161.6932022 -49.4205791 2.81 T
161.6932022 -49.4205791 5.64 T
161.7290653 -44.2779460 7.97 T
161.8595107 -37.5237192 7.89 T
162.1214696 -44.3785368 7.86 T
162.1444627 -48.3502738 7.09 T
162.1720850 -47.7496910 6.61 T
162.2861640 -46.7782415 7.78 T
162.3375440 -39.1702168 7.17 T
162.3653317 -44.2848317 7.97 T
162.4804454 -35.8045087 7.34 T
162.4872888 -34.0581427 5.60 T
162.9730068 -49.1578758 6.61 T
163.1386892 -46.2171944 7.79 T
163.2553414 -35.4890618 6.77 T
163.4834515 -36.4568409 6.78 T
163.6475330 -38.7544112 7.01 T
163.7538539 -42.2511076 6.07 T
163.8629336 -43.0204744 6.41 T
164.1799688 -37.1385547 4.71 T
164.2965570 -44.8097158 7.41 T
164.4956158 -42.0394598 7.09 T
164.7675698 -34.8761136 7.84 T
164.8072754 -33.7379388 5.77 T
164.9453046 -35.1431039 7.55 T
164.9968625 -43.8070468 5.79 T
165.0388103 -42.2258136 4.38 T
165.0650897 -46.6014800 7.75 T
165.0671244 -43.2515832 7.62 T
165.2111342 -40.4980730 6.83 T
165.5485209 -42.4978652 7.76 T
165.5503547 -48.7984102 7.74 T
166.0303302 -40.3086501 7.46 T
166.0691527 -36.7214326 7.14 T
166.1289438 -47.6788971 5.70 T
166.1797703 -46.0991851 7.94 T
166.2256715 -35.8046470 5.42 T
166.2427664 -48.1971055 7.29 T
166.2667633 -49.3922252 6.10 T
166.4183270 -43.1184950 7.39 T
166.4403064 -47.4423128 6.82 T
166.4674326 -41.9069888 7.84 T
166.5830289 -44.3738530 7.31 T
166.8188022 -42.6384084 5.24 T
166.8188022 -42.6384084 7.72 T
167.1644294 -39.4721951 7.12 T
167.4320599 -43.3327725 7.67 T
167.6627389 -49.6532036 7.49 T
167.7584735 -36.2256572 7.60 T
167.8644933 -43.4599479 7.62 T
168.0420455 -46.2666928 6.29 T
168.1367750 -49.1007809 5.39 T
168.1454139 -46.9663903 7.60 T
168.1515790 -35.4027680 7.75 T
168.2361118 -49.7360343 6.23 T
168.3111534 -44.3722138 5.96 T
168.6343931 -42.8531668 7.33 T
168.7856956 -39.4769936 6.88 T
168.8724630 -44.3953376 7.71 T
168.8762306 -42.6122956 7.50 T
168.9528218 -39.3223311 7.42 T
168.9734927 -47.9209170 6.54 T
169.0317815 -41.0216732 7.01 T
169.0822142 -34.6678699 6.81 T
169.1143561 -45.8795539 6.96 T
169.1143561 -45.8795539 7.27 T
169.2931374 -41.3902834 6.88 T
169.2994607 -38.0143023 6.25 T
169.3092219 -41.9343819 6.45 T
169.4116114 -34.7372868 6.47 T
169.4139577 -33.5492113 6.90 T
169.4278866 -36.5340441 6.77 T
169.5821813 -48.7873249 7.31 T
169.7946833 -40.4998474 7.38 T
170.1249103 -45.7289407 6.94 T
170.1770697 -35.7200072 7.64 T
170.2856743 -35.5237752 7.43 T
170.4186658 -48.7729577 7.33 T
170.5892365 -39.1049311 7.33 T
170.5959221 -44.6461122 6.21 T
170.7005844 -36.2424605 7.43 T
170.8026686 -36.1647811 5.16 T
170.9478290 -36.0892013 6.98 T
171.0918161 -42.6691039 6.09 T
171.1290593 -34.2862672 7.61 T
171.3585573 -43.4474634 7.74 T
171.3718867 -36.0629542 5.33 T
171.3875614 -37.7476423 6.09 T
171.5948634 -43.5634318 7.10 T
171.6762684 -38.1580936 7.85 T
171.8721640 -39.8765561 7.33 T
172.0351674 -37.0857714 7.62 T
172.1458243 -42.6741719 5.13 T
172.1467914 -42.6777068 7.38 T
172.4255827 -38.4568585 6.84 T
172.7350760 -41.9263155 7.20 T
172.8822209 -46.0942377 7.92 T
173.1432047 -47.0596562 7.77 T
173.1997354 -40.4358409 5.83 T
173.2127219 -36.2093763 6.75 T
173.4041923 -40.5864521 5.52 T
173.5667056 -41.1547384 7.38 T
173.7352557 -49.1353652 5.62 T
173.8045314 -47.3726189 5.88 T
173.8085474 -35.6120363 6.89 T
173.9819176 -47.6419441 5.28 T
174.1458396 -33.5702326 6.01 T
174.1475555 -36.1212996 6.82 T
174.1544687 -34.6457020 7.63 T
174.1694682 -37.2371595 6.29 T
174.2415317 -38.9595625 6.94 T
174.3713380 -36.7268197 7.58 T
174.3817074 -47.3047165 7.84 T
174.3910124 -47.7471569 5.59 T
174.5450927 -45.7495508 7.18 T
174.5867416 -33.6056539 7.27 T
174.6682168 -39.2480527 7.79 T
174.6955141 -40.3031914 7.05 T
174.9431877 -45.9782967 7.79 T
174.9933267 -38.1084819 6.74 T
175.0529539 -34.7446747 4.67 T
175.0566263 -39.1467134 7.56 T
175.1604829 -49.5092192 7.84 T
175.3317519 -43.0956343 5.54 T
175.3433546 -35.6037355 7.11 T
175.3607045 -41.0190420 6.93 T
175.4986922 -45.6490966 7.98 T
175.8631277 -37.1903015 6.14 T
175.9482093 -38.9201213 7.68 T
176.3024502 -49.0697693 6.40 T
176.4328375 -45.6901085 5.25 T
176.5925765 -34.7537792 7.70 T
176.6168985 -40.4978394 4.96 T
176.7796967 -35.9070572 6.25 T
176.7951597 -35.3969481 7.66 T
177.0150473 -35.2257554 7.19 T
177.0579967 -49.9941992 7.92 T
177.3655126 -46.0675644 7.21 T
177.6071830 -46.4692726 7.70 T
177.7855626 -45.1735221 4.61 T
177.7966925 -36.9358042 7.82 T
177.8044575 -43.9331177 6.59 T
177.9456492 -41.2471589 7.40 T
178.0170036 -49.4011279 6.97 T
178.2267734 -33.9081070 4.34 T
178.2385305 -41.7806575 7.71 T
178.3202336 -36.5775907 6.66 T
178.3610943 -35.0668207 6.18 T
178.5427049 -35.9922462 7.57 T
178.6050594 -37.7485914 6.53 T
178.9787222 -39.6896175 6.24 T
179.1818051 -47.0722404 6.30 T
179.3333216 -49.3601856 6.73 T
179.5638300 -47.9776277 6.82 T
179.5840232 -40.9471638 6.99 T
179.7942325 -45.8322971 6.33 T
179.8675809 -49.1403216 7.36 T
179.8973908 -46.6332013 6.71 T
166.7850000 -32.5872222 6.59 B
167.4725000 -32.3675000 5.81 B
168.0616667 -32.4338889 6.38 B
168.7250000 -43.7341667 6.21 B
169.4133333 -34.7372222 6.45 B
171.9937500 -35.3286111 6.45 B
173.7366667 -49.1366667 5.50 B
176.6295833 -40.5005556 4.91 B
179.7954167 -51.6966667 6.05 B
