0.0667819 8.0072298 7.68 T
0.0748842 13.3122777 7.60 T
0.0980740 2.6754907 7.79 T
0.1037118 12.2672272 7.80 T
0.3465891 6.7914238 7.25 T
0.6006788 8.9568026 6.35 T
0.6231612 8.4851654 5.73 T
0.6349146 16.2565910 7.24 T
0.6969597 2.1295424 7.40 T
0.8058516 17.5519384 6.71 T
0.8770376 12.3568084 7.47 T
0.9169515 3.9069020 7.93 T
0.9842582 14.3787318 7.12 T
1.0011489 12.1456390 7.28 T
1.1719930 14.9649787 7.42 T
1.3425194 3.6060609 7.02 T
1.4250938 13.3962262 5.64 T
1.5044330 16.4520658 7.96 T
1.5336071 9.7148516 7.85 T
1.7670242 6.8754001 7.46 T
1.8265454 7.7035640 7.75 T
2.1078013 6.6167825 7.66 T
2.1912592 14.1417657 7.95 T
2.2031534 8.0221637 7.47 T
2.3310351 17.5331040 7.13 T
2.4792227 4.8325655 7.90 T
2.5093713 11.1458452 5.52 T
2.6695953 2.0556436 7.56 T
2.7735769 4.1330712 7.55 T
2.8152393 7.9480873 7.81 T
2.9478193 9.1398464 7.55 T
3.2894695 16.9209428 6.63 T
3.3308750 8.9298297 7.74 T
3.4411958 8.1935364 7.45 T
3.4480658 1.3834850 6.92 T
3.7458072 8.8207960 6.05 T
3.7475612 8.8181905 7.51 T
3.9111808 5.8438348 7.10 T
3.9888819 4.2510311 7.12 T
4.0228664 8.1153936 7.63 T
4.1416724 8.2400473 6.22 T
4.1642870 1.8506840 7.22 T
4.1903423 10.2448314 6.72 T
4.1904498 13.9167984 7.49 T
4.2573945 10.3889264 7.55 T
4.4493075 1.6887849 6.28 T
4.4597072 16.3308378 7.25 T
4.4703843 7.8659873 7.55 T
4.4845561 12.7713381 6.63 T
4.5326758 3.7967828 7.23 T
4.5716580 11.2060388 6.16 T
4.9844110 16.2507948 6.71 T
4.9879178 1.5825954 7.74 T
5.0210893 6.2927230 6.97 T
5.0398027 3.0334773 7.75 T
5.0900417 4.7789720 7.79 T
5.1264111 10.9176165 7.14 T
5.1493989 8.1903332 5.53 T
5.2272127 10.9767102 6.73 T
5.2478263 12.7716386 7.22 T
5.4893527 16.8765423 7.63 T
5.6065769 13.4826310 6.38 T
5.8644713 11.8365589 7.77 T
5.9106423 2.7429921 7.80 T
6.0726096 1.5554882 7.85 T
6.1590752 14.3155162 6.61 T
6.2964545 16.9915445 7.95 T
6.3507713 1.9396032 5.86 T
6.4248807 7.6908378 6.92 T
6.5688449 3.8257672 6.87 T
6.5761041 6.0943435 7.90 T
6.7183195 9.3199398 8.00 T
6.8343566 2.8140771 7.28 T
6.8800518 16.0255362 6.46 T
7.0320224 16.7158982 7.72 T
7.0530468 16.4449842 6.23 T
7.0837834 10.1885673 6.08 T
7.2130566 8.3837511 7.85 T
7.3838257 10.3873003 7.43 T
7.4618115 9.6976688 8.00 T
7.5765459 15.7954885 7.56 T
7.6962782 16.0375886 6.84 T
7.9003262 16.0206689 7.02 T
352.2592407 16.0125503 7.11 T
352.5561671 5.0129545 7.39 T
352.6320647 16.5630932 7.55 T
352.6697676 5.2493842 7.77 T
352.7781541 2.3630451 7.21 T
352.8373861 9.7617224 7.93 T
353.0527753 7.0845579 6.86 T
353.1031341 17.4040816 7.23 T
353.1489078 10.9778641 7.98 T
353.2962041 4.3421764 7.82 T
353.3462390 4.6392165 7.48 T
353.3966670 17.8189806 6.88 T
353.5865816 12.3670553 7.99 T
353.6055890 5.4705434 6.95 T
353.7737331 16.4792429 7.91 T
353.7952926 12.6617046 6.96 T
353.8166014 10.9584352 7.29 T
353.8616912 8.5196236 6.92 T
353.9010396 8.3823485 7.39 T
353.9067210 14.5936525 7.48 T
354.0243508 3.1507219 7.91 T
354.0627537 6.8606678 7.65 T
354.0963724 2.1026075 5.72 T
354.2434081 11.0150606 7.96 T
354.4164505 16.8254762 6.25 T
354.4550475 3.3700561 7.34 T
354.7228229 12.1944394 7.60 T
354.7933124 6.2010962 7.85 T
354.9798926 9.6772222 5.99 T
354.9900343 5.6235638 4.18 T
355.0091847 14.8105473 7.95 T
355.0755896 4.8066497 7.65 T
355.2982885 6.2627355 7.80 T
355.3260432 2.4674699 7.61 T
355.4860278 7.2503011 5.90 T
355.5108848 1.7790714 4.51 T
355.6833482 16.3357942 6.40 T
355.7046155 9.8853359 7.82 T
355.8431873 10.3316056 5.28 T
355.9958586 17.5115177 7.76 T
356.2040794 7.1917337 6.99 T
356.2680978 2.0914116 7.75 T
356.3002106 15.0434194 7.73 T
356.3409658 10.1797974 6.56 T
356.4048009 13.1525162 7.16 T
356.5761428 9.7839343 7.54 T
356.5977673 3.4866529 5.31 T
356.7180774 17.5290365 7.95 T
356.8837248 16.9374369 7.97 T
356.9366504 4.2298997 7.59 T
356.9705408 4.1752719 7.73 T
357.0507255 8.2454299 6.68 T
357.0600807 7.1629943 7.00 T
357.2057563 2.2141921 6.51 T
357.5593260 17.6461491 7.84 T
357.6260187 17.6112434 7.44 T
357.7783641 2.2378586 7.06 T
357.8384801 9.3129427 5.98 T
357.9172249 4.6980577 6.98 T
357.9733658 4.7453944 6.79 T
357.9910836 2.9303000 5.74 T
358.1544069 10.9473142 5.33 T
358.2447181 11.9252370 7.91 T
358.2500389 11.9240639 7.27 T
358.2699398 2.0905522 6.28 T
358.4845860 12.0008146 7.98 T
358.5219991 4.8709046 7.85 T
358.5815327 3.6775195 7.41 T
358.6060288 2.4635977 7.97 T
358.7186679 6.1070586 7.46 T
358.7502497 8.3894752 7.94 T
358.7826149 7.0708551 6.20 T
358.8837760 3.4996025 7.81 T
358.9072289 8.2232228 6.82 T
358.9783512 15.2302475 6.67 T
359.0816011 10.0121972 7.38 T
359.1974526 4.7251581 6.90 T
359.2607687 3.0261189 7.40 T
359.2737480 3.0709442 7.71 T
359.3099441 15.6098598 7.58 T
359.3508315 3.0097366 7.66 T
359.4426633 11.4743238 6.65 T
359.8288039 6.8626136 4.06 T
359.9493043 11.2734468 6.75 T
359.9637324 11.6737424 7.19 T
359.9762445 5.9563266 7.71 T
7.5360665 4.8602021 6.56 T
7.7660006 9.3051767 7.78 T
7.8760124 11.5319509 7.20 T
7.9055553 9.1611661 7.14 T
7.9222403 12.9125220 7.36 T
8.0992615 6.9554914 5.68 T
8.2328840 16.1674143 6.95 T
8.2619591 17.1134897 7.77 T
8.3275245 13.8409794 7.87 T
351.8273348 8.0671136 7.17 T
351.9317441 1.8870509 7.77 T
351.9912878 6.3787167 4.39 T
352.0688453 6.0743724 7.43 T
352.1326718 9.4271268 7.46 T
352.2891418 12.7607116 4.64 T
3.3091667 15.1836111 2.83 B
354.9875000 5.6263889 4.13 B
