250.0240214 -26.0606845 7.73 T
250.1439299 -20.4084733 6.37 T
250.3280527 -18.0596736 6.69 T
250.3931216 -17.7421736 5.04 T
250.4003646 -24.4680236 6.09 T
250.4738867 -19.9240819 5.61 T
250.9070596 -20.6968242 7.87 T
250.9152457 -22.7366461 7.59 T
250.9641774 -26.8095732 6.79 T
251.0200624 -18.5412629 7.66 T
251.0724036 -27.4563185 6.58 T
251.0734658 -22.5237109 7.59 T
251.2859848 -23.1842092 7.03 T
251.3757431 -19.1369322 6.89 T
251.4517980 -26.6496067 7.03 T
251.7139106 -25.5286660 6.85 T
251.7380298 -20.1048370 7.88 T
251.9437879 -23.9744381 7.99 T
252.0081796 -15.9645302 7.48 T
252.0575535 -24.5267288 7.31 T
252.0625292 -15.3607002 7.90 T
252.1123257 -14.9094894 6.05 T
252.1172969 -16.3362329 7.70 T
252.3652923 -15.6678922 6.22 T
252.3964100 -25.0718037 7.69 T
252.4351247 -24.6409067 6.75 T
252.5445405 -26.7427165 7.50 T
252.7311158 -16.5470091 7.10 T
252.8400080 -24.8342373 7.73 T
252.9659120 -26.8740004 7.57 T
253.0196194 -14.8031741 7.78 T
253.0670517 -25.6006994 6.92 T
253.3548339 -20.4157512 5.94 T
253.4871109 -17.9766091 7.85 T
253.5855627 -25.8296278 7.26 T
253.6677130 -11.7925392 6.58 T
253.7116863 -23.5125966 6.86 T
253.7765776 -18.8841507 7.78 T
253.8023235 -11.3059931 7.84 T
253.8855349 -21.5695032 6.68 T
253.9348667 -25.5339557 7.59 T
254.0082259 -16.8060781 6.44 T
254.1999620 -23.1502957 6.25 T
254.1999620 -23.1502957 6.32 T
254.2666837 -19.5398623 6.59 T
254.4745449 -27.6111362 7.89 T
254.5099726 -12.0847725 7.91 T
254.5395821 -14.3724889 7.36 T
254.5696057 -26.0589394 7.62 T
254.6731618 -14.8698484 6.51 T
254.9344695 -18.2492220 6.70 T
254.9904600 -25.0922952 6.08 T
255.0400282 -24.9894145 5.78 T
255.1236908 -21.4621865 7.46 T
255.2946848 -13.5690965 7.19 T
255.3119631 -20.4367307 7.36 T
255.3302512 -27.2512138 7.71 T
255.4633540 -18.8856458 6.44 T
255.5090947 -20.5954581 7.74 T
255.7688086 -27.0977543 7.52 T
255.8398765 -23.1517018 7.71 T
255.8751920 -24.2414994 7.42 T
255.9896758 -20.4733522 7.91 T
256.0033482 -25.6981437 6.63 T
256.0086089 -27.2154328 7.78 T
256.1154013 -24.2403205 7.40 T
256.1159167 -23.3906500 7.20 T
256.1225540 -17.4929852 7.31 T
256.1228344 -12.6766783 7.08 T
256.1812264 -25.6459104 6.63 T
256.1888288 -20.4948553 6.28 T
256.2012266 -17.9576195 7.87 T
256.3762310 -22.0728343 7.08 T
256.4259692 -21.2821581 7.20 T
256.4514804 -18.1161826 7.89 T
256.5229036 -26.5805603 7.51 T
256.5490978 -21.5650578 6.30 T
256.5922353 -12.4109355 8.00 T
256.7217382 -26.5131009 6.24 T
256.8626191 -19.2871560 7.77 T
256.9841849 -24.9981499 7.29 T
257.0619134 -17.6092770 6.09 T
257.1039927 -12.0333642 7.77 T
257.1353584 -20.2176004 7.81 T
257.2013123 -13.1270590 7.75 T
257.2555835 -16.9037279 7.74 T
257.4884952 -20.6802269 7.70 T
257.5622388 -19.4362627 6.92 T
257.6806919 -12.7014906 6.73 T
257.7558464 -16.6350254 7.44 T
257.7681252 -20.6554337 6.93 T
257.8415739 -20.4248293 7.43 T
257.8731193 -16.4919131 7.54 T
257.9942116 -14.6206305 7.34 T
258.0049347 -25.6818086 7.85 T
258.0452389 -27.0428682 6.92 T
258.0566725 -25.2554548 6.49 T
258.0638578 -17.2466954 7.58 T
258.0977249 -22.9252517 7.91 T
258.1458644 -15.1636663 7.97 T
258.1649153 -21.6060570 7.08 T
258.4028424 -15.5604698 6.73 T
258.5593931 -26.9848404 6.68 T
258.5706023 -15.6091375 7.78 T
258.8051613 -26.5304042 7.80 T
258.8344372 -14.5842165 6.13 T
258.9059152 -17.2275786 7.78 T
258.9984507 -16.1962293 7.75 T
259.0523194 -26.5531663 6.46 T
259.0661132 -15.2236749 6.79 T
259.0990850 -21.8589925 7.61 T
259.1154887 -25.3055093 7.29 T
259.1842526 -17.9148725 7.50 T
259.2509500 -13.1010883 7.76 T
259.4147410 -26.6293029 6.93 T
259.5021546 -24.2845165 6.64 T
259.5303904 -24.0734823 6.66 T
259.5749262 -15.7991785 7.34 T
259.5803233 -16.3118013 6.49 T
259.6635063 -16.0298125 7.63 T
259.7414974 -15.2208154 7.89 T
259.9723436 -17.7566913 6.34 T
260.1277454 -26.5498019 7.19 T
260.1420612 -19.3346405 6.56 T
260.2071847 -12.8468769 4.33 T
260.2514988 -13.0857299 7.71 T
260.2734321 -27.4178430 7.53 T
260.2979985 -12.0578673 7.74 T
260.3582128 -26.5013738 7.55 T
260.4229405 -24.9063280 6.52 T
260.4648743 -20.5694128 7.23 T
260.6440344 -19.6170450 7.95 T
260.7361386 -20.2152292 7.99 T
260.7904133 -25.0975191 7.29 T
260.8045406 -23.0096629 7.41 T
260.9010617 -16.0383896 6.70 T
261.0146178 -23.8444368 6.79 T
261.1544310 -18.4458127 6.34 T
261.1750221 -21.4416459 5.93 T
261.2761454 -24.2436077 6.29 T
261.5243936 -27.5998864 7.51 T
261.5925600 -24.1760407 4.19 T
261.6776295 -21.4695458 7.45 T
261.7116141 -26.3318387 7.49 T
261.7303309 -25.9436423 6.40 T
261.7592140 -12.5128862 6.26 T
261.7911382 -15.8534061 6.61 T
262.0674967 -20.9635215 7.99 T
262.1615903 -25.5108951 7.15 T
262.2806144 -14.0807347 7.99 T
262.3733812 -16.0345853 7.74 T
262.4930660 -17.8150880 7.75 T
262.6178757 -15.6373576 7.71 T
262.7064719 -23.8416796 7.41 T
262.8539894 -23.9628040 4.79 T
262.9348659 -26.2698683 6.04 T
263.2003671 -11.2593740 7.97 T
263.2111928 -13.4821723 7.26 T
263.2457704 -17.4958443 6.93 T
263.3624522 -18.3399071 7.81 T
263.4953780 -17.8363688 7.97 T
263.5097998 -23.0318854 7.42 T
263.6390606 -18.2208869 7.16 T
263.6931495 -11.2419852 5.54 T
263.7809218 -13.6380520 6.88 T
263.8270667 -22.0438780 6.48 T
263.8912075 -24.6288091 7.76 T
263.9326125 -14.6438308 7.76 T
264.0550875 -17.8643539 7.57 T
264.2560881 -18.9924858 7.57 T
264.3051153 -14.0012192 7.97 T
264.3964128 -15.3989359 3.55 T
264.4008405 -15.5710435 5.98 T
264.6867097 -21.9127370 6.29 T
264.7747779 -26.9380440 7.78 T
264.8670832 -11.2670167 7.95 T
264.8760238 -13.6497069 7.60 T
265.2079057 -23.8361428 7.96 T
265.3531730 -12.8756501 4.24 T
265.4399722 -13.3151577 7.79 T
265.5838863 -23.3489659 7.75 T
265.6677646 -15.5592694 7.02 T
265.9512363 -13.5093810 6.41 T
266.0370976 -17.7442822 7.60 T
266.0699104 -17.4368481 7.39 T
266.0743653 -23.6790676 7.36 T
266.0819261 -16.8650847 7.55 T
266.1000548 -22.1949799 6.62 T
266.5065885 -26.9723213 7.51 T
266.6741795 -23.6847860 7.95 T
266.8629452 -18.1071428 7.58 T
266.8808119 -20.8373966 7.23 T
266.9031051 -14.7259339 5.92 T
266.9400091 -22.4778506 6.36 T
267.0939581 -23.2326572 7.91 T
267.1159782 -26.9749910 6.32 T
267.3359459 -23.3694210 7.86 T
267.3983439 -20.0068536 7.61 T
267.4890016 -24.2072717 7.14 T
267.5879801 -27.0619444 6.98 T
257.5945833 -15.7247222 2.43 B
258.1041667 -27.7619444 6.14 B
258.8375000 -26.6027778 5.11 B
259.5029167 -24.2869444 5.20 B
260.1425000 -19.3327778 6.52 B
260.2508333 -21.1127778 4.39 B
260.5025000 -24.9994444 3.27 B
265.8575000 -21.6833333 4.87 B
268.9791667 -18.8022222 6.52 B
