149.1557705 14.7234122 7.46 T
149.3903016 16.4590228 7.43 T
149.5319090 8.3138053 6.19 T
149.5484994 15.2212412 7.56 T
149.5555742 12.4446993 5.25 T
149.6640798 10.9606149 7.47 T
149.6873246 6.1145358 7.41 T
149.6903198 10.4587995 7.30 T
149.7032933 4.8083094 7.39 T
149.9257545 5.2215583 7.74 T
149.9290882 3.3849480 6.73 T
150.0531657 8.0440909 4.86 T
150.0541139 6.2507014 7.70 T
150.1316460 15.8639884 7.87 T
150.3362956 15.6706387 7.77 T
150.4827816 12.2457810 7.89 T
150.6241202 14.5557230 8.00 T
150.8882887 9.8989117 7.18 T
150.9117698 3.9721773 7.33 T
151.0346715 3.2004651 6.48 T
151.0349279 11.6285432 7.16 T
151.1100703 13.5950059 7.96 T
151.1979345 5.0040293 7.42 T
151.2688084 7.9909345 7.37 T
151.4199404 15.7573510 6.41 T
151.6552360 12.7819584 7.39 T
151.6973943 5.6113914 6.29 T
151.9136061 15.1568954 7.22 T
151.9756092 9.9971013 4.53 T
152.3118806 6.1708898 6.73 T
152.3463530 2.3710352 7.63 T
152.3809354 9.5931319 7.29 T
152.6781785 15.7040402 8.00 T
152.7751282 5.2523805 7.37 T
152.7967527 6.1681056 7.78 T
152.8972861 12.0363831 7.98 T
152.9094547 13.3548967 6.48 T
153.0784783 17.2977397 7.94 T
153.2012113 4.6146564 5.91 T
153.3048586 3.0725495 7.43 T
153.3750585 9.1859869 7.54 T
153.5361714 3.1487889 7.81 T
153.6326340 16.1382850 7.25 T
153.6808062 5.7493282 7.92 T
153.7397856 9.2109659 8.00 T
153.7900828 11.6742047 7.34 T
154.0668080 17.7401825 7.25 T
154.0668080 17.7401825 7.46 T
154.1695997 13.7282309 5.61 T
154.2148997 1.7978204 7.70 T
154.5869552 12.6208636 7.08 T
154.7391824 17.7057641 6.84 T
154.8414278 9.2129192 7.89 T
154.8671267 9.9202301 7.91 T
155.1101673 11.3528192 7.84 T
155.1345087 6.4295619 7.99 T
155.2582948 2.2897213 6.63 T
155.4593947 14.9757082 6.16 T
155.4699210 10.6997060 7.80 T
155.5396636 11.3082172 7.87 T
155.5588938 8.9643001 6.83 T
155.6187576 17.5137112 7.80 T
155.6809121 15.3437328 7.38 T
155.7517654 6.5420304 6.20 T
155.8093768 5.6938045 6.57 T
155.9303664 2.6177874 7.94 T
156.0551798 2.3678791 6.42 T
156.0811375 10.5877738 6.92 T
156.1050277 2.3931324 6.72 T
156.3133857 8.7846100 5.80 T
156.3599246 11.1566625 7.61 T
156.3961896 8.7764511 7.76 T
156.4942583 2.9291975 6.99 T
156.5383587 3.9325343 6.68 T
156.6110343 10.5026080 7.32 T
156.6881769 13.6263206 7.49 T
156.7206293 17.2189590 7.49 T
156.8007269 11.3171940 6.72 T
156.8204469 12.4450060 7.94 T
156.8554326 7.2163538 7.92 T
156.8750740 3.5633867 7.34 T
156.9125061 9.7623524 6.00 T
157.0231552 3.3156527 7.84 T
157.1054257 14.7533185 7.67 T
157.1089377 15.7558451 7.36 T
157.1189559 11.4900201 7.84 T
157.1767389 13.2888908 7.14 T
157.1809604 17.1335334 7.13 T
157.2017037 14.3436527 6.96 T
157.2446094 2.6462826 7.47 T
157.2973439 10.1553630 7.23 T
157.3379040 6.2564144 7.67 T
157.3563375 12.1868853 7.29 T
157.4250214 1.4903476 6.95 T
157.6140235 7.0592105 7.38 T
157.6295235 2.1499727 7.09 T
157.7530674 5.3412870 7.76 T
157.9008163 2.8446302 6.69 T
158.0487951 14.1374254 5.63 T
158.0769938 4.6455640 7.22 T
158.2027550 9.3065679 3.81 T
158.4831960 2.6230485 7.94 T
158.5301783 12.3744215 7.89 T
158.6361232 1.7604452 7.64 T
158.6994173 6.9540925 5.17 T
158.7586530 8.6504124 5.80 T
158.7752757 2.2045607 6.78 T
159.0061163 2.7476188 7.89 T
159.0213654 7.0357997 7.89 T
159.0279851 11.6145836 7.39 T
159.0567110 13.8130407 7.79 T
159.2565736 12.8659256 7.79 T
159.4410650 17.2784414 7.65 T
159.6150397 5.9135475 7.41 T
159.6797018 5.7341131 7.69 T
159.7275913 16.1272872 6.65 T
159.9248245 8.8430078 7.60 T
160.2879192 16.8739413 7.92 T
160.3475751 8.5625756 7.75 T
160.4048529 13.9785128 7.82 T
160.5692178 10.3554036 7.27 T
160.6555747 3.5832720 6.64 T
160.8358029 4.7465131 7.13 T
160.8373042 4.7474428 6.23 T
160.8500448 4.3016465 7.70 T
161.1087612 10.3745711 7.66 T
161.2600979 3.3065120 7.14 T
161.2891093 2.4878354 6.41 T
161.3060746 3.7299482 7.96 T
161.3906292 7.5141832 7.65 T
161.4302329 5.3832546 7.83 T
161.5236238 6.3729531 6.50 T
161.5804664 12.7476531 6.92 T
161.6045153 14.1942420 5.58 T
161.6732734 16.5429021 7.74 T
161.8295186 6.3460711 7.15 T
161.8720738 2.5153067 7.66 T
162.2633019 10.1578217 7.45 T
162.3142678 10.5450480 5.32 T
162.3473215 3.4401869 7.66 T
162.3617230 17.1464326 7.23 T
162.7375885 3.5906797 7.22 T
162.7849934 11.5785743 6.98 T
162.7998234 2.7070183 7.79 T
162.8074652 9.2231379 7.87 T
162.8296732 9.1485261 7.73 T
162.9375862 13.5659188 7.90 T
163.1893368 2.1123044 7.58 T
163.2590008 4.9620655 7.82 T
163.3421868 13.1184582 7.84 T
163.5726317 12.3710619 7.63 T
163.6897834 5.8478934 7.48 T
164.0059967 6.1853368 6.12 T
164.1267133 7.3879891 7.47 T
164.1287994 5.2731117 7.81 T
164.4070180 15.7608411 7.94 T
164.5490672 9.7020617 7.76 T
164.7844348 17.8266679 7.56 T
164.8874060 9.9307586 7.29 T
164.9197487 11.7061515 6.58 T
165.1402912 3.6174037 4.97 T
165.1557306 3.7392662 7.75 T
165.1863532 6.1013079 5.00 T
165.3576778 15.0077015 7.75 T
165.6365680 9.1729194 7.22 T
149.1083333 8.9330556 5.85 B
152.0929167 11.9672222 1.35 B
