237.7152865 37.5536798 7.63 T
237.8079831 35.6552155 4.91 T
238.0093679 29.8816569 7.54 T
238.1284872 28.9132963 7.94 T
238.7367047 34.3625851 7.14 T
238.8574949 29.5371499 7.68 T
238.9485155 37.9474560 5.47 T
239.3963222 26.8774791 4.27 T
239.6014106 37.8274397 7.37 T
239.6277896 36.0221484 7.61 T
239.6862415 30.0046874 7.53 T
239.7406429 36.6439532 5.77 T
239.7494072 36.9419140 7.88 T
239.7749452 29.4312280 7.24 T
240.0042269 22.9961172 7.82 T
240.1776445 31.5678977 6.74 T
240.1817970 32.0395676 7.20 T
240.2595964 33.2986722 5.47 T
240.2658110 26.1726503 7.94 T
240.3604145 29.8510121 4.96 T
240.4403944 31.8763027 7.73 T
240.5737417 22.8046009 4.83 T
240.6599569 26.6116675 7.75 T
240.6859055 22.8061063 7.67 T
240.6924534 22.2382930 7.05 T
240.8307454 36.6317100 5.87 T
241.0116756 25.2590797 7.19 T
241.0559645 34.1788904 6.78 T
241.2680000 33.1523459 7.97 T
241.2967747 34.2368860 7.76 T
241.3762928 31.5834981 7.74 T
241.4075051 21.8922684 7.31 T
241.4377997 32.2476410 6.88 T
241.4531479 36.5282523 7.49 T
241.6077488 29.9045719 7.77 T
241.8423244 21.8223760 6.32 T
241.9092009 28.9954194 7.93 T
242.1998525 35.5499820 7.60 T
242.2424463 36.4930091 4.84 T
242.5161850 26.7429811 6.68 T
242.5270020 25.4878671 7.52 T
242.7244821 30.9843154 7.50 T
242.7310614 32.0030077 7.64 T
242.7830882 26.8917358 7.56 T
242.8015682 36.0213448 7.80 T
242.8481519 28.4380969 7.65 T
242.9083324 23.4947281 6.00 T
242.9150450 33.3428397 6.44 T
242.9501132 36.4248965 5.77 T
242.9605432 34.3966548 7.93 T
243.0722503 32.6555433 7.46 T
243.1898454 26.6703304 6.54 T
243.2125105 32.5992163 7.61 T
243.3036865 38.0725711 7.12 T
243.3553977 35.1986650 7.65 T
243.4490782 28.7321683 7.95 T
243.6661329 33.8569891 6.49 T
243.6682285 33.8580918 5.62 T
243.8122382 34.7130008 7.36 T
243.9469135 27.4218268 6.29 T
243.9612667 36.5544350 7.14 T
244.0695838 23.1226513 6.69 T
244.1867944 29.1501590 5.79 T
244.2886920 29.4284945 7.57 T
244.3294224 27.6448752 7.65 T
244.4427514 31.8063568 6.92 T
244.4635427 35.6996113 7.48 T
244.4648980 23.6075371 7.36 T
244.5240630 34.4823350 7.57 T
244.5985480 25.8966841 6.79 T
244.7522417 37.7654323 7.35 T
245.0382470 27.3334221 7.82 T
245.0757570 36.9754426 6.78 T
245.2945574 22.2397628 7.06 T
245.3113498 22.9882298 7.96 T
245.4665924 21.8123260 7.22 T
245.5235402 30.8926637 4.96 T
245.5892983 33.7988123 5.39 T
245.6216953 33.7038094 5.58 T
245.7355767 32.3329650 6.42 T
245.7578498 32.6264671 7.76 T
245.8108983 33.6977248 7.71 T
245.8235050 35.6115185 7.29 T
245.9818261 28.3840516 7.59 T
246.0039127 29.6159123 7.90 T
246.1270946 32.4682330 7.74 T
246.1882500 22.3829657 7.61 T
246.3507595 37.3939937 5.55 T
246.9775058 25.9843712 7.33 T
246.9902853 32.6994171 6.99 T
247.1325096 29.0757870 7.25 T
247.2438214 22.8948948 7.61 T
247.4376017 35.2018669 7.56 T
247.6237155 33.7510835 7.09 T
247.7298148 30.9408801 7.23 T
247.7615226 35.2249470 6.47 T
247.8059036 22.1955050 5.95 T
247.8772036 33.5136046 7.12 T
247.9762615 26.0314739 7.84 T
248.0829120 24.8489948 7.77 T
248.0904982 30.1234619 7.59 T
248.1950938 23.1604524 7.68 T
248.2908852 23.1176740 7.79 T
248.3021124 30.9075969 7.92 T
248.3710525 30.4990504 6.90 T
248.4239702 38.0915778 6.64 T
248.7584437 33.2130145 7.93 T
249.0923995 33.8217965 7.07 T
249.1083245 30.9387757 7.16 T
249.1318978 36.0397710 7.26 T
249.2254708 22.8670567 6.97 T
249.4033527 28.8357939 7.76 T
249.4068780 22.4448446 7.41 T
249.4542230 27.0436140 7.18 T
249.5671612 29.6712953 7.58 T
249.7744967 24.6955979 7.88 T
249.8225885 22.2212892 7.62 T
249.8411499 22.0054074 6.92 T
249.8586047 29.2184156 7.27 T
249.9015803 23.0015209 7.56 T
249.9381506 35.5156573 7.63 T
249.9490683 34.6253926 7.94 T
250.1760272 28.9150644 7.82 T
250.2345360 21.9481901 7.74 T
250.2521896 24.8587177 6.22 T
250.2693281 36.2010735 7.32 T
250.3293736 22.4362759 7.30 T
250.3391890 30.2729889 7.56 T
250.3910794 26.0798636 7.88 T
250.3943590 30.8757967 7.13 T
250.4029283 26.9166018 5.96 T
250.4138690 34.5891436 7.68 T
250.5086001 33.1024480 7.94 T
250.7292186 25.8548361 7.71 T
250.7676008 36.5096941 7.02 T
250.9105079 32.6921973 7.46 T
250.9648106 34.0391629 6.05 T
251.0439865 23.5175516 7.48 T
251.0439865 23.5175516 7.87 T
251.2584286 23.7175207 7.43 T
251.2716697 28.3584337 7.36 T
251.4509697 35.6308785 7.51 T
251.5431644 33.7937189 7.84 T
251.9073013 37.5601957 7.17 T
252.1339276 26.5994353 7.97 T
252.1725638 35.9218002 7.49 T
252.2675683 34.9564686 7.05 T
252.3131980 29.9652126 6.73 T
252.4331634 28.3853993 7.86 T
252.5170959 26.2091963 7.38 T
252.6373415 33.7975120 7.94 T
252.6622801 29.8065230 5.91 T
252.6799751 32.5539554 6.27 T
252.8044190 29.5706475 7.80 T
252.8645611 28.1219774 7.18 T
252.8805213 23.6258609 7.73 T
252.9386709 24.6564634 5.17 T
252.9432232 25.4001453 7.14 T
252.9587194 28.6666074 6.89 T
253.2412435 31.7015725 5.37 T
253.5750974 35.1280329 7.99 T
253.7297617 28.1373377 7.36 T
253.7556259 29.0388087 7.58 T
253.7591401 25.7305617 6.17 T
254.3025251 32.2334683 7.63 T
254.3794146 25.3529313 6.37 T
254.4263244 24.3811402 6.45 T
254.7433628 31.4699910 7.78 T
254.8954515 29.5494294 7.87 T
254.9167922 24.2040748 7.88 T
254.9433445 36.9215588 7.90 T
254.9702500 27.3159549 7.42 T
255.0418001 34.3384237 7.17 T
255.0720419 30.9265795 3.90 T
255.2421685 22.6319517 5.81 T
255.2900842 27.1961458 6.61 T
255.4015254 33.5682692 5.27 T
255.5088764 25.0380886 7.93 T
255.5714870 31.8842307 6.51 T
255.5782827 25.5062460 5.88 T
255.6288434 29.2971098 7.76 T
255.7218534 31.6902160 7.96 T
255.7613797 29.4793442 7.86 T
255.7715625 34.5401362 7.79 T
255.8591110 34.3835084 6.81 T
255.8761294 35.4137946 6.43 T
255.9727738 34.7901764 6.10 T
256.0641656 36.7529749 7.86 T
256.1340718 31.4111812 7.59 T
256.1908894 28.0910962 7.37 T
256.4065202 29.6232652 7.37 T
256.6732642 35.3233301 7.35 T
256.6879050 33.9361859 7.96 T
256.8687294 28.1214139 7.62 T
256.9814491 32.1052529 7.27 T
257.0028728 31.2060757 6.58 T
257.0084355 35.9350634 5.44 T
257.1316216 35.0345934 6.85 T
257.2250599 33.3007379 7.55 T
257.3925851 33.3544891 7.33 T
240.2612500 33.3036111 5.41 B
243.6700000 33.8586111 5.64 B
247.5550000 21.4897222 2.77 B
247.6400000 20.4791667 5.25 B
250.3216667 31.6030556 2.81 B
