329.4140350 -8.5642838 6.79 T
329.4477662 -15.1234914 7.42 T
329.5074779 -16.0353680 0.00 T
329.5323512 -3.4897997 7.73 T
329.5557138 -5.4255740 6.38 T
329.6015710 -12.6642733 7.23 T
329.6241348 -13.2522192 7.60 T
329.7290882 -4.3746942 6.34 T
329.7551040 -11.2851918 7.92 T
329.9399916 -10.3135998 7.95 T
330.0786820 -17.3863706 7.89 T
330.1592190 -13.7458324 7.59 T
330.1629372 -14.1643524 7.78 T
330.2710792 -13.0282385 7.40 T
330.3274304 -17.5168434 8.00 T
330.3631528 -14.3273080 7.71 T
330.3871475 -15.6120569 7.16 T
330.7540009 -8.5000401 7.48 T
330.8188788 -6.5223553 5.65 T
330.8286707 -2.1554338 4.76 T
330.8756725 -5.6924537 7.74 T
330.8811278 -5.8901046 7.89 T
331.0249085 -13.0196862 7.50 T
331.1161075 -14.4468565 7.54 T
331.1312422 -8.7177366 7.29 T
331.1459282 -4.8400513 7.78 T
331.2640821 -6.3025345 7.75 T
331.5232151 -5.3584309 7.66 T
331.5563451 -14.8959343 7.17 T
331.6095445 -13.8700408 4.26 T
331.8255285 -10.4468616 7.09 T
331.8974790 -14.4908976 6.73 T
331.9236350 -5.8287138 7.81 T
331.9435031 -10.0787437 7.59 T
332.0497038 -3.5313082 7.70 T
332.0632664 -6.3825000 7.90 T
332.0649800 -17.8367066 7.90 T
332.1091561 -16.5429106 7.41 T
332.1424394 -11.6136692 7.46 T
332.1982567 -13.3005325 6.96 T
332.3256350 -11.3664722 8.00 T
332.3624012 -8.1854260 7.09 T
332.3749631 -7.5514735 6.62 T
332.5880623 -3.8943674 6.28 T
332.6326835 -10.8202267 6.76 T
332.6410639 -4.2668256 6.09 T
332.6563727 -11.5648862 5.40 T
333.0704388 -11.0655915 7.47 T
333.1075211 -14.1942459 6.09 T
333.1494885 -8.0142127 7.24 T
333.1825075 -4.7208987 6.46 T
333.1828129 -6.4687955 7.50 T
333.2760779 -13.8712698 7.74 T
333.3563848 -1.6544455 7.22 T
333.3600530 -11.9262497 7.01 T
333.4645754 -4.4513929 7.27 T
333.5598393 -5.7462772 7.91 T
333.6548810 -15.1022399 7.26 T
333.6592168 -15.8207554 6.65 T
333.6752850 -6.4005800 7.55 T
333.6950715 -5.8872486 7.88 T
333.7253106 -6.7354566 7.62 T
333.7634224 -2.0590095 8.00 T
333.8015880 -5.5849131 7.79 T
334.1400528 -1.5964460 6.17 T
334.1895035 -11.6492770 7.37 T
334.2001967 -12.8313977 5.46 T
334.2092393 -7.7834220 4.27 T
334.2186578 -9.0401303 5.92 T
334.2344617 -14.6571140 7.22 T
334.2770539 -5.3870437 5.85 T
334.3634787 -15.9797455 7.18 T
334.7535557 -13.3050526 6.08 T
334.8936367 -16.7048531 7.35 T
334.9541098 -4.0663912 7.77 T
335.0497489 -7.8210891 5.33 T
335.0682521 -12.2216381 7.93 T
335.2140769 -8.7656849 7.34 T
335.3497616 -6.2431800 7.53 T
335.3892929 -14.4569387 7.98 T
335.4434111 -6.1814214 7.89 T
335.5481320 -10.8481844 7.90 T
335.8348396 -14.9524240 7.07 T
335.8839397 -7.1943738 6.02 T
335.8872931 -2.3017774 7.39 T
336.0288486 -4.8370999 5.77 T
336.0311562 -10.1978780 7.31 T
336.0434339 -2.0620072 7.38 T
336.1130756 -13.5292830 5.86 T
336.1288187 -11.1566134 7.98 T
336.1376484 -13.1850107 7.90 T
336.1401736 -17.5931774 7.97 T
336.1840019 -12.9579451 7.89 T
336.4339749 -15.3572459 7.99 T
336.5285390 -5.1779338 7.31 T
336.5599904 -2.7894943 7.00 T
336.6445014 -16.7420560 6.29 T
336.6445014 -16.7420560 6.39 T
336.6450100 -7.3777264 6.89 T
336.6738382 -11.2282768 7.01 T
336.7622262 -17.2643028 7.69 T
337.2707455 -9.7417269 7.77 T
337.5072037 -12.9151184 6.44 T
337.5725076 -14.5859483 6.34 T
337.6118793 -16.3464554 7.39 T
337.6369768 -8.1146759 7.78 T
337.6617358 -10.6781522 4.82 T
337.7425690 -14.5671429 7.90 T
337.8266788 -2.9115102 6.26 T
337.8273213 -6.5558315 6.22 T
337.9226219 -10.9058139 6.42 T
338.0390338 -13.5981505 7.79 T
338.1437602 -6.4669874 7.03 T
338.2544724 -17.5017359 7.67 T
338.5123965 -1.5744963 5.98 T
338.5274447 -9.6085327 6.68 T
338.6584633 -3.3064883 7.66 T
338.7758388 -1.5247255 7.90 T
338.9199467 -17.6198986 7.72 T
338.9531496 -17.4607191 6.54 T
339.0268483 -16.3880995 6.80 T
339.0714330 -7.6643067 7.07 T
339.2550585 -7.5675739 7.50 T
339.2724772 -12.8979145 7.68 T
339.2770544 -11.7311762 7.40 T
339.3243303 -6.0676319 7.78 T
339.4386469 -4.2288079 5.16 T
339.5927263 -7.8975580 6.33 T
339.6448320 -14.0669736 7.51 T
339.8164761 -10.0278332 7.01 T
339.8766230 -7.6046968 7.87 T
339.9809516 -14.5535698 7.86 T
340.0343444 -9.3589387 6.95 T
340.0517891 -6.5346724 7.26 T
340.1629896 -16.7709484 7.71 T
340.1998325 -3.5545657 6.39 T
340.3569366 -12.2300092 6.92 T
340.5255485 -5.1022768 6.71 T
340.5276786 -3.4735086 7.16 T
340.6341205 -12.5597696 7.42 T
340.7549972 -10.1026266 7.15 T
340.7644191 -8.3114965 6.79 T
340.8040785 -7.2150546 7.78 T
340.8095930 -6.9629934 6.40 T
341.0721445 -14.6117716 7.73 T
341.0888517 -14.6761164 7.26 T
341.3367859 -9.6445982 7.44 T
341.3632682 -13.0071367 7.84 T
341.3668008 -15.5836295 7.20 T
341.5591706 -11.1664959 6.88 T
341.8037469 -2.7099869 7.74 T
341.8389217 -16.1467823 7.55 T
341.8433973 -6.7302765 7.90 T
341.8555874 -17.5507901 6.86 T
341.8739788 -1.7888485 7.58 T
341.9284043 -14.0564904 5.68 T
341.9576608 -4.2309259 7.30 T
341.9576608 -4.2309259 7.68 T
342.0938428 -8.1122930 7.53 T
342.1260779 -10.5554283 6.21 T
342.3607320 -11.3491808 7.66 T
342.3978368 -13.5928670 4.21 T
342.6007384 -14.0594673 7.80 T
342.6290959 -6.9144237 7.92 T
342.6927770 -7.3120012 7.13 T
343.1669810 -2.6258453 7.86 T
343.1953841 -10.0588315 6.79 T
343.3643772 -5.9883464 6.95 T
343.3697424 -11.6165005 5.77 T
343.4339303 -4.6574474 7.76 T
343.5299976 -12.1907059 7.02 T
343.6253261 -10.2998397 7.81 T
343.6420725 -7.2048462 6.33 T
343.6880102 -16.2725015 5.66 T
343.7904132 -7.5399406 7.98 T
343.7958364 -4.9879336 5.88 T
343.8383384 -5.6897137 7.39 T
344.2787465 -3.2451117 6.65 T
344.3215225 -4.8101091 6.42 T
344.3582990 -3.1581958 7.80 T
344.5647185 -2.3954776 6.25 T
344.5991259 -1.4102557 6.42 T
344.8719361 -2.8855918 7.92 T
344.8985809 -13.0709031 6.27 T
344.9449246 -16.3997240 7.89 T
344.9563131 -2.4397374 7.77 T
345.0832898 -8.8806962 6.86 T
345.2825828 -9.5544732 7.96 T
345.3484110 -7.0612078 6.39 T
345.3538153 -14.2722846 7.40 T
345.3822110 -4.7114020 6.04 T
345.4412697 -6.9605253 7.80 T
345.4672614 -3.8500367 7.59 T
345.4763560 -5.9664799 7.97 T
345.4808619 -2.6861405 7.81 T
345.6324838 -11.2657860 7.86 T
345.6356188 -6.5742186 6.36 T
328.4000000 -10.3116667 6.59 B
336.6425000 -16.7413889 6.57 B
343.1537500 -7.5797222 3.74 B
346.2908333 -7.6936111 5.43 B
