141.6827967 -64.9292969 6.06 T
142.1267388 -66.7015762 5.89 T
142.1953848 -62.2729638 6.03 T
142.3870141 -62.3607890 6.55 T
143.0126112 -61.2349219 7.26 T
143.6109086 -59.2297160 4.08 T
143.6239409 -66.1222037 7.47 T
143.6453179 -64.0307480 7.41 T
143.9741914 -64.5532703 7.34 T
144.0210608 -64.9499704 6.58 T
144.3798064 -59.8897958 6.92 T
144.5912098 -64.4023490 6.68 T
144.6309903 -59.1750417 7.35 T
144.7717629 -58.2805409 7.63 T
144.8369958 -61.3279401 4.49 T
144.9377926 -62.9427992 6.39 T
145.4052491 -68.5049679 7.09 T
145.5538017 -66.9148283 6.33 T
145.6635213 -72.1907488 6.53 T
145.8191027 -60.0293164 7.59 T
146.2692193 -69.7619511 7.06 T
146.3115651 -62.5078438 3.90 T
146.3134197 -66.8087200 7.38 T
146.4182500 -70.1182044 7.24 T
146.4808611 -58.7933870 6.26 T
146.6101392 -59.3526274 6.86 T
146.7753578 -65.0719726 3.02 T
147.4735595 -58.8095203 7.52 T
147.6574409 -60.5275510 7.15 T
147.7314319 -62.7450629 5.71 T
147.8006599 -59.4260405 5.93 T
148.1091317 -71.9433023 6.90 T
148.4478798 -69.8951923 7.02 T
148.6411373 -58.4212691 6.63 T
148.7724835 -69.1887039 6.85 T
148.8884822 -58.7407588 7.60 T
148.9250273 -59.1066289 7.22 T
149.0402950 -71.3892848 6.31 T
149.2488720 -69.1017469 6.16 T
149.4551692 -61.9318092 7.03 T
149.5493568 -72.0646344 7.46 T
149.7708986 -65.9833023 7.54 T
150.5003402 -60.4208574 5.96 T
150.5691601 -65.9180062 7.25 T
150.7496473 -60.1786423 6.20 T
150.8919312 -61.8839734 6.34 T
151.1417489 -64.6476572 6.90 T
151.7485410 -71.4781731 6.63 T
151.7629436 -61.2145868 7.17 T
151.9858849 -62.2213692 6.42 T
152.0754457 -58.1986698 6.68 T
152.1740601 -65.5110629 7.38 T
152.1771606 -65.8151763 5.36 T
152.3755296 -68.6826640 5.88 T
152.5882581 -67.2633652 6.88 T
152.6008688 -64.3841127 6.88 T
152.6239588 -67.8412858 7.08 T
152.7323426 -59.1543324 7.46 T
152.9575005 -61.5419286 7.16 T
153.2386901 -65.1664947 7.03 T
153.2546007 -59.9180516 6.07 T
153.3380189 -61.6588099 6.39 T
153.3771070 -66.3727378 5.17 T
153.4177469 -60.2631525 7.39 T
153.4335727 -70.0378337 3.27 T
153.4550866 -68.0598292 6.72 T
153.8822635 -62.5369725 7.02 T
154.0128745 -59.9033341 6.25 T
154.2704200 -61.3322727 3.54 T
154.3813040 -65.4295254 6.82 T
154.7703317 -64.6759944 6.26 T
154.7703317 -64.6759944 6.47 T
154.9195214 -59.1460858 6.93 T
155.0148152 -67.1678065 7.45 T
155.3233272 -65.1955521 7.33 T
155.5428624 -58.2653811 6.45 T
155.7419372 -66.9014203 4.94 T
156.0984091 -74.0317906 4.02 T
156.1849571 -73.9716693 6.18 T
156.2467088 -58.5762605 5.96 T
156.3172457 -58.8724200 6.99 T
156.5565527 -63.2985349 7.06 T
156.6849336 -64.3516266 7.41 T
156.8541051 -65.7045305 6.00 T
156.9695683 -58.7393879 3.85 T
157.0758615 -63.1645750 6.42 T
157.5363712 -66.9846336 6.19 T
157.5844360 -71.9929753 4.71 T
157.6403431 -61.3364773 7.55 T
157.7584082 -73.2214437 5.13 T
157.7807278 -67.7023605 7.23 T
158.0876708 -58.5458223 7.34 T
158.1991341 -58.6667342 6.04 T
158.2398529 -60.1133829 7.27 T
158.3556701 -58.1901291 6.18 T
158.7350564 -64.1339226 7.47 T
158.9249352 -58.1928606 6.71 T
158.9554317 -58.2242396 6.48 T
159.0849991 -59.5646469 5.22 T
159.1364359 -59.1903151 7.02 T
159.1661194 -59.1679738 7.51 T
159.3627237 -58.7333095 5.54 T
159.5728906 -65.0418750 6.70 T
159.6873000 -59.1829928 4.89 T
159.6889400 -59.2624105 6.46 T
159.7138880 -64.4978912 7.17 T
159.8448585 -64.1117257 6.30 T
159.8712215 -60.9857609 6.97 T
160.0474179 -65.1001286 5.47 T
160.1752040 -64.6531234 6.79 T
160.2765100 -64.4743065 6.68 T
160.3014202 -59.9735927 7.24 T
160.3229093 -59.6768869 6.40 T
160.3961488 -64.1063348 7.16 T
160.5585657 -64.4663580 4.71 T
160.6045732 -64.3987300 7.24 T
160.6689219 -59.2157489 5.42 T
160.7651477 -60.9868522 7.12 T
160.7891043 -61.1685082 6.59 T
160.8843829 -60.5665983 4.75 T
160.9630495 -64.2490157 5.74 T
160.9676514 -60.1177773 6.47 T
160.9893648 -59.5474686 7.33 T
161.0825335 -70.8597221 6.26 T
161.0953508 -59.9933068 6.33 T
161.1091768 -72.4431687 6.32 T
161.1338078 -70.8552622 6.47 T
161.1875199 -59.5651624 7.41 T
161.2646380 -59.6844053 6.54 T
161.4337735 -59.4078083 7.33 T
161.5524777 -61.9416395 7.32 T
161.5687044 -64.5145034 5.30 T
161.5705732 -60.6028239 6.27 T
161.7001835 -69.2097724 6.37 T
161.8774235 -69.4377325 6.33 T
161.9160140 -64.5471488 6.54 T
161.9344372 -59.8752591 6.45 T
161.9727380 -64.2627713 6.45 T
162.0224391 -59.9191404 6.04 T
162.1572721 -60.2237534 7.33 T
162.3516778 -59.3237862 6.12 T
162.3516778 -59.3237862 7.42 T
162.5539415 -62.6356977 7.17 T
162.6664790 -61.2695391 6.83 T
162.7441049 -59.9573079 6.78 T
162.8372197 -66.8148386 7.45 T
162.9840912 -58.4154490 6.92 T
163.0101842 -61.4291659 7.46 T
163.3128321 -60.8147628 7.28 T
163.3380370 -58.8934439 6.23 T
163.3745158 -58.8529388 3.88 T
163.4247242 -70.7202941 6.38 T
163.4247242 -70.7202941 7.09 T
163.5000639 -72.1552922 7.38 T
163.8212944 -60.5164856 6.04 T
164.1490023 -61.7089463 7.13 T
164.3336179 -69.0380769 6.61 T
164.8079451 -61.3207254 6.17 T
165.4570740 -64.3038968 7.02 T
165.6924520 -59.7409809 7.01 T
165.7275850 -72.2422237 6.78 T
166.2078063 -64.6156788 7.23 T
166.2311630 -61.0516007 7.59 T
166.2397731 -59.8588828 6.59 T
166.5241147 -59.9498567 6.65 T
166.6003759 -64.8400120 6.40 T
166.6346261 -62.4240492 4.72 T
166.7074646 -70.8779090 5.57 T
166.7273293 -58.7933664 7.37 T
167.1415819 -61.9471713 5.16 T
167.1474066 -58.9750246 4.05 T
167.2056765 -61.5594704 7.49 T
167.6751004 -60.3844943 7.13 T
167.7280747 -58.4552160 6.86 T
167.9180291 -60.3108903 6.67 T
168.0223838 -71.2174974 7.07 T
168.1499842 -60.3176230 4.68 T
168.1843988 -59.6776056 7.22 T
168.1876808 -64.1697350 5.21 T
168.3781775 -59.6193304 5.71 T
169.3101804 -59.7696945 7.18 T
169.3647581 -59.1052863 7.24 T
169.4489692 -59.2077167 7.00 T
169.4734764 -59.2363621 7.12 T
169.8141102 -64.5822092 6.04 T
169.9605556 -72.9583194 6.46 T
170.0018829 -59.1880437 7.29 T
170.0166222 -71.9943482 6.41 T
170.8387987 -64.9545639 5.37 T
170.8387987 -64.9545639 6.56 T
171.0458362 -72.2566110 5.58 T
171.2969909 -73.6320365 6.92 T
171.5056188 -59.3528579 7.50 T
171.9626646 -58.6804713 7.60 T
172.0761749 -72.4740411 6.13 T
172.9418761 -59.4420444 5.21 T
172.9493145 -73.9026555 6.91 T
172.9532508 -59.5156454 5.22 T
173.1345356 -59.7178517 6.80 T
173.3553132 -70.1947929 6.70 T
135.6116667 -66.3961111 4.00 B
139.4654167 -67.0508333 6.11 B
142.8870833 -66.7194444 6.27 B
143.0608333 -62.7888889 6.10 B
146.7779167 -65.0725000 6.26 B
149.3133333 -64.4894444 6.58 B
150.1433333 -56.9466667 6.52 B
150.4916667 -57.3497222 6.20 B
150.7058333 -62.1563889 6.42 B
152.3412500 -61.5491667 5.60 B
152.3770833 -68.6833333 5.81 B
152.8966667 -58.8280556 6.40 B
152.9437500 -58.0605556 5.72 B
155.9620833 -57.9538889 6.35 B
157.2191667 -64.1722222 5.29 B
157.6633333 -61.3561111 6.43 B
158.0058333 -61.6852778 3.32 B
158.5537500 -60.9877778 6.23 B
159.8191667 -74.4936111 6.07 B
160.7391667 -64.3944444 2.76 B
161.0287500 -63.9611111 4.82 B
161.0808333 -70.8600000 6.26 B
161.6237500 -64.2633333 5.23 B
161.7133333 -64.3833333 4.85 B
163.6233333 -61.8266667 5.93 B
164.3154167 -75.0997222 6.13 B
167.8729167 -71.4363889 6.35 B
169.3291667 -67.8236111 6.06 B
169.8187500 -64.5825000 5.99 B
169.9012500 -75.1425000 6.27 B
170.8408333 -64.9550000 5.11 B
171.4300000 -63.9727778 5.17 B
173.0829167 -66.9622222 5.90 B
174.3150000 -75.8966667 5.65 B
174.4516667 -67.6202778 5.96 B
174.8725000 -65.3977778 5.17 B
176.4016667 -66.7286111 3.64 B
177.0595833 -66.8147222 4.72 B
177.4858333 -70.2258333 4.97 B
179.9054167 -78.2219444 4.91 B
