317.3004398 -23.6267783 7.21 T
317.6278476 -22.4773136 7.51 T
317.9224978 -14.4723735 6.48 T
318.0112508 -24.1214169 7.98 T
318.0254750 -14.5582042 7.66 T
318.3228856 -27.6200850 5.55 T
318.3286373 -24.8461649 7.46 T
318.3550588 -22.7619635 7.57 T
318.5076998 -22.2121808 6.97 T
318.5306359 -12.4665111 7.66 T
318.7378904 -20.0705610 7.76 T
318.7634495 -21.8154056 7.34 T
318.7775877 -17.3452841 6.15 T
318.9080196 -20.6517135 5.28 T
318.9369849 -15.1714658 5.51 T
318.9984628 -13.2030820 6.74 T
319.1651180 -20.1751817 7.71 T
319.3063450 -13.2789887 6.40 T
319.4887928 -17.9851431 5.36 T
319.5654879 -17.4622633 7.09 T
319.6087331 -20.3356452 6.73 T
319.8123603 -16.1797418 7.01 T
319.8356566 -13.0479606 6.91 T
319.9361733 -26.3550713 6.73 T
319.9527986 -14.0175165 7.03 T
319.9643519 -27.2091587 7.05 T
320.0382938 -13.5023045 7.19 T
320.1747680 -22.3868358 7.94 T
320.2632787 -20.8216403 7.25 T
320.3765162 -11.4587064 7.83 T
320.4635897 -16.2748940 7.51 T
320.5618463 -16.8345088 4.38 T
320.7523177 -22.6690565 5.80 T
320.8371352 -13.5133491 7.65 T
320.9245811 -12.0602095 7.99 T
320.9833056 -25.2026305 6.60 T
321.0329049 -22.7471417 6.49 T
321.0399184 -20.8526664 5.50 T
321.0484728 -12.8780500 5.51 T
321.0625995 -23.6338489 7.45 T
321.0626065 -25.5613082 7.96 T
321.0868247 -24.4226644 6.76 T
321.0953876 -23.2904721 7.51 T
321.3538821 -14.2773546 6.84 T
321.4521451 -25.2378336 7.70 T
321.4524159 -23.8221826 6.61 T
321.5299331 -24.4843427 7.32 T
321.5918960 -20.9991697 7.35 T
321.6046959 -12.0967614 6.81 T
321.8115848 -21.1964226 5.93 T
321.8468935 -13.5875753 7.08 T
321.8714136 -20.2132768 7.94 T
321.8886304 -27.7290136 7.65 T
321.9106314 -11.6673216 7.08 T
322.0582040 -11.5685570 6.67 T
322.1718099 -25.6440560 7.84 T
322.1817387 -21.8072167 4.60 T
322.4174228 -14.0273756 7.03 T
322.4984565 -19.1480968 6.62 T
322.6681406 -14.2914293 6.76 T
322.6842943 -25.7096352 7.30 T
322.8566578 -19.2376134 7.21 T
322.9163291 -25.3011834 7.95 T
322.9640267 -25.4127674 7.25 T
323.0923377 -12.2673416 6.93 T
323.1390637 -24.5903770 6.45 T
323.3931828 -13.4501553 7.72 T
323.4179361 -16.2016724 7.33 T
323.5691457 -13.4837464 7.80 T
323.7125047 -20.0840163 5.74 T
323.7290533 -20.2531186 6.78 T
323.8170068 -23.4544050 6.51 T
323.8289028 -19.2448876 7.99 T
324.0464772 -26.1716755 5.75 T
324.0925283 -18.3921166 7.95 T
324.2443730 -18.7440700 7.04 T
324.3383389 -18.4418321 7.21 T
324.4070618 -19.2310209 7.43 T
324.4849238 -17.2097996 7.42 T
324.5441596 -25.4451577 7.46 T
324.5583420 -14.9098043 7.30 T
324.7110076 -19.6254912 7.31 T
324.7410367 -24.4500635 7.64 T
324.7865076 -21.7138079 7.77 T
324.7950232 -27.3071050 6.81 T
324.8135534 -13.8952168 7.36 T
325.3671505 -14.8412365 7.22 T
325.3774035 -21.9287557 7.79 T
325.3861372 -14.0495396 5.23 T
325.4413305 -19.8064424 7.16 T
325.4424581 -25.1014846 6.63 T
325.4951352 -17.2214558 7.29 T
325.5019244 -12.2495283 7.94 T
325.5035377 -23.2634573 5.35 T
325.5161582 -27.6913413 7.77 T
325.6655872 -18.8663750 4.82 T
325.7682933 -14.3995932 5.91 T
325.8069490 -19.6210471 6.24 T
325.8364473 -24.1414025 7.26 T
326.0038815 -14.7493058 5.98 T
326.0790463 -15.9719412 7.54 T
326.1354962 -24.9110160 7.37 T
326.2711054 -22.5642888 7.39 T
326.3418751 -12.7833598 6.73 T
326.5541199 -24.8173126 7.87 T
326.5752907 -12.5988108 7.66 T
326.6142893 -17.9242593 7.59 T
326.6339353 -11.3660105 5.57 T
326.6756055 -11.6986634 7.04 T
326.7932232 -14.5138764 7.72 T
326.9018892 -17.2947057 7.66 T
326.9168637 -19.5779075 7.72 T
326.9370346 -18.2129758 7.43 T
327.0386260 -25.8778850 7.69 T
327.3330517 -18.3865747 7.59 T
327.4208556 -12.7227452 6.33 T
327.4747954 -27.4039960 7.12 T
327.5542023 -16.8449438 6.53 T
327.7118065 -20.5409555 7.60 T
327.8548507 -23.2711547 6.91 T
327.9248948 -18.6234248 6.23 T
328.3260587 -13.5516857 5.12 T
328.7510900 -15.2583021 7.22 T
328.9095998 -21.1401514 7.34 T
329.1249604 -25.4995153 7.81 T
329.1918250 -17.8970615 6.76 T
329.2590564 -26.4798266 7.69 T
329.2685946 -19.1898725 7.62 T
329.4477662 -15.1234914 7.42 T
329.6015710 -12.6642733 7.23 T
329.6241348 -13.2522192 7.60 T
329.6826380 -21.1829783 6.28 T
329.8236559 -22.8717144 7.46 T
329.8241370 -23.8336147 7.04 T
329.8950048 -27.6305789 7.26 T
330.0786820 -17.3863706 7.89 T
330.1592190 -13.7458324 7.59 T
330.1629372 -14.1643524 7.78 T
330.1762087 -23.2976619 7.87 T
330.2710792 -13.0282385 7.40 T
330.3631528 -14.3273080 7.71 T
330.3871475 -15.6120569 7.16 T
330.5501780 -17.9038466 6.40 T
330.5549482 -23.6166915 7.61 T
330.6719462 -27.3675852 7.06 T
330.7858113 -27.0512896 7.78 T
331.0249085 -13.0196862 7.50 T
331.0413499 -21.7798909 7.88 T
331.1255126 -25.8830779 6.85 T
331.1532893 -26.8224269 5.93 T
331.4507692 -18.6681099 7.68 T
331.5563451 -14.8959343 7.17 T
331.6095445 -13.8700408 4.26 T
331.8130951 -22.2405654 6.93 T
331.8552434 -19.5705651 7.59 T
331.8974790 -14.4908976 6.73 T
331.9063248 -24.3939747 7.94 T
331.9097370 -20.7595426 7.54 T
331.9632878 -21.5932433 7.97 T
332.0614212 -23.7321039 7.94 T
332.0649800 -17.8367066 7.90 T
332.1091561 -16.5429106 7.41 T
332.1424394 -11.6136692 7.46 T
332.1912506 -25.7705649 7.14 T
332.1982567 -13.3005325 6.96 T
332.2457833 -18.5196371 5.77 T
332.3709057 -23.6590853 6.46 T
332.6563727 -11.5648862 5.40 T
332.7607450 -21.2330610 6.16 T
332.8632081 -27.1525934 6.99 T
333.1075211 -14.1942459 6.09 T
333.1538192 -27.0851727 7.52 T
333.1942961 -20.8909229 7.60 T
333.2393468 -26.3279692 6.21 T
333.2724405 -26.4965194 7.75 T
333.2760779 -13.8712698 7.74 T
333.3600530 -11.9262497 7.01 T
333.4356346 -25.1808475 5.64 T
333.5278742 -21.4113653 7.41 T
333.5750623 -21.0741778 5.63 T
333.5854981 -19.2492554 7.14 T
333.6548810 -15.1022399 7.26 T
333.6592168 -15.8207554 6.65 T
333.6972121 -24.0047852 6.92 T
333.7951703 -25.9669205 7.96 T
334.0302866 -23.0092810 7.44 T
334.1563533 -25.8982367 6.27 T
334.1895035 -11.6492770 7.37 T
334.2001967 -12.8313977 5.46 T
334.2301091 -20.0258335 7.37 T
334.2344617 -14.6571140 7.22 T
334.2498570 -23.1406539 6.29 T
334.3233146 -27.3903399 7.17 T
334.3634787 -15.9797455 7.18 T
334.3809727 -23.1145950 7.74 T
334.5478955 -22.2986702 7.67 T
334.6206400 -23.3314430 7.36 T
334.6421702 -20.7401704 7.34 T
334.9497765 -27.3887582 7.89 T
335.0039857 -22.0191094 7.80 T
316.1012500 -19.8550000 4.84 B
317.1400000 -21.1936111 5.30 B
317.3875000 -20.5563889 6.25 B
321.6666667 -22.4113889 3.74 B
324.2700000 -19.4661111 4.68 B
325.0229167 -16.6622222 3.68 B
325.3870833 -14.0475000 5.18 B
326.7600000 -16.1272222 2.87 B
328.3241667 -13.5516667 5.08 B
330.6108333 -16.9641667 6.37 B
