90.0784586 44.5917575 6.35 T
90.0877246 48.2415029 7.79 T
90.1591411 49.9785343 7.90 T
90.2440604 47.9017869 5.70 T
90.2758714 41.9380584 7.55 T
90.3231835 45.1604252 7.67 T
90.4294771 48.9593786 6.13 T
90.6883617 47.8101138 6.55 T
90.7026529 49.9053866 6.03 T
90.7229994 43.3781396 6.50 T
90.8257796 42.9106484 6.19 T
91.1256132 44.2594816 6.80 T
91.1402916 45.5859301 7.35 T
91.1600375 46.5850947 7.27 T
91.1655827 38.5750854 6.92 T
91.2607337 37.9642260 6.42 T
91.2637488 42.9807298 5.93 T
91.3912403 33.5989934 6.20 T
91.4685424 48.2492704 6.75 T
91.5346289 35.3859061 6.19 T
91.6463278 38.4823132 5.38 T
91.8576544 36.2746066 7.04 T
91.8614734 41.8541531 6.28 T
91.8814679 38.0821464 7.12 T
91.9608259 42.6656928 7.09 T
91.9892520 34.1637075 7.80 T
92.0485593 37.9826750 7.16 T
92.0790100 45.5543183 7.46 T
92.0797350 49.4458287 7.96 T
92.0964156 41.0554323 6.46 T
92.1224918 35.1398649 7.64 T
92.3930721 38.2958504 7.65 T
92.4151382 43.1407041 7.10 T
92.6859468 34.2603950 7.79 T
92.7328113 47.5045990 7.87 T
92.7652456 41.2324412 7.66 T
92.8158121 47.9066003 6.87 T
92.8737522 43.1653458 7.07 T
92.8768940 44.1346259 7.58 T
92.9025447 48.7127041 6.86 T
92.9025757 48.7106426 6.16 T
93.1483394 47.4204719 7.50 T
93.3770225 37.1590992 6.77 T
93.4297653 41.6971972 7.18 T
93.5126332 37.3205652 7.79 T
93.5850145 39.6726988 7.71 T
93.7445427 46.3957502 7.52 T
93.7929784 48.8339652 7.15 T
93.9098186 36.1460871 7.38 T
93.9120340 36.1487005 6.89 T
94.0254611 37.6364865 7.20 T
94.3116243 46.0279294 7.67 T
94.3293449 40.8876830 7.95 T
94.3373978 49.4855042 7.37 T
94.3911126 35.1494487 6.73 T
94.3939557 46.4240113 6.56 T
94.4447505 40.1886011 7.45 T
94.5703991 46.3596212 6.45 T
94.7244645 35.2077104 6.72 T
94.7696999 47.3938378 6.89 T
94.7834686 33.7953988 7.90 T
94.8883525 34.6401148 7.93 T
94.9321659 38.4350409 7.19 T
95.3245482 42.3401218 6.78 T
95.5054533 44.0583781 6.99 T
95.5760423 44.4121695 7.83 T
95.6056550 46.1946252 7.39 T
95.7307958 42.9035476 7.95 T
95.8046889 35.5202435 7.43 T
95.9120677 40.5213138 6.93 T
96.0725277 43.2300924 7.08 T
96.1624782 35.2548523 6.68 T
96.1941862 43.5483287 7.22 T
96.2246000 49.2878783 5.15 T
96.3590251 46.5336471 7.82 T
96.9098664 48.7771259 7.38 T
96.9621265 47.4049745 6.53 T
97.1206274 34.4925221 7.75 T
97.1319675 39.1102633 7.87 T
97.1779612 34.8645693 7.17 T
97.1895501 36.4786153 7.21 T
97.5123286 46.6856006 6.04 T
97.6051001 41.4016136 6.68 T
97.7629381 39.7544395 6.65 T
97.8815614 37.1779227 6.73 T
98.2492322 39.7846486 7.47 T
98.2903322 46.4762541 7.00 T
98.3020384 46.5738676 7.99 T
98.5807756 38.0759607 6.77 T
98.6601497 43.0651750 7.53 T
98.9777904 43.7057189 6.98 T
99.6645583 39.3901793 5.84 T
99.6698861 41.5814671 7.25 T
99.7048663 39.9024930 5.32 T
99.8326214 42.4885400 4.93 T
99.8344255 42.0045389 7.62 T
99.9913760 44.0141280 6.48 T
100.0539314 44.3327289 6.86 T
100.0883484 40.9696950 6.92 T
100.1766616 40.1686555 7.23 T
100.4072176 35.9317557 6.54 T
100.4754818 47.7933761 7.61 T
100.6431346 38.8914678 7.08 T
100.6678083 47.7349277 7.34 T
100.7444262 34.1277172 7.69 T
100.7703242 44.5242606 5.21 T
100.8074500 37.1472230 6.32 T
101.0489962 36.9938928 7.51 T
101.0522028 36.1092475 6.38 T
101.1941702 44.5053995 6.78 T
101.2903915 39.3672889 6.97 T
101.3720020 44.2322048 7.54 T
101.4962233 38.9701869 7.27 T
101.5438936 42.0456194 7.89 T
101.6847343 43.5784592 5.31 T
101.9148764 48.7895064 5.34 T
102.3385782 43.7587929 7.38 T
102.4582810 39.4790899 7.74 T
102.5587667 36.4018094 7.92 T
102.6912174 41.7803767 5.12 T
102.7990127 44.0593998 7.93 T
103.1972295 33.9609573 3.60 T
103.2558705 38.8692022 6.14 T
103.2647460 35.7879552 6.19 T
103.2816533 44.8395868 6.26 T
103.3060595 38.4369331 6.39 T
103.4878159 38.5048496 6.44 T
103.6358528 50.0447133 7.34 T
103.6913778 48.9050593 7.03 T
103.6944952 42.9478729 7.43 T
103.8110859 43.9099844 6.19 T
103.8129962 45.8259414 6.42 T
103.8828491 37.9151583 6.85 T
104.0614659 40.5366662 7.62 T
104.1335233 46.2740415 5.83 T
104.2326888 46.7048638 6.00 T
104.2519961 33.6810495 6.03 T
104.4044135 45.0940853 4.90 T
104.4754346 41.7051114 6.96 T
104.7109930 39.5358782 7.71 T
104.7615235 38.0515531 6.16 T
104.8338671 42.3147262 6.68 T
104.8632948 37.0981628 7.88 T
104.9900149 41.8665319 7.77 T
105.1709312 40.3495627 7.89 T
105.4284613 33.6853267 7.64 T
105.6792827 45.9574109 7.66 T
105.9415556 47.2594196 7.77 T
105.9930949 40.5823046 7.07 T
105.9950409 47.0500361 7.04 T
106.0149277 36.3134400 6.79 T
106.0283542 45.0631348 7.84 T
106.0712021 37.5639268 6.71 T
106.1877717 35.5303015 7.85 T
106.2874436 47.7750339 6.35 T
106.4902227 36.5726922 6.99 T
106.5478780 34.4736693 5.65 T
106.7535082 49.4711915 7.79 T
106.8431813 34.0091035 6.09 T
107.0263233 44.0399381 6.93 T
107.0552394 33.8322171 6.45 T
107.0862613 34.4882184 7.85 T
107.1509542 37.4449932 6.32 T
107.2736131 44.2597633 7.61 T
107.3571152 36.5631378 6.78 T
107.7893108 40.0420603 7.36 T
107.9142114 39.3205527 5.06 T
108.0043557 43.8428043 6.88 T
108.0770934 36.1270058 7.80 T
108.3036831 47.6063251 6.78 T
108.4059345 47.2668367 7.08 T
108.4692257 48.4988548 7.32 T
108.9072660 45.4093400 6.63 T
108.9591810 47.2388004 5.61 T
109.0976897 47.6388727 7.70 T
109.3237429 48.4638014 7.71 T
109.4276608 38.8760674 6.60 T
109.5056288 45.1282366 7.66 T
109.5090969 40.8834603 5.89 T
109.6332012 49.4647698 5.02 T
109.7188687 38.6736230 7.07 T
109.9823836 33.6142705 7.27 T
110.2627549 42.6556816 6.49 T
110.3224779 45.2282652 5.78 T
110.3787360 37.6621127 7.02 T
110.5101362 36.7604449 5.24 T
110.5558461 38.9956918 6.53 T
110.6843153 42.6648531 7.73 T
110.8266139 33.6972237 7.93 T
110.8718732 41.3641121 7.85 T
111.0352508 40.6722543 5.33 T
111.0718017 36.3106728 7.21 T
111.4664770 48.5475934 6.76 T
111.6784520 49.2112129 4.61 T
111.7829452 47.6459301 7.67 T
112.0358657 46.5213843 6.87 T
112.0449126 40.6563651 7.47 T
112.2144642 48.1836553 5.69 T
112.2188594 46.3142058 6.55 T
112.4842064 49.6719401 5.41 T
91.1212500 51.5733333 6.45 B
92.9416667 52.6472222 6.30 B
93.4387500 51.1725000 6.04 B
98.4279167 33.0241667 6.42 B
99.1370833 38.4452778 5.29 B
102.4220833 32.6066667 5.71 B
