180.0370945 -44.8604970 7.91 T
180.4337731 -41.8287470 7.51 T
180.7662918 -49.6539240 7.54 T
180.7779755 -48.1949660 6.63 T
180.8983916 -39.0092872 7.05 T
180.8983916 -39.0092872 7.65 T
180.9176360 -42.4347523 5.20 T
181.1439977 -50.0398034 7.95 T
181.3339181 -49.0070921 7.33 T
181.4858296 -35.6939197 6.21 T
181.5011976 -39.2203043 7.81 T
181.6575087 -37.8601027 6.74 T
181.8453759 -43.2465126 7.25 T
181.8861721 -45.5811609 7.30 T
182.0610859 -48.6925287 5.33 T
182.0804716 -34.6749056 6.85 T
182.2237601 -44.3262539 5.78 T
182.2273636 -41.2316554 5.48 T
182.3348227 -42.8385371 7.98 T
182.5102294 -34.7048594 6.35 T
182.6412656 -37.8705539 6.09 T
182.7421898 -46.3209236 7.59 T
182.7619247 -45.4228610 6.76 T
182.8704924 -44.2830862 6.63 T
183.3036728 -34.1252184 6.62 T
183.3541067 -38.9292492 5.73 T
183.4033823 -33.7930544 6.47 T
183.5110493 -45.7238430 5.78 T
183.5254479 -36.7290215 7.22 T
183.5288572 -36.5564288 7.83 T
183.5749724 -33.7791072 7.40 T
183.7365772 -41.1399153 7.56 T
183.7480935 -36.2209478 7.80 T
183.8740480 -41.9143986 6.36 T
184.3801862 -48.9259033 6.87 T
184.4466240 -36.0940271 6.14 T
184.4478138 -45.3928594 7.93 T
184.6538577 -39.4182681 7.65 T
184.8189372 -47.8300851 7.88 T
184.9823275 -48.3166272 7.39 T
184.9924151 -41.3597402 7.10 T
185.0185099 -37.8042530 7.73 T
185.2248867 -47.4545669 7.14 T
185.2773369 -42.5620370 6.85 T
185.4439786 -49.9489282 6.73 T
185.5356185 -35.5119248 7.12 T
185.6519721 -49.3261699 7.96 T
185.6880645 -39.1786056 6.78 T
185.7086816 -45.6591341 7.61 T
185.8092560 -37.4897334 7.19 T
185.8569133 -41.8478874 7.81 T
185.8972719 -35.4127248 5.30 T
185.9028910 -39.3023384 6.42 T
185.9359291 -38.9114898 5.77 T
186.0538787 -38.9138196 6.90 T
186.0888353 -47.3729568 6.60 T
186.1857882 -41.3847007 6.47 T
186.2843505 -42.5144564 6.17 T
186.3402506 -35.1864538 5.70 T
186.5043240 -49.5881357 6.92 T
186.6310105 -44.7486721 7.62 T
186.6944888 -48.9136837 6.33 T
186.9873593 -36.7072342 7.72 T
187.0933948 -39.0412543 5.43 T
187.3370832 -39.6552561 7.82 T
187.4912255 -41.7360059 6.21 T
187.8280619 -41.5045986 7.77 T
187.9969271 -41.0552408 7.10 T
188.1827010 -45.4600185 7.38 T
188.2760991 -47.0455441 7.47 T
188.3698417 -41.4141709 6.72 T
188.4946495 -49.9100914 6.43 T
188.5363613 -50.0602697 7.25 T
188.6759565 -44.6743019 5.84 T
188.9388218 -41.0219375 5.14 T
189.0038717 -39.8696306 5.78 T
189.1581124 -39.3263169 6.82 T
189.3126480 -35.1017468 7.87 T
189.4239392 -48.5413475 3.85 T
189.6074383 -38.7971443 7.48 T
189.6327640 -47.9428574 7.77 T
189.9422070 -49.1988478 7.99 T
189.9685340 -39.9874566 4.61 T
190.0662242 -37.8570296 7.71 T
190.0913657 -49.4013602 7.09 T
190.2895068 -44.1011941 6.88 T
190.3252028 -48.8175233 7.91 T
190.3451150 -46.1452015 5.99 T
190.3774294 -48.9598294 2.82 T
190.3774294 -48.9598294 2.88 T
190.6465344 -48.8132864 4.77 T
190.8596483 -40.1779430 6.46 T
190.9184900 -35.4141233 7.92 T
190.9230451 -37.7094509 7.61 T
190.9945108 -36.3492038 6.36 T
191.3480377 -48.1704183 6.77 T
191.3657401 -37.4492612 7.69 T
191.4617154 -45.8455776 7.85 T
191.8633181 -38.8221320 7.80 T
192.0683927 -44.7188219 6.88 T
192.2157645 -37.0419732 7.86 T
192.2786763 -42.6342662 7.89 T
192.3432819 -40.7750847 7.02 T
192.3853982 -34.7911089 7.58 T
192.5807353 -48.4595004 6.26 T
192.6713124 -33.9994160 4.89 T
192.9864922 -35.0823947 7.12 T
192.9869879 -39.6805433 5.96 T
193.0221943 -48.0942605 6.31 T
193.0947230 -49.5988162 7.86 T
193.2780219 -48.9434612 4.47 T
193.3597092 -40.1790008 4.28 T
193.3886005 -43.0751036 7.31 T
193.7418516 -44.1533758 5.95 T
193.7790423 -42.2909157 6.79 T
193.8306328 -42.9158143 5.65 T
194.1641833 -47.6863175 7.39 T
194.1641833 -47.6863175 7.68 T
194.5038440 -38.9171549 6.73 T
194.5123134 -39.2673133 7.55 T
194.5447809 -47.0649957 6.85 T
194.6703306 -36.2752433 6.97 T
194.7193253 -39.1057342 6.93 T
194.7803267 -45.9621452 7.87 T
194.9955736 -41.3909082 7.41 T
195.0705874 -48.6037340 7.21 T
195.0737764 -42.5008294 7.88 T
195.2639959 -33.6229630 7.02 T
195.3128946 -44.7519608 7.65 T
195.4414116 -39.6160056 6.77 T
195.4835039 -46.2851650 7.81 T
195.7588207 -34.2930954 7.71 T
195.8883409 -49.5273338 4.83 T
195.9023165 -38.9685442 7.91 T
195.9410486 -34.2503212 7.22 T
195.9473861 -40.8513214 7.04 T
196.1252453 -48.1328514 7.61 T
196.1875423 -40.6825847 7.97 T
196.2008580 -41.1964422 6.45 T
196.2772448 -47.1171343 6.48 T
196.5692984 -48.4634069 4.67 T
196.6465499 -41.5885396 5.71 T
196.7263867 -35.8625513 5.63 T
196.7274139 -49.9063267 4.23 T
196.7330278 -34.1225043 7.36 T
196.9269450 -49.7258856 7.81 T
197.0902352 -36.2239919 6.88 T
197.2739669 -49.4950116 7.82 T
197.3647043 -48.5246910 6.89 T
197.7863469 -42.2330257 5.83 T
197.8457552 -43.3686887 5.35 T
197.8765532 -35.1298992 6.76 T
198.0102560 -37.8027336 4.92 T
198.1310195 -34.7497548 7.83 T
198.2115882 -42.6997158 6.30 T
198.4554631 -34.6742315 7.57 T
198.4666427 -45.1864940 6.99 T
198.4890496 -43.1389796 6.31 T
198.5828256 -42.8524269 6.83 T
198.6039424 -35.4400873 7.86 T
198.6694102 -38.6515297 7.15 T
198.6792066 -48.9576051 5.95 T
198.7890604 -36.3715542 6.28 T
198.8136433 -34.1534509 7.58 T
199.1925281 -41.2829877 7.32 T
199.3080100 -43.9795280 5.83 T
199.3983507 -43.2992659 7.46 T
199.4090801 -37.0172712 7.57 T
199.4357408 -47.5899251 6.62 T
199.5210053 -44.0555003 6.79 T
199.6034748 -45.7647663 6.85 T
199.6797343 -49.8782933 7.34 T
199.9901731 -41.1905878 6.78 T
200.1113965 -49.2238037 7.98 T
200.1465728 -36.7128395 2.73 T
200.2397278 -46.8798772 5.87 T
200.3450754 -39.9900021 7.46 T
200.3576628 -43.6344535 6.66 T
200.4567920 -36.1123660 7.47 T
200.4871543 -38.8548802 7.19 T
200.4968762 -49.9127105 7.74 T
200.5120988 -43.0504957 7.17 T
200.7188086 -47.9432603 6.27 T
200.7607417 -48.5628091 6.35 T
200.8466081 -39.6279769 7.36 T
200.9663502 -49.8229864 6.57 T
200.9689936 -47.8906712 6.88 T
201.0014506 -41.9032414 7.90 T
201.2000656 -34.2899823 7.73 T
201.2480243 -37.0360880 7.76 T
201.4358270 -47.8191256 7.60 T
201.5339223 -39.7554119 5.25 T
201.5690622 -48.7867074 6.68 T
201.7337410 -41.4975555 5.83 T
201.7764636 -49.1437390 6.30 T
201.8109561 -40.1626018 6.51 T
201.8360103 -49.3813024 6.24 T
202.1375015 -48.9724118 7.73 T
202.3167681 -45.5377928 6.60 T
202.4004407 -47.8759380 6.94 T
180.9150000 -42.4341667 5.15 B
182.0216667 -50.6613889 4.47 B
182.0200000 -50.7633333 6.37 B
182.0895833 -50.7225000 2.60 B
182.8808333 -51.3594444 6.23 B
182.9129167 -52.3686111 3.96 B
183.8770833 -41.9130556 6.26 B
186.7008333 -48.9133333 6.26 B
187.0100000 -50.2305556 3.91 B
188.4966667 -49.9094444 6.38 B
189.4258333 -48.5411111 3.86 B
190.3791667 -48.9597222 2.17 B
191.6916667 -33.3155556 5.86 B
193.7437500 -44.1519444 5.89 B
198.0133333 -37.8030556 4.85 B
