315.0276724 48.6794654 7.34 T
315.2076518 46.5785168 7.37 T
315.2955581 46.1557958 5.40 T
315.3097278 43.7217914 7.68 T
315.3593003 40.6178858 7.22 T
315.4479753 44.1863711 6.78 T
315.4894985 47.0194045 7.79 T
315.7026070 45.8488709 6.46 T
315.7703048 38.6573716 6.21 T
315.9102934 45.3679285 7.86 T
315.9307817 46.8627874 6.34 T
315.9672022 41.6278362 6.37 T
315.9741805 46.3305252 7.80 T
316.2328404 43.9278526 3.88 T
316.2407868 35.4295420 7.38 T
316.4333600 47.8047385 7.42 T
316.4843736 48.0444803 7.58 T
316.6504423 47.6483959 4.70 T
316.6822291 48.1890802 7.60 T
316.7632704 38.7615656 6.10 T
316.8057724 47.7343920 7.33 T
316.8122731 44.6741220 7.42 T
316.8266877 49.7903532 7.56 T
316.8489236 47.2775035 7.25 T
316.9481663 44.9642963 7.52 T
317.1234489 47.2570321 7.88 T
317.2413361 47.2710077 7.01 T
317.3941703 45.7384740 7.64 T
317.4119319 42.4330467 7.80 T
317.4943680 45.5025748 6.56 T
317.6289332 47.6922495 6.55 T
317.6606645 38.9611148 7.51 T
317.7657054 36.2995951 6.49 T
317.8148024 45.6741927 6.71 T
317.8413661 41.1851263 7.38 T
317.9781201 40.7742169 7.92 T
318.0289776 45.7034813 7.79 T
318.1229941 38.5664596 7.32 T
318.1847677 49.3296206 7.74 T
318.2221655 35.7975245 6.77 T
318.2892299 43.8737649 7.72 T
318.3086545 35.4895884 7.70 T
318.3139327 33.6931235 7.25 T
318.3601121 36.6332852 6.10 T
318.4243988 45.6114257 7.47 T
318.5227392 37.7815691 7.33 T
318.5824235 34.2942622 7.35 T
318.6990179 38.0480764 3.78 T
318.8640009 42.0271852 6.71 T
318.8917134 37.2523499 7.74 T
318.8981847 44.9545528 7.43 T
318.9049133 47.9739750 6.42 T
318.9913425 45.7316267 7.82 T
319.0714941 44.2382821 6.48 T
319.1115585 48.7924543 7.51 T
319.1234113 42.2517037 6.35 T
319.1654587 36.3210259 7.40 T
319.3466617 42.6835835 6.14 T
319.3539715 39.3946532 4.25 T
319.4017963 39.2096546 7.02 T
319.5122128 46.8573228 7.01 T
319.6133313 43.9458820 5.02 T
319.7304997 41.0404920 6.18 T
319.7502765 39.7493915 6.67 T
319.8325690 38.8065669 7.05 T
319.8424350 38.2374883 5.94 T
319.8698995 49.5103245 5.72 T
320.2557901 40.3435984 6.45 T
320.3355696 46.7299123 6.75 T
320.5020901 49.3892239 5.79 T
320.6207671 49.4913619 6.85 T
320.6950638 38.6341368 6.62 T
320.7131491 40.6972036 7.54 T
320.8231498 39.3496333 7.33 T
320.8370784 44.5182401 7.19 T
320.8463310 37.4067221 6.61 T
320.8982869 40.0186640 7.22 T
320.9590884 47.1645338 7.16 T
321.0248061 48.5567739 7.50 T
321.0425170 48.8195345 7.41 T
321.2308420 49.3230589 6.56 T
321.3331763 46.7146313 5.62 T
321.4459875 36.6673291 5.89 T
321.6184166 49.2802205 7.95 T
321.6940434 43.8123222 7.45 T
321.7156682 48.8353262 5.30 T
321.7534178 43.2307100 7.63 T
321.8390186 37.1168174 5.27 T
321.8730755 47.8022734 7.47 T
321.9737644 35.4091953 7.15 T
321.9763640 46.5615008 6.84 T
322.1017597 48.4341980 7.57 T
322.2020027 49.7950600 6.80 T
322.2763791 44.9230199 6.97 T
322.3118684 44.3381084 7.62 T
322.3626851 46.5412430 5.32 T
322.4031075 46.4264464 6.74 T
322.4990479 41.5102970 7.36 T
322.5037673 45.4941421 6.94 T
322.5251034 35.4723872 7.28 T
322.5788344 48.3907316 7.34 T
322.6077307 44.8750138 6.80 T
322.8465175 48.3563780 7.84 T
322.9037827 42.7007649 7.21 T
322.9265069 48.5844928 6.82 T
322.9359376 48.4842261 7.64 T
323.0194469 34.2017024 7.53 T
323.0614987 46.2572203 7.37 T
323.0710408 48.4437092 6.57 T
323.2359603 49.9777272 5.75 T
323.2920271 48.3032859 6.82 T
323.3973953 38.5274510 7.67 T
323.4949915 45.5912416 4.08 T
323.6581941 42.4045559 7.62 T
323.6949876 38.5346574 4.99 T
323.7518556 47.0898957 7.82 T
323.7860057 43.7033172 6.79 T
324.0109740 45.3745822 6.18 T
324.2373763 40.4135996 5.06 T
324.3661273 44.6963887 6.21 T
324.4529373 39.3171893 6.73 T
324.4973474 48.4870590 7.62 T
324.8122441 46.1754167 7.62 T
324.9744068 39.5149687 7.01 T
324.9749499 44.4321473 6.74 T
325.0468356 43.2739151 5.28 T
325.0481720 49.6829991 7.12 T
325.3925759 40.8049220 6.08 T
325.5958874 41.0770203 5.73 T
325.6423740 42.4406557 7.48 T
325.6617283 49.6002314 6.20 T
325.7341123 37.9050245 7.46 T
325.7768213 41.1549000 5.70 T
325.8571684 38.2835725 5.69 T
325.9029128 38.3043940 7.00 T
326.0715302 49.2689959 7.50 T
326.1057947 46.8629823 6.65 T
326.4361827 35.8573841 6.55 T
326.5693072 43.0608402 6.56 T
327.1224903 38.6485766 6.08 T
327.4170288 41.1487475 6.52 T
327.7708320 39.5366786 6.18 T
328.2679584 41.6031865 7.52 T
328.6533096 47.1556165 7.50 T
328.6747851 48.1984954 7.48 T
328.7447848 34.7732098 7.22 T
328.8014275 47.4504795 7.66 T
328.8744195 44.9485401 7.71 T
328.8967666 34.9769787 7.17 T
329.2593217 48.6685855 6.49 T
329.4640325 46.8644515 7.54 T
329.5265290 38.9268705 7.65 T
329.5464884 43.2387559 7.41 T
329.7325326 41.6961884 7.58 T
329.9247085 49.1230992 7.63 T
330.0464232 42.5835534 7.58 T
330.2780153 39.2459410 7.11 T
330.6849225 42.8145263 7.20 T
330.7358790 44.6496450 5.71 T
330.8652741 49.6648860 7.55 T
330.9660888 44.5902747 7.76 T
331.0279789 44.3450953 6.57 T
331.4297741 41.3523142 7.72 T
331.4603258 45.1124999 6.49 T
331.4634055 48.2314621 6.24 T
331.5080531 45.0142541 5.26 T
331.5513048 45.2486720 6.19 T
331.7648555 34.5218687 7.27 T
331.9541642 42.9532826 7.89 T
332.1696134 45.7425642 6.23 T
332.1746002 47.9333928 6.85 T
332.2720141 44.8547575 6.77 T
332.3134388 44.8464713 6.73 T
332.5271779 35.2136950 6.99 T
332.7702834 48.6773793 6.62 T
333.0076344 47.0956643 6.68 T
333.1994054 34.6042708 5.47 T
333.4087457 49.4713666 7.14 T
333.4558383 45.4406473 5.52 T
333.4699976 39.7150165 4.66 T
333.5900016 36.8317772 7.67 T
333.6852804 42.9537804 5.71 T
333.8718219 43.7481545 7.60 T
333.9524662 43.9007288 7.64 T
333.9924622 37.7487557 4.28 T
334.0040343 45.0891456 7.16 T
334.3681730 49.1270020 6.57 T
334.7346459 37.7695694 6.21 T
335.1297121 35.1145128 7.53 T
335.2566597 46.5365753 4.52 T
335.2838389 48.2399424 7.62 T
335.4620703 42.0781409 6.36 T
335.7095446 36.6593871 6.57 T
335.9780980 38.5743838 6.23 T
336.0533822 48.8218610 7.62 T
336.1290699 49.4763914 4.59 T
336.7551865 45.7893667 7.45 T
336.8604151 39.8100001 6.12 T
337.3825634 47.7068706 4.55 T
337.3880576 47.7638343 7.90 T
318.6979167 38.0455556 3.72 B
320.2558333 40.3455556 6.40 B
320.9512500 37.3513889 6.47 B
323.3245833 45.8541667 6.25 B
325.5045833 35.5102778 6.07 B
325.5350000 45.7658333 6.17 B
325.5237500 51.1897222 4.67 B
326.6983333 49.3094444 4.23 B
327.0345833 36.5805556 6.47 B
330.4608333 52.8822222 5.78 B
331.3183333 46.7447222 6.13 B
332.0687500 49.7963889 6.42 B
