204.7562199 -24.8628269 7.64 T
205.0360911 -27.5778537 6.96 T
205.2111065 -17.7927438 7.93 T
205.3633140 -26.5313370 7.35 T
205.3726466 -27.2320914 7.96 T
205.3784987 -23.4497950 6.61 T
205.4328406 -18.5530587 7.89 T
205.4695310 -18.9848951 7.60 T
205.6480540 -12.0870291 7.50 T
206.0649886 -11.4368239 7.89 T
206.0918621 -14.7605547 7.65 T
206.1243589 -16.1791161 5.66 T
206.1303623 -17.9369876 7.50 T
206.1858385 -14.2262603 6.97 T
206.1898634 -25.5010690 6.36 T
206.2861461 -14.7669906 7.87 T
206.3958329 -15.7676212 6.18 T
206.4032187 -26.1160838 5.80 T
206.4676373 -11.2205030 7.73 T
206.4845045 -12.4264862 5.66 T
206.8046048 -19.2558807 6.75 T
206.8561949 -17.8600359 5.61 T
206.9819789 -18.5727267 7.68 T
207.2380174 -20.7482498 7.13 T
207.4671927 -18.1343970 5.08 T
207.5613201 -20.8693214 7.27 T
207.5868337 -13.1102805 7.71 T
207.6438885 -19.8978439 6.59 T
207.6965637 -24.9796211 7.60 T
207.7045121 -11.3588087 7.94 T
207.7367718 -20.9849743 7.83 T
207.7742093 -13.6793538 7.19 T
207.8306863 -24.3922907 6.52 T
207.8956461 -13.0150840 7.14 T
208.0643972 -14.6765226 7.37 T
208.1613732 -18.7089893 7.06 T
208.4255512 -26.7074302 7.78 T
208.4654852 -14.6642837 7.46 T
208.5110159 -23.5429325 7.94 T
208.5330001 -11.6952729 7.53 T
208.5888760 -17.1801607 6.75 T
208.6324231 -22.2455546 6.82 T
208.7571841 -19.2173188 7.09 T
208.9034164 -16.1447716 7.96 T
209.1303808 -27.6381094 6.93 T
209.2190267 -27.6622499 7.95 T
209.2471182 -23.1037517 7.60 T
209.2725386 -24.4139558 7.86 T
209.3652755 -23.0225851 6.30 T
209.4955146 -25.9980591 6.57 T
209.6126837 -12.0602207 7.15 T
209.6244137 -14.1220610 6.96 T
209.7656122 -18.6228618 7.22 T
209.9991540 -25.0109747 5.82 T
210.0310627 -13.4667105 7.80 T
210.1502552 -26.2673989 6.79 T
210.5947016 -27.4297970 5.62 T
210.6351066 -19.8099992 7.24 T
210.6608888 -26.8480101 7.57 T
210.7657289 -17.3670724 6.47 T
210.9711299 -22.4215428 6.35 T
211.0500963 -12.1298555 7.98 T
211.1121879 -14.9718376 6.47 T
211.2734776 -22.6221853 7.33 T
211.3036771 -14.8573586 7.35 T
211.3084045 -16.3359870 6.59 T
211.5468431 -24.7405722 7.76 T
211.5794585 -26.5794464 7.41 T
211.5932067 -26.6832411 3.37 T
211.6385816 -17.4561750 7.90 T
211.6734814 -14.2050107 6.80 T
211.6757889 -11.5018147 7.83 T
211.7582197 -27.3527316 7.60 T
211.8074450 -16.1905112 7.27 T
212.1037397 -12.5654206 8.00 T
212.1206263 -11.8295016 6.86 T
212.2513229 -19.2459271 7.30 T
212.2539529 -18.5008372 7.80 T
212.3045647 -22.5372082 7.82 T
212.5508661 -25.4006970 7.49 T
212.5830538 -14.2221260 7.71 T
212.7103807 -16.3021022 5.14 T
212.7819949 -11.9529400 7.58 T
212.9410599 -19.0176118 7.89 T
213.1024841 -24.3633781 6.50 T
213.1916725 -27.2613979 5.20 T
213.2347513 -25.5044597 7.35 T
213.2904625 -13.8600775 7.07 T
213.3053182 -26.6124268 6.35 T
213.4292012 -11.8384765 7.09 T
213.4479515 -13.3410665 7.98 T
213.7161584 -21.0647601 7.61 T
214.2657388 -18.5857446 6.33 T
214.3647112 -19.9639389 6.98 T
214.3878707 -26.9584422 7.31 T
214.4236309 -21.8288665 7.40 T
214.7047798 -12.0633182 7.97 T
214.7513003 -25.8131463 5.93 T
214.7737617 -22.9535490 7.87 T
214.7773601 -13.3709011 4.53 T
214.7796759 -27.1411455 6.54 T
214.8119623 -14.4080720 7.68 T
214.8571249 -18.5237026 7.35 T
215.1143020 -17.5285007 7.97 T
215.1494492 -24.5068497 7.83 T
215.2093175 -19.3320596 7.76 T
215.3172390 -11.3985234 7.82 T
215.4180856 -27.3227343 7.52 T
215.6444907 -20.7574773 6.93 T
215.8567256 -11.7144029 6.33 T
215.9274726 -12.9803189 7.85 T
215.9541162 -12.9429117 7.73 T
215.9902404 -16.1019500 6.70 T
216.0017801 -19.8012087 7.45 T
216.1489348 -14.0815363 7.43 T
216.1571688 -14.7135155 7.96 T
216.1696740 -11.6698449 6.87 T
216.1696740 -11.6698449 7.94 T
216.2022412 -24.8064271 5.44 T
216.3229353 -13.3531448 6.62 T
216.3649301 -19.9659119 7.16 T
216.3743788 -19.9700696 6.61 T
216.4489761 -26.8525650 6.59 T
216.5176431 -27.2252283 7.98 T
216.8379308 -14.8391510 7.37 T
216.8556032 -15.8132149 7.90 T
216.8889448 -21.9918606 7.45 T
216.9382847 -13.3594900 6.70 T
217.0747256 -20.5647617 7.97 T
217.1240554 -22.9749806 7.89 T
217.3795724 -26.0133314 7.04 T
217.4580861 -25.5431269 7.87 T
217.5578381 -15.2480126 7.14 T
217.6685067 -22.4609398 6.98 T
217.6860872 -26.8359718 7.87 T
217.7166425 -20.7184019 7.18 T
217.7525938 -25.3150348 7.80 T
217.9892319 -16.3626423 7.72 T
218.0204255 -27.7097513 7.56 T
218.0330665 -23.4466393 7.09 T
218.0514640 -26.7850373 7.59 T
218.2888489 -24.0180664 7.31 T
218.5156381 -16.8196362 7.20 T
218.6111886 -22.3911798 7.52 T
218.7114704 -20.4393933 6.50 T
219.0318919 -22.1773294 7.25 T
219.2434780 -12.3030554 6.25 T
219.4985051 -23.1643744 7.76 T
219.5275182 -12.9110194 7.55 T
219.7274238 -22.3284247 7.89 T
219.7336685 -23.3117100 7.93 T
219.8418875 -25.0287746 7.32 T
219.9209150 -26.7238690 7.05 T
219.9975852 -27.1347988 7.24 T
220.0354609 -16.2021660 7.83 T
220.1044425 -26.2557198 7.06 T
220.1288406 -16.2096983 7.31 T
220.1340513 -14.0467830 7.16 T
220.2134627 -24.0578117 7.25 T
220.2323596 -26.4286384 7.51 T
220.2777714 -22.6186179 7.30 T
220.3292456 -11.3644713 7.85 T
220.3555401 -19.9281165 7.16 T
220.5094880 -12.2349122 6.96 T
220.5972721 -23.4257097 7.27 T
220.6873632 -19.3115905 7.01 T
220.7149210 -24.4921249 7.87 T
220.8063049 -24.9978151 5.69 T
221.0736106 -24.1285791 6.98 T
221.4343230 -22.4105099 7.67 T
221.4712160 -17.6987388 7.47 T
221.4904312 -15.4595304 6.48 T
221.4992886 -25.4438519 5.12 T
221.5283674 -23.1534097 5.91 T
221.5449252 -21.1765833 6.50 T
221.6161229 -22.4042884 7.38 T
221.8067976 -21.3248623 6.24 T
221.8439307 -25.6243485 5.60 T
221.9304480 -27.6992511 7.61 T
221.9369633 -26.0875531 5.33 T
221.9792888 -12.8405979 6.45 T
221.9897601 -26.6462057 5.76 T
222.1200993 -25.4859809 7.09 T
222.1315992 -17.3404667 7.92 T
222.2039472 -13.1195634 7.79 T
222.3279677 -24.2514628 5.84 T
222.3652317 -19.9035583 7.22 T
209.6295833 -24.9722222 5.15 B
213.2241667 -10.2736111 4.19 B
213.7554167 -29.2819444 6.08 B
213.8504167 -18.2008333 5.43 B
214.6595833 -18.7161111 5.90 B
214.7533333 -25.8155556 5.87 B
215.7741667 -27.7538889 4.77 B
