114.8000044 24.2225311 6.17 T
115.2437785 23.0184489 6.09 T
115.2628729 24.9648953 7.31 T
115.3942898 22.1173023 7.59 T
115.4360547 23.5143426 7.72 T
115.4657959 13.4803076 5.98 T
115.5133964 14.2084296 5.76 T
115.6400122 17.6925576 7.79 T
115.6789862 22.2238779 7.18 T
115.8422814 22.3995668 6.33 T
115.9728088 15.2575571 7.30 T
115.9917537 24.2439503 7.09 T
116.0287160 25.7840234 5.47 T
116.0583708 20.2007680 7.41 T
116.0584999 12.8599582 6.56 T
116.1116847 24.3976582 3.66 T
116.2524687 15.8949317 7.86 T
116.2888518 20.3160438 6.53 T
116.4710098 26.7254867 7.87 T
116.5305324 18.5096998 5.04 T
116.5333380 21.1219348 7.48 T
116.5429419 23.5486370 7.64 T
116.7874585 23.6635338 7.62 T
117.0943311 18.3366495 7.01 T
117.1401019 23.1409732 6.27 T
117.2236860 18.1900190 7.02 T
117.2578953 13.3718188 6.22 T
117.3277001 24.4885991 7.16 T
117.3845903 12.8141390 6.53 T
117.4172530 12.1485474 7.22 T
117.4485375 26.2637941 6.93 T
117.4793562 27.3631023 6.99 T
117.6311826 14.8414357 7.34 T
117.6656059 24.1609737 7.09 T
117.9862328 19.3248440 6.16 T
118.2541844 22.3345086 7.16 T
118.2723816 15.3773709 7.98 T
118.3740108 26.7656124 4.98 T
118.4390625 26.5630149 7.66 T
118.4898320 16.0360761 7.26 T
118.5490879 13.4208856 7.33 T
118.7582689 12.5694485 7.09 T
118.9161287 19.8837180 5.36 T
119.0103948 23.6917783 7.36 T
119.0267038 23.6236977 6.78 T
119.1156130 11.7489564 7.91 T
119.2368026 11.6882719 7.71 T
119.2475431 15.7900248 5.94 T
119.2738624 20.9669308 7.23 T
119.5462719 13.3292729 7.60 T
119.6310785 16.5186620 6.18 T
119.8233115 16.8189342 7.58 T
119.8926009 20.8404290 7.77 T
119.8959244 13.2420680 6.21 T
119.9273870 23.1827753 7.04 T
120.0896672 12.2136982 7.90 T
120.1088707 25.0337715 7.98 T
120.1349868 18.8430736 7.09 T
120.1518390 12.6417381 6.71 T
120.1717859 18.2455071 7.20 T
120.1970372 17.3086773 5.74 T
120.2004892 19.8161715 6.41 T
120.2045927 12.6784175 6.77 T
120.2329248 25.3928803 5.97 T
120.2531228 23.5829604 6.48 T
120.3762273 16.4552698 5.98 T
120.4321502 25.0895431 6.30 T
120.5195841 19.7371669 7.63 T
120.6779900 14.9493242 7.32 T
120.7379714 12.9443026 7.43 T
120.8270588 26.2675776 7.71 T
120.8270588 26.2675776 7.93 T
120.8689225 12.1809390 6.79 T
120.8923158 20.3383499 7.14 T
120.9600470 22.0707834 6.96 T
121.0240795 13.6878389 6.83 T
121.1168003 21.0082183 7.53 T
121.1249427 13.7745718 7.83 T
121.1886011 18.8418905 6.19 T
121.2684773 13.1178058 5.14 T
121.3883281 13.5040893 6.92 T
121.4044308 27.5295068 6.70 T
121.5374824 15.3466792 7.64 T
121.5766037 22.6354318 6.16 T
121.6426008 22.4564654 7.28 T
121.8580029 19.8174129 7.75 T
121.9332579 27.0132760 7.84 T
121.9412208 21.5813965 5.36 T
122.0358451 19.2153325 7.71 T
122.1768784 13.6408198 6.30 T
122.2066952 27.4802384 7.06 T
122.3534528 24.8260506 7.39 T
122.5268133 14.5073852 7.66 T
122.5544902 25.8442811 6.58 T
122.6127672 25.5051556 5.81 T
122.7452075 14.6293679 6.21 T
122.9546638 16.5222643 7.43 T
122.9551218 13.4450893 7.39 T
123.0537137 17.6469409 5.30 T
123.0537137 17.6469409 6.25 T
123.0555031 17.6476677 5.85 T
123.0922976 14.0040823 6.54 T
123.2488156 16.5142113 6.14 T
123.4234646 23.1376641 6.57 T
123.5464059 17.6760315 6.51 T
123.5873517 13.0481886 6.49 T
123.6127165 20.7077778 6.97 T
123.7480746 16.0786368 7.26 T
123.8870899 11.4294914 7.78 T
124.1409415 11.7261776 7.25 T
124.4012392 24.8370386 7.61 T
124.5273206 26.4245121 7.20 T
124.5599780 15.6778848 6.52 T
124.7278715 26.3352669 7.18 T
124.7861423 16.1217714 6.96 T
124.7882688 24.1746959 7.32 T
124.8060096 14.2008452 7.93 T
125.0029593 23.8092093 7.91 T
125.0159627 27.2153545 5.18 T
125.0878081 20.7474441 5.92 T
125.1337584 24.0221976 5.90 T
125.3672468 21.9091126 7.42 T
125.4715586 13.6240071 7.36 T
125.6326868 16.1623902 6.79 T
125.8406513 18.3320173 5.96 T
126.1892198 17.1809702 7.12 T
126.2049300 20.1529538 7.41 T
126.2296867 23.9456951 7.53 T
126.4565616 17.0453154 6.15 T
126.6655019 24.5336731 6.92 T
126.6668980 24.5346888 7.53 T
126.6829678 12.6539594 5.76 T
126.9743846 18.0686736 7.97 T
127.0298410 21.1476645 6.99 T
127.1530737 24.1445894 6.07 T
127.1554908 14.2107444 5.97 T
127.4167881 24.3445622 7.15 T
127.4562276 26.1927854 6.80 T
127.7517236 18.9683511 7.45 T
127.8159695 25.7402625 7.58 T
127.8766028 24.0808286 5.73 T
127.8984825 18.0940612 5.53 T
127.9212109 19.4611556 7.86 T
127.9218996 18.9876096 6.63 T
128.0474748 12.8027652 7.41 T
128.1767765 20.4408820 5.47 T
128.2499983 24.0845047 6.46 T
128.4374811 13.2570092 6.38 T
128.7671965 11.2833995 7.53 T
128.8307935 19.5899847 6.64 T
128.9375574 19.7710826 7.50 T
129.0102656 24.0511624 6.99 T
129.0321737 15.3134811 6.35 T
129.0456359 13.7775486 7.39 T
129.0724273 20.3413991 7.47 T
129.1780220 25.9372346 7.47 T
129.4038996 19.7328508 7.76 T
129.4446128 19.2671340 6.75 T
129.5345629 26.0478383 7.61 T
129.5964272 20.2072848 7.86 T
129.6893457 23.6849660 6.95 T
129.7752135 19.6767424 7.47 T
129.9274834 19.7783745 6.66 T
129.9280280 20.0861433 7.77 T
129.9358771 19.2751334 7.66 T
129.9609455 11.5195463 7.71 T
129.9611086 19.5407323 6.67 T
129.9851601 19.5529177 7.31 T
129.9904962 19.5413916 7.47 T
130.0265178 20.0077080 6.47 T
130.0474957 19.9710464 6.58 T
130.0751971 19.5319156 7.48 T
130.0837057 19.3489201 6.79 T
130.0862036 19.6866609 7.61 T
130.0917959 19.6698548 6.52 T
130.0975352 19.8348919 7.96 T
130.1123252 19.5447207 6.28 T
130.1632665 19.2282156 7.79 T
130.1797991 19.7192436 6.83 T
130.2272347 16.4997099 7.85 T
130.2343247 19.5802662 6.75 T
130.3138022 20.4768998 6.75 T
130.4584250 19.8740830 6.99 T
130.5268331 19.4111764 7.96 T
130.5448058 18.9343242 7.93 T
130.7257676 16.4498299 7.82 T
130.8013007 12.6808831 5.68 T
130.8207284 21.4682493 4.65 T
131.1711409 18.1528852 4.05 T
131.3318648 15.0467038 7.84 T
131.3726295 18.8174885 6.81 T
131.4588108 20.0218761 7.64 T
131.5597086 27.5942861 7.39 T
131.5842245 20.6163419 7.13 T
131.5888710 20.4141225 7.60 T
131.6226855 17.4957337 7.91 T
131.7329982 12.1096228 5.90 T
131.8254893 15.3291559 7.85 T
132.1646309 12.5469203 6.86 T
132.6916339 26.8267267 7.46 T
114.8691667 17.6747222 5.05 B
122.6133333 25.5072222 5.73 B
125.0162500 27.2177778 5.14 B
126.6950000 26.9344444 6.32 B
132.6879167 18.8322222 6.16 B
