339.9819518 22.8768853 7.59 T
340.1280421 20.0413909 7.41 T
340.2213199 14.5500702 5.83 T
340.2498045 25.2099893 7.26 T
340.2782703 15.4852860 7.78 T
340.3571038 23.8464695 7.36 T
340.4570398 22.3894507 7.47 T
340.4900048 14.5162641 6.04 T
340.5108623 22.0998462 7.25 T
340.6628824 14.0331605 7.94 T
340.7752878 23.0323811 7.99 T
340.8266537 17.2511282 7.96 T
340.9553069 16.5365403 7.66 T
341.0671022 20.9373073 7.67 T
341.1218240 21.9518187 7.86 T
341.1224645 14.2905448 7.50 T
341.2104171 24.3785130 7.36 T
341.2933337 11.6860486 7.60 T
341.3672336 19.3669220 6.39 T
341.4750099 11.2003158 7.31 T
341.4936510 19.2503127 7.62 T
341.6747500 12.1698130 4.25 T
341.6865485 14.9948414 7.71 T
341.6873666 25.8032944 7.96 T
341.7604246 17.2329595 7.31 T
341.8039180 23.9849826 7.99 T
341.8402588 14.1229328 7.08 T
342.3124905 23.8939331 7.77 T
342.5018137 24.6013008 3.60 T
342.6634391 19.1411568 6.64 T
342.7176279 18.0021966 7.52 T
342.8610679 26.3911260 6.99 T
342.9423097 15.0858776 7.01 T
343.0910375 15.8822033 7.17 T
343.2593014 16.8410336 6.02 T
343.2881588 26.9771895 7.54 T
343.5195676 19.5981028 7.88 T
343.5304544 19.8911593 7.08 T
343.5754125 17.7948520 6.71 T
343.6485299 16.9417937 6.65 T
343.6682560 24.3871936 7.66 T
343.7540064 19.5595574 7.65 T
343.8788425 17.7966232 7.92 T
343.8927971 18.1961011 7.72 T
344.0991231 22.9558905 7.47 T
344.1034153 13.0543540 7.85 T
344.2148081 11.8482887 6.63 T
344.2510165 14.4189331 8.00 T
344.2835017 14.0142650 7.97 T
344.3679758 20.7692034 5.53 T
344.4851285 13.6119367 7.52 T
344.5269454 21.5129658 7.55 T
344.5839429 11.2877857 7.94 T
344.7994274 11.7286043 5.82 T
344.9691919 13.8624732 7.65 T
345.0158516 21.2193061 7.68 T
345.0400443 13.9247587 7.63 T
345.1350127 13.4684440 6.84 T
345.2052243 21.3816007 7.57 T
345.2600962 22.3913888 7.74 T
345.3380312 14.8707702 7.20 T
345.3959785 23.0732617 7.75 T
345.4769607 19.8376618 7.33 T
345.5878367 23.3405537 6.84 T
345.6465602 16.2324743 6.69 T
345.6844568 23.1302831 7.27 T
345.7434580 16.4575765 7.41 T
345.7699583 20.9184052 6.74 T
345.8977848 23.3786190 7.67 T
345.9606189 21.5978086 7.29 T
346.2536266 18.6312856 7.27 T
346.2639392 24.5218282 7.14 T
346.2749861 16.5615597 6.52 T
346.3708381 24.6529752 7.09 T
346.3723529 26.0092762 7.78 T
346.3823139 14.4522345 7.17 T
346.3877809 14.9590021 6.76 T
346.3972414 20.2410575 7.31 T
346.4859620 18.0872343 7.57 T
346.5553177 18.9903779 7.58 T
346.5770913 18.5181395 6.20 T
346.6347710 19.9108897 6.50 T
346.7780879 25.4680638 4.90 T
346.8561729 20.5814232 6.84 T
346.8703577 21.1339448 5.99 T
346.9504910 12.6730758 7.66 T
347.1153842 13.7293032 7.91 T
347.2901882 26.9129931 7.78 T
347.3445708 18.7358141 6.74 T
347.4871323 14.4260272 6.61 T
347.6771022 26.5229778 7.14 T
347.6778145 17.5941953 5.82 T
347.9536300 26.8466077 6.29 T
348.4511239 15.3671865 7.44 T
348.4975103 19.6338589 6.60 T
348.4993276 24.2330666 7.94 T
348.5673443 19.7654019 7.80 T
348.6271806 20.4422244 7.16 T
348.6528217 24.1029256 6.47 T
348.8291098 12.4378249 7.69 T
348.8384487 23.8679277 8.00 T
348.8459994 25.6723344 6.89 T
348.9210026 24.4221015 7.91 T
348.9918560 24.7709618 6.61 T
349.0333651 18.2573614 7.67 T
349.4049930 18.3045598 6.77 T
349.4424637 16.5478574 7.86 T
349.5638641 27.6001276 7.32 T
349.5783569 16.9853658 7.66 T
349.6200826 27.6034881 7.00 T
349.9022214 27.4897635 7.68 T
349.9226970 23.8250210 7.26 T
350.0484229 23.0910315 6.78 T
350.1587271 21.1890367 7.04 T
350.1595567 23.7402887 4.60 T
350.1669288 19.8407156 7.36 T
350.1884859 15.0478685 7.66 T
350.2406323 17.2528267 6.70 T
350.4552687 20.6376452 7.38 T
350.4920724 26.6084485 6.63 T
350.5553884 19.3987903 7.84 T
350.5586741 23.5515661 7.40 T
350.6190994 25.9184123 6.54 T
350.6689371 20.8286313 6.26 T
350.7048841 20.5588716 6.74 T
350.7691972 12.3138329 5.23 T
350.9810641 21.3575868 7.70 T
351.0777047 21.4126951 7.48 T
351.0787818 23.7598200 7.07 T
351.0996336 14.4789797 7.65 T
351.1892510 25.4963866 7.35 T
351.3462444 23.4043259 4.49 T
351.4145335 24.9536264 7.00 T
351.4986916 27.7069483 7.92 T
351.7326731 25.4025685 7.51 T
351.8560835 25.4675680 7.96 T
351.9184639 25.1670652 5.97 T
351.9927288 23.5868915 7.95 T
352.0533811 18.5381819 7.45 T
352.0979527 19.8855137 6.70 T
352.2592407 16.0125503 7.11 T
352.2734396 23.0475553 6.57 T
352.2891418 12.7607116 4.64 T
352.4761302 24.7721759 7.32 T
352.5079409 21.5494558 7.11 T
352.6320647 16.5630932 7.55 T
352.6820663 22.0473598 7.62 T
352.7713919 18.7788903 7.89 T
352.9234614 24.1109283 7.68 T
353.1031341 17.4040816 7.23 T
353.1209414 23.8434464 6.58 T
353.3671197 22.4986719 5.58 T
353.3675965 24.3424978 6.93 T
353.3966670 17.8189806 6.88 T
353.4029465 22.3289709 7.97 T
353.4811407 20.8408446 6.32 T
353.5865816 12.3670553 7.99 T
353.7478808 24.4256865 6.79 T
353.7737331 16.4792429 7.91 T
353.7952926 12.6617046 6.96 T
353.9067210 14.5936525 7.48 T
353.9830868 24.5610712 6.64 T
354.0295076 18.4439658 7.70 T
354.1163222 20.6649044 7.67 T
354.2354199 21.7230551 7.67 T
354.3282513 22.2400914 7.72 T
354.3378957 22.4892281 7.79 T
354.4164505 16.8254762 6.25 T
354.4869950 18.4007915 5.48 T
354.5419063 20.5691411 7.49 T
354.7064425 23.3080741 7.19 T
354.7228229 12.1944394 7.60 T
355.0049712 27.5150894 6.77 T
355.0091847 14.8105473 7.95 T
355.0152612 26.8021879 7.62 T
355.0685959 18.2142107 7.23 T
355.1300607 24.6950811 7.94 T
355.3921848 24.2237197 7.63 T
355.6306014 18.6662985 7.39 T
355.6833482 16.3357942 6.40 T
355.8912243 25.0964242 7.88 T
355.9958586 17.5115177 7.76 T
356.2664550 21.3896715 6.90 T
356.3002106 15.0434194 7.73 T
356.3723506 20.4153754 6.75 T
356.4048009 13.1525162 7.16 T
356.4423640 26.3352671 7.89 T
356.7180774 17.5290365 7.95 T
356.8465152 26.1311668 7.99 T
356.8722452 25.5794797 6.92 T
356.8837248 16.9374369 7.97 T
357.0487943 27.7148162 7.89 T
357.1302573 25.6536756 7.11 T
357.3260397 22.8543618 7.07 T
357.3337886 27.0337020 7.94 T
357.4608264 27.6806942 7.05 T
357.5442416 24.8580133 7.57 T
339.7191667 19.5222222 5.82 B
339.9458333 19.6811111 6.21 B
344.3662500 20.7688889 5.49 B
346.1904167 15.2052778 2.49 B
346.2762500 16.5630556 6.44 B
346.6329167 19.9108333 6.30 B
348.2666667 29.4416667 6.35 B
348.3604167 11.0650000 5.82 B
348.5904167 29.7716667 6.41 B
348.9429167 28.2477778 6.49 B
358.1220833 19.1202778 5.08 B
