0.0374461 46.9399880 7.35 T
0.1819599 45.2533394 6.34 T
0.3303379 49.9814925 6.32 T
0.3900615 44.6752973 6.93 T
0.4327404 42.3671325 6.23 T
0.6259084 47.4227208 7.67 T
0.6767788 42.9205707 7.94 T
0.7850783 42.7478792 6.72 T
0.9241172 48.4368407 6.79 T
0.9358020 42.0235872 7.48 T
1.1523384 42.0924698 6.16 T
1.2298398 34.6603812 6.17 T
1.2398920 45.6733200 7.64 T
1.2903961 45.2289109 6.70 T
1.3041994 35.5707868 6.89 T
1.3428513 49.7694799 7.63 T
1.4875601 49.6223388 7.66 T
1.4927617 44.7393688 7.96 T
1.5176939 40.4185271 6.76 T
1.9077346 40.1478360 6.84 T
1.9296995 37.1853457 7.59 T
1.9623294 38.7215930 7.69 T
2.1194793 34.9346145 7.46 T
2.1696798 36.6263546 6.26 T
2.2663611 40.8417839 7.04 T
2.3650160 46.3877988 7.16 T
2.5132458 46.3902298 7.84 T
2.5802383 46.0722799 5.07 T
2.6956504 37.4740029 7.81 T
2.9967442 48.1524652 6.34 T
3.0590758 39.9015754 7.45 T
3.1431919 44.7070590 6.64 T
3.2010111 46.0953064 6.67 T
3.2093592 37.6936411 6.69 T
3.2574817 49.9265578 7.20 T
3.3359872 49.7233370 7.31 T
3.3774768 41.0344569 5.74 T
3.4039467 47.1932634 7.99 T
3.6410543 41.0327889 6.81 T
3.8243524 44.2033793 6.76 T
4.0900248 43.5949324 6.16 T
4.1790091 36.6296775 7.12 T
4.2724710 38.6815616 4.61 T
4.2877204 47.9473757 5.84 T
4.4113046 44.7448938 7.89 T
4.5813984 36.7849611 4.51 T
4.6693604 44.6299004 7.06 T
4.6759137 43.7911554 6.08 T
4.9229514 40.7293491 6.47 T
5.0005717 38.2256670 7.04 T
5.0214994 48.8653651 6.54 T
5.1289635 48.9686121 6.54 T
5.1324275 43.6941494 7.96 T
5.1380626 45.5088173 7.09 T
5.2291370 46.4859875 7.93 T
5.2807428 37.9683589 5.21 T
5.2882273 35.8787067 7.39 T
5.7630989 44.5252264 7.31 T
6.0218410 44.2647099 6.71 T
6.5113514 35.8192716 7.54 T
6.8019338 49.9856919 6.96 T
7.0576461 44.3943745 5.18 T
7.2360743 36.8996708 6.38 T
7.4648928 38.3236251 7.51 T
7.7176305 41.5215035 7.66 T
7.8038274 43.9465035 6.73 T
7.8545750 38.9805578 7.31 T
7.8572217 33.5815581 6.00 T
7.9702871 48.6578377 7.90 T
8.0586513 34.9937264 6.74 T
8.1118854 43.4947305 6.69 T
8.1798733 38.8436452 6.93 T
8.2158762 35.8578895 7.95 T
8.6275313 47.9159294 7.44 T
8.8769200 35.6590714 7.72 T
8.9528564 49.0211138 7.05 T
9.0644476 48.5557390 7.49 T
9.0844661 44.6388684 7.29 T
9.1931842 44.4887996 5.32 T
9.2202514 33.7193264 4.32 T
9.2216196 33.7094594 7.08 T
9.3383308 35.3994781 5.53 T
9.3598866 40.3323746 6.84 T
9.4884974 47.4071918 7.59 T
9.6727001 46.9568642 6.85 T
9.7446387 44.6631006 7.88 T
9.7913019 49.3545651 5.62 T
10.2798071 39.4586413 5.40 T
10.3007115 39.6037826 7.96 T
10.4273575 49.8330898 7.68 T
10.4635061 38.8962546 7.62 T
10.5058442 40.6878622 7.08 T
10.8667390 47.0243117 4.97 T
11.1087659 47.8640360 5.63 T
11.5142180 40.8085378 7.62 T
11.5452502 44.8614950 6.01 T
11.6125970 45.4264985 7.64 T
12.1034910 49.7162874 7.71 T
12.4045472 47.7637955 6.69 T
12.4537147 41.0787963 4.50 T
12.4933762 34.9740704 7.33 T
12.5766646 45.0022852 6.12 T
12.8757148 41.2318709 7.25 T
13.2149013 40.2459003 6.83 T
13.2226373 38.5487895 6.69 T
13.3308509 49.6556190 7.10 T
13.3375598 46.5952687 7.69 T
13.3676784 37.4179413 6.18 T
13.4215103 43.3626009 7.26 T
13.5686461 39.0680513 7.71 T
13.7244625 49.4052238 7.72 T
13.9606661 46.8758021 7.95 T
14.0619614 35.2285780 6.94 T
14.1277949 42.9787327 6.63 T
14.4152874 45.8393369 6.20 T
14.5110105 37.4994687 7.43 T
14.5411520 39.4751699 6.67 T
14.5595080 33.9504337 6.09 T
14.5683309 45.5970021 7.25 T
14.6796027 47.0365496 6.80 T
14.8595471 40.1549859 7.55 T
14.8847591 48.9661576 6.94 T
14.9986999 48.0199045 7.10 T
15.0142186 44.7109790 6.77 T
15.0149345 44.7130995 6.04 T
15.0825919 35.6909332 7.68 T
15.1310214 37.7915098 7.23 T
15.1482277 47.3206582 7.66 T
15.3301502 45.4518806 6.96 T
15.3627515 49.5442083 6.60 T
15.4444344 47.7049002 7.77 T
15.6324869 39.4752741 7.94 T
15.7259200 41.3450938 5.96 T
15.7571859 47.3760533 6.76 T
15.9722625 47.6422728 6.78 T
15.9904207 48.8610370 7.22 T
15.9948431 35.4694527 7.24 T
16.1526237 39.9909650 6.80 T
16.2552689 43.2730611 7.80 T
16.5348519 35.5161383 7.44 T
16.6984229 35.1455837 7.52 T
16.7885077 38.6503703 7.62 T
16.8080343 49.5553794 6.79 T
16.8391810 43.5234499 7.31 T
16.8442022 38.0288612 7.13 T
16.8707077 41.2585297 7.27 T
16.9448165 41.5131785 7.25 T
17.0049248 43.9417152 5.05 T
17.0249197 42.8479621 7.69 T
17.0440371 44.7961177 7.43 T
17.2214012 45.2073869 7.88 T
17.3061956 33.9414301 7.37 T
17.3225552 34.8058426 7.57 T
17.3755433 47.2417123 4.28 T
17.3755433 47.2417123 7.77 T
17.4343574 35.6198547 2.24 T
17.4391286 38.1244889 7.78 T
17.4658062 49.0537597 7.19 T
17.4878132 33.8814995 7.03 T
17.5547332 40.9352733 7.86 T
17.5769570 42.0812323 5.73 T
17.7927012 37.7240773 5.77 T
17.8122911 46.6297910 7.31 T
18.0716783 40.9108636 7.55 T
18.2779191 41.6540616 7.33 T
18.3175339 34.0983624 6.70 T
18.3428615 49.2804930 7.80 T
18.5066732 34.4926319 7.11 T
18.6494350 49.4295809 7.34 T
19.1021412 48.0822107 6.60 T
19.1209350 42.9392392 6.66 T
19.2712070 44.9017479 6.30 T
19.3190660 39.4805297 6.69 T
19.4500568 49.0083828 7.19 T
19.5423555 47.4196679 6.40 T
19.6651862 33.7568990 7.64 T
19.6957289 37.3862204 6.53 T
20.0205470 41.9701684 6.98 T
20.4835671 47.2823609 7.90 T
20.5524851 43.5840673 6.66 T
20.5853628 45.5288354 4.99 T
20.8253227 45.3327935 7.26 T
20.8256163 36.5145253 6.80 T
20.9079064 34.2466316 6.37 T
20.9198622 37.7148144 5.62 T
21.0777900 43.1420363 6.68 T
21.0984762 36.8833541 7.27 T
21.2459138 37.4548873 7.75 T
21.4301181 36.3569461 7.69 T
21.5709319 42.3111251 7.25 T
21.5787883 43.4573763 6.04 T
21.6808270 43.6916374 6.93 T
21.7094189 45.6774443 7.54 T
21.8612143 41.1013188 6.46 T
21.9172419 45.4060277 4.87 T
21.9454092 40.3357592 6.58 T
22.0280582 47.7524711 7.56 T
22.0515782 44.0491962 6.63 T
22.1436003 42.2670681 6.72 T
22.3613751 42.2815241 7.23 T
4.4291667 51.4330556 6.14 B
6.0083333 38.5772222 7.39 B
11.1812500 48.2844444 4.54 B
14.1883333 38.4994444 3.87 B
