294.9560983 -23.4279068 6.33 T
294.9820498 -22.0628558 7.41 T
295.0300469 -23.4291618 6.07 T
295.0691813 -21.3022838 7.83 T
295.1812180 -16.2935868 5.42 T
295.1901247 -16.2841923 7.65 T
295.5945322 -24.8594682 6.73 T
295.6301599 -16.1240434 5.08 T
295.6546927 -24.3797357 7.73 T
295.8907333 -15.4712428 5.54 T
296.1284809 -17.4005490 7.94 T
296.1361445 -22.8558089 7.51 T
296.2901224 -12.7262927 7.54 T
296.5897413 -19.7616735 4.99 T
296.6269988 -21.5230856 7.68 T
296.8249787 -18.7473510 7.69 T
296.9167576 -17.0713991 7.25 T
296.9999522 -20.9575978 6.77 T
297.0016250 -17.4801063 7.80 T
297.0127853 -13.7037629 6.11 T
297.2090648 -12.3195691 6.67 T
297.4450256 -11.4092318 7.32 T
297.5679584 -22.7799198 7.82 T
297.5916402 -26.7157690 7.58 T
297.6110340 -13.9239706 7.37 T
297.7927796 -27.4719889 7.31 T
297.8104324 -24.8985063 7.66 T
297.8970934 -12.6209335 7.38 T
297.9177274 -27.0822576 7.67 T
297.9243799 -14.7768813 6.91 T
297.9379192 -13.0328687 7.02 T
298.0500055 -19.0453674 6.00 T
298.0875085 -11.3669473 7.91 T
298.2102583 -23.1560120 7.79 T
298.2765778 -14.6035632 6.50 T
298.5431081 -26.6962118 7.85 T
298.5730994 -23.9436369 6.33 T
298.8505331 -19.2929113 6.90 T
298.9612604 -26.2989999 4.77 T
298.9671593 -26.5499814 7.76 T
299.1671031 -23.0664566 7.61 T
299.4877325 -15.4921332 5.01 T
299.5490450 -15.9699459 7.70 T
299.7385479 -26.1956083 4.95 T
299.8914265 -11.7172122 7.68 T
299.8919149 -22.2113781 6.80 T
300.1242757 -15.8871068 7.26 T
300.2290091 -26.2236327 7.98 T
300.2490551 -12.2579311 7.79 T
300.2765069 -13.9412972 7.24 T
300.3494474 -22.7373922 6.11 T
300.3876355 -16.8694766 7.41 T
300.4658125 -17.5501574 7.98 T
300.4944246 -13.6371424 5.70 T
300.5052073 -19.0992615 7.84 T
300.6647237 -27.7097597 4.68 T
300.7290824 -18.5467057 7.70 T
300.8039817 -18.2421310 7.93 T
300.8892508 -15.4134012 7.30 T
300.9343720 -22.5954478 6.49 T
301.1098569 -22.1917424 7.55 T
301.2421781 -21.3143107 7.24 T
301.2725443 -11.5995120 6.43 T
301.3001153 -26.8133237 7.23 T
301.3597760 -12.6654639 6.53 T
301.5576075 -19.4904856 7.65 T
301.7095291 -12.4398752 7.73 T
301.7655886 -17.1951661 7.90 T
302.0541840 -18.8039286 7.01 T
302.1218717 -15.0328154 6.67 T
302.1491292 -14.2539948 7.63 T
302.1492019 -23.5912040 7.58 T
302.2720036 -26.2244620 7.23 T
302.3895772 -20.5941094 7.49 T
302.5283236 -25.2840676 7.49 T
302.6061330 -19.3841611 7.35 T
302.9911845 -12.3925227 6.48 T
303.1090320 -12.6187205 5.89 T
303.7787047 -13.3840965 7.05 T
303.8311787 -27.0341038 5.82 T
304.0117467 -16.2959776 7.36 T
304.0653793 -20.0230367 7.92 T
304.0950658 -12.3372148 6.30 T
304.2514324 -18.4313554 7.43 T
304.3617674 -15.8280814 7.47 T
304.4121004 -12.5082222 4.34 T
304.5025298 -18.2639931 7.69 T
304.5060633 -21.8101239 5.96 T
304.5243125 -21.9985205 7.80 T
304.6867099 -17.8549017 7.83 T
304.7598255 -14.2909777 7.59 T
304.8484010 -19.1186028 5.43 T
304.8574696 -20.9507158 6.88 T
304.8593768 -12.8038192 7.84 T
304.9374225 -25.2295268 7.25 T
305.1186704 -19.6474449 7.08 T
305.1659970 -12.7591730 4.74 T
305.1942331 -14.7848756 6.08 T
305.2235373 -18.1564186 7.85 T
305.2300938 -16.8299757 7.83 T
305.2530812 -14.7814174 3.15 T
305.3856463 -21.4197325 7.85 T
305.5280489 -21.9564170 7.45 T
305.8594601 -14.2564293 6.73 T
305.8890508 -26.7350597 7.60 T
306.0280476 -13.3991077 7.77 T
306.0577705 -14.1140805 7.10 T
306.0815481 -23.4759140 7.78 T
306.1548864 -25.8339273 7.17 T
306.2685660 -19.4336700 6.95 T
306.2836572 -11.7046552 7.44 T
306.4527181 -26.5565344 7.58 T
306.5722861 -13.8630922 7.88 T
306.5915198 -19.1520907 7.60 T
306.6318894 -17.3778289 7.40 T
306.7691304 -14.7860759 7.96 T
306.8301140 -18.2118001 5.13 T
307.0055355 -25.6063083 6.81 T
307.0128010 -13.9970881 7.46 T
307.1223270 -24.1638931 7.18 T
307.1816747 -15.7414946 6.51 T
307.1841592 -23.9841936 6.97 T
307.2000756 -11.7268940 7.37 T
307.2150637 -17.8138287 4.97 T
307.2150637 -17.8138287 6.88 T
307.2458419 -17.4348966 6.80 T
307.2515191 -20.9015161 7.09 T
307.2531404 -17.8761405 6.68 T
307.3750370 -12.5914203 7.51 T
307.3806482 -22.3917582 6.32 T
307.4693560 -18.5868513 6.68 T
307.4748068 -18.5836911 5.91 T
307.6656897 -16.5511625 7.81 T
307.6709965 -20.7098150 7.18 T
307.6923470 -15.7713870 7.18 T
307.7676803 -15.0564548 6.20 T
308.0553265 -22.1548034 7.77 T
308.1320488 -16.6096854 7.19 T
308.2182126 -24.9441010 6.34 T
308.3783525 -22.2322958 7.54 T
308.5076189 -12.3437235 7.00 T
308.5491813 -13.7206539 6.18 T
308.6149499 -19.3982114 7.82 T
308.8849558 -16.5260542 6.20 T
308.9542910 -24.3733930 7.77 T
308.9776411 -26.7732830 7.24 T
309.0686405 -12.3811635 6.94 T
309.1104105 -20.5855620 7.34 T
309.3113240 -13.1842946 7.88 T
309.3387204 -15.1476369 6.90 T
309.4309158 -22.4427930 7.46 T
309.4539349 -17.1225658 7.07 T
309.4681141 -25.1093088 6.42 T
309.5207132 -24.2290385 6.91 T
309.6063775 -20.9943890 7.37 T
309.7686208 -16.5597217 7.21 T
309.8180360 -14.9549082 5.23 T
309.9831886 -27.7174814 7.66 T
310.0121219 -18.1388044 5.34 T
310.0523967 -23.7709876 6.44 T
310.0942934 -24.1198348 7.27 T
310.1350577 -16.1237235 5.91 T
310.1471524 -27.5865861 7.76 T
310.1496600 -26.6453133 6.57 T
310.2508304 -14.5113287 7.84 T
310.3039433 -13.5004197 7.43 T
310.3297615 -17.3785036 7.09 T
310.3511468 -26.0000746 6.43 T
310.6657422 -18.1096450 7.37 T
310.8600886 -22.4540177 7.32 T
310.8949328 -11.6415519 6.93 T
310.9790003 -19.3446232 7.57 T
311.1387681 -14.1859136 7.08 T
311.3046544 -27.2472380 6.60 T
311.3129250 -15.7982101 7.00 T
311.3462421 -15.0345781 7.50 T
311.5409635 -21.7475410 7.96 T
311.5417678 -21.5141391 5.91 T
311.5694622 -23.7240560 7.54 T
311.6141604 -26.8688065 7.05 T
311.6256308 -22.1642482 7.49 T
311.6322195 -24.9144919 7.91 T
311.6423504 -17.1632692 7.73 T
311.6603229 -19.4381582 7.66 T
311.6877645 -27.1829341 7.91 T
311.8191331 -27.6985004 7.95 T
311.8336549 -26.4151686 7.43 T
312.0321565 -16.3486194 7.64 T
312.0535803 -16.5216791 7.03 T
312.0547800 -16.7392955 7.89 T
312.0572440 -19.2604295 6.85 T
312.0911058 -22.7418123 7.37 T
312.1042173 -18.2000568 7.79 T
312.1084645 -18.2017899 7.24 T
312.3234715 -25.7813528 5.84 T
312.3356029 -18.0360543 6.36 T
312.5210816 -27.3679165 7.25 T
312.6250356 -24.9835077 6.90 T
312.8900282 -27.2449316 6.80 T
312.9553214 -26.9191486 4.29 T
294.1087500 -18.8527778 6.11 B
294.2637500 -18.2311111 5.64 B
298.5737500 -23.9411111 6.18 B
303.8225000 -27.0327778 5.73 B
304.5137500 -12.5447222 3.57 B
310.0487500 -23.7738889 6.37 B
