180.5795260 -85.6317440 6.17 T
182.7882554 -83.7782019 7.38 T
186.4088209 -86.1506550 6.45 T
187.2513354 -83.8026311 6.63 T
192.3840473 -80.7023730 7.22 T
193.7494515 -85.1232240 5.63 T
196.1210761 -81.1501396 7.32 T
196.6323882 -82.9507232 7.44 T
196.8947114 -73.5857413 7.70 T
197.0838377 -78.4461987 6.42 T
198.5719159 -78.4474779 5.96 T
198.6060823 -75.1711884 7.14 T
199.4973705 -73.3448418 7.07 T
199.5968815 -78.8232276 7.09 T
199.7004945 -79.9761550 6.32 T
199.8289559 -72.0359124 6.20 T
199.9533028 -70.8552127 7.51 T
200.5262950 -70.5471053 7.63 T
200.7187700 -72.1467767 6.06 T
200.7354113 -81.3110437 7.95 T
200.9691761 -75.9305551 7.85 T
201.1580640 -70.4310012 7.35 T
201.2770789 -74.8886412 5.16 T
201.2856429 -78.9527335 7.93 T
201.4585493 -70.6272478 5.65 T
201.8262351 -74.6918459 6.60 T
202.2586739 -80.2574163 7.96 T
203.0440361 -79.6608346 6.83 T
203.2962753 -77.5703412 6.58 T
203.5514776 -74.5660430 7.38 T
203.8789635 -85.8243169 7.11 T
203.9953480 -73.3274778 7.12 T
204.2389012 -76.5083196 7.89 T
204.6892623 -70.4450265 6.26 T
204.7995323 -75.6838359 6.32 T
204.9915198 -83.9082228 7.26 T
205.0018576 -70.7878402 6.74 T
205.2237391 -85.7861795 5.58 T
205.4141908 -75.1153755 6.98 T
205.9091601 -72.9897113 7.80 T
206.0908520 -73.6368589 7.46 T
206.2858356 -71.5331314 7.28 T
206.8918498 -71.2312411 6.82 T
207.8619292 -73.1437751 7.14 T
208.2459234 -70.0472857 7.15 T
208.2752451 -73.2688759 7.05 T
208.3779471 -80.2729174 7.71 T
208.9107832 -82.6663463 6.10 T
210.1362289 -78.5900364 6.08 T
210.7752410 -82.9204376 7.29 T
210.8977782 -77.7572808 7.86 T
211.1732958 -72.0697524 7.86 T
211.3304283 -76.7969785 5.79 T
212.0173166 -80.7640003 7.63 T
212.1073992 -74.8491605 6.08 T
212.6286340 -70.3055078 6.26 T
213.3878129 -84.5446237 6.89 T
213.6211013 -75.7625082 7.89 T
213.6260427 -76.4577638 7.83 T
214.2296524 -77.6642376 6.63 T
214.5570610 -81.0081702 4.92 T
214.8470746 -71.7439373 7.95 T
214.8595294 -75.1794039 7.72 T
214.9888427 -73.9684413 6.61 T
215.3707542 -72.3175241 7.55 T
215.5962423 -80.1090226 5.03 T
216.0909252 -82.8483066 6.42 T
216.3316650 -72.6209099 7.79 T
216.7246895 -83.6679664 4.45 T
216.7331572 -76.5193278 7.31 T
216.8156107 -78.6205702 6.85 T
217.4034622 -76.7292426 6.19 T
217.9584275 -76.2739841 7.14 T
218.4430220 -79.9552912 6.78 T
218.9763215 -77.1127973 7.08 T
219.5106219 -79.9960285 7.94 T
220.4714956 -75.1395970 6.81 T
220.4982166 -77.0115279 6.33 T
220.7167813 -75.8247713 7.59 T
221.9652483 -79.0448476 3.97 T
222.8747311 -77.1760377 6.43 T
222.8753647 -74.9331356 6.83 T
223.3069008 -73.1898729 5.87 T
223.9142141 -78.8831646 7.36 T
223.9402043 -73.1668606 7.84 T
224.4689006 -76.6627550 5.53 T
224.9821145 -75.0327903 6.18 T
225.0466690 -77.1606133 6.04 T
225.3439267 -71.4909206 6.69 T
225.4626660 -83.2273142 5.75 T
225.8045834 -70.7870934 7.57 T
226.1950453 -83.0384193 5.79 T
226.2947244 -72.1897590 7.34 T
226.3403222 -78.1673656 7.71 T
226.5457906 -71.1319643 7.68 T
226.5946972 -72.1702948 7.19 T
226.7843567 -71.9049992 6.70 T
227.1249758 -80.3139446 6.81 T
227.2020990 -70.7108049 7.06 T
227.2530075 -72.3075102 6.72 T
227.3921222 -83.9095820 7.86 T
227.5375063 -75.4619020 7.02 T
227.5794025 -79.6128213 7.42 T
227.6318992 -71.6647606 7.31 T
227.7870100 -84.7878070 5.86 T
227.8689113 -73.4260965 7.83 T
228.1413089 -72.7706987 6.02 T
228.5537893 -70.5592290 7.66 T
228.8093462 -70.5206542 6.94 T
228.8645666 -79.1367369 6.75 T
228.9934613 -70.4140033 6.77 T
229.0994185 -77.3542198 7.50 T
229.6473394 -78.4722379 7.11 T
229.8707843 -71.7921077 6.80 T
229.9660605 -75.3295201 7.76 T
230.0875022 -75.5641218 7.32 T
230.6219056 -74.3995479 6.51 T
231.2008499 -71.3234102 7.24 T
231.2383831 -72.0464193 6.99 T
231.2496898 -76.5246929 7.22 T
232.7047685 -71.6542511 6.37 T
232.7963727 -78.7533747 7.92 T
232.8626954 -71.0622226 6.87 T
232.8784262 -73.3896956 5.37 T
233.9888591 -79.0860861 7.53 T
234.0540493 -72.8393714 7.29 T
234.2925496 -78.8776227 7.80 T
234.7549619 -78.2354830 7.01 T
234.7774396 -72.2977664 7.46 T
234.8242233 -77.9188210 6.32 T
235.0474269 -70.2282093 6.43 T
235.0886034 -73.4468204 5.63 T
235.1132787 -74.4433142 7.89 T
235.2479617 -71.7448512 7.72 T
235.4775955 -76.0821879 5.93 T
235.8294945 -84.4646709 5.58 T
235.8827735 -70.2668958 7.67 T
236.4010009 -74.8565012 7.71 T
236.7801212 -74.0442107 7.65 T
238.0127630 -70.8211587 7.96 T
238.1682971 -79.4039329 7.67 T
238.6871505 -72.6291845 7.95 T
238.8695998 -77.7324032 7.43 T
239.6105833 -73.1480251 7.92 T
239.9793719 -78.0276549 6.50 T
240.1947516 -72.4630981 6.73 T
240.2950816 -75.6195268 7.53 T
240.5664139 -73.5158726 6.71 T
241.4818756 -72.4004508 5.82 T
241.8001309 -76.2559853 7.57 T
241.9910678 -71.9448477 7.04 T
242.0485657 -77.2890358 7.43 T
242.1120576 -77.2388626 7.42 T
242.3022650 -71.0720529 7.31 T
242.5415719 -84.2318072 7.80 T
243.1138911 -75.2929725 7.91 T
244.2445034 -80.8003360 7.27 T
244.3058000 -70.9913215 7.09 T
244.4197191 -71.6728650 7.94 T
244.5978440 -73.0435163 6.57 T
245.0719844 -74.3058739 7.39 T
245.0863558 -78.6959632 4.90 T
245.1118561 -78.6676920 5.41 T
245.4053420 -71.8740628 6.70 T
245.5901533 -80.7458849 7.08 T
245.7251637 -75.9747892 7.01 T
246.0182432 -70.1456111 7.16 T
246.7046748 -71.7683348 7.39 T
246.7525898 -82.5600175 6.92 T
246.9411245 -81.9616614 7.40 T
246.9966290 -73.0218091 7.73 T
247.1208809 -70.0837025 4.96 T
247.3120633 -71.1241668 7.30 T
247.4799814 -75.2063257 7.49 T
248.1246143 -83.5925713 7.95 T
248.2868636 -75.9496979 7.71 T
248.3587688 -78.8976357 3.96 T
248.5802768 -70.9881712 5.63 T
248.9552372 -71.8944779 6.51 T
249.1650106 -77.3458978 7.34 T
250.1980724 -72.2994225 6.67 T
250.7204054 -79.0243056 6.87 T
250.7612251 -77.5196580 4.35 T
251.3627625 -71.8394886 7.66 T
251.4748106 -83.2399962 6.75 T
252.9368561 -73.7227320 6.72 T
253.1132125 -74.8296051 7.67 T
254.5464291 -80.0726236 7.66 T
255.2268162 -76.2197183 6.99 T
255.2446197 -86.3643005 6.04 T
255.8864722 -78.0796762 7.67 T
256.2108626 -81.0862920 7.92 T
256.8276311 -76.2244578 6.69 T
257.4652626 -82.3187510 7.15 T
257.5680244 -75.3764464 7.56 T
258.2287339 -82.3882248 7.43 T
258.8272558 -78.3989610 7.54 T
262.1832634 -82.7796161 6.62 T
267.9667158 -84.1111952 7.71 T
269.4365778 -83.2362154 7.24 T
180.5837500 -85.6316667 6.05 B
183.4820833 -78.5736111 6.35 B
184.5862500 -79.3122222 4.26 B
186.4062500 -86.1505556 6.33 B
193.7441667 -85.1233333 5.46 B
201.2795833 -74.8877778 5.05 B
203.3116667 -77.5683333 6.48 B
205.2312500 -85.7861111 5.58 B
211.3325000 -76.7966667 5.50 B
212.1129167 -74.8502778 6.02 B
216.0970833 -82.8486111 6.42 B
216.7287500 -83.6677778 4.32 B
232.0795833 -88.1330556 6.48 B
225.0491667 -77.1602778 5.93 B
227.7845833 -84.7875000 5.91 B
226.7862500 -71.9052778 6.52 B
228.5795833 -70.0794444 5.81 B
235.8200000 -84.4652778 5.57 B
234.8262500 -77.9180556 6.18 B
248.3625000 -78.8972222 3.89 B
258.9970833 -87.5663889 6.57 B
251.4733333 -83.2388889 6.57 B
250.7691667 -77.5175000 4.24 B
262.8637500 -80.8591667 5.88 B
