22.8142588 -49.0717509 4.04 T
22.8185264 -49.9044722 7.40 T
22.9124228 -45.5756866 6.15 T
23.1386700 -49.5284700 7.84 T
23.1512482 -49.7282044 6.31 T
23.3631417 -43.9009303 7.92 T
23.5868859 -45.6905739 7.14 T
23.9603257 -39.9474195 6.48 T
23.9953260 -36.4537284 7.85 T
24.2012801 -48.8037094 6.95 T
24.2806120 -48.2916285 7.94 T
24.3866040 -38.1346342 7.43 T
24.4406146 -47.1780681 7.68 T
24.5159599 -46.0837155 7.09 T
24.5675401 -47.9347079 7.30 T
24.6144058 -36.5290154 6.06 T
24.6277992 -42.9280292 6.71 T
24.7842900 -48.7753481 7.30 T
24.8397864 -33.5647800 6.68 T
24.9229119 -37.4735104 7.41 T
25.0267291 -48.7612327 7.26 T
25.1524380 -36.4845904 7.98 T
25.3642416 -38.1324736 6.23 T
25.4215339 -50.0387349 6.65 T
25.5122527 -36.8324029 5.70 T
26.1534192 -34.4061683 6.96 T
26.6955356 -42.1322258 7.80 T
26.8197129 -41.7596187 6.35 T
26.8251410 -42.6390847 7.63 T
26.9079278 -46.2572589 7.22 T
26.9490486 -37.1593691 6.43 T
27.0892110 -41.4941055 7.20 T
27.1691866 -38.6581410 7.62 T
27.4535776 -38.4010606 6.43 T
27.5851683 -47.8160861 6.25 T
27.6193915 -42.5076132 7.74 T
27.8599551 -39.8360919 6.56 T
27.8606259 -45.4711639 7.21 T
27.9537888 -49.9951955 7.95 T
27.9677158 -37.0416951 7.48 T
28.0905519 -39.4165910 7.96 T
28.1438117 -34.1943325 7.95 T
28.3475821 -38.5944407 6.21 T
28.3623704 -33.5646747 7.49 T
28.4106075 -46.3032292 4.60 T
28.5915217 -42.4971079 5.10 T
28.9844610 -36.2454098 7.94 T
29.0393354 -49.8363589 6.35 T
29.2097794 -43.1782219 7.88 T
29.2637920 -33.9398163 7.78 T
29.2929755 -47.3852360 4.93 T
29.3513072 -36.0572846 7.01 T
29.6172291 -41.1702309 7.26 T
29.7358460 -42.9491744 7.57 T
29.8577994 -40.7273854 7.03 T
29.9113168 -42.0311542 5.68 T
29.9263882 -35.4196524 7.72 T
30.1170425 -41.7757078 7.34 T
30.1374903 -40.7339367 7.44 T
30.4262834 -44.7138107 5.31 T
30.5451756 -45.8355594 7.75 T
30.5639377 -49.4093134 7.47 T
30.6262356 -40.5203121 7.90 T
30.9831404 -45.4125659 7.37 T
31.1028576 -43.5077190 7.87 T
31.1725174 -35.2732856 7.83 T
31.2806884 -49.6815813 7.75 T
31.5598379 -39.5389695 7.30 T
31.6544495 -37.1187985 7.67 T
32.0235493 -41.8804929 6.52 T
32.2054307 -35.8227704 7.95 T
32.2882907 -43.5169366 5.97 T
32.3911699 -45.4670661 7.42 T
32.4096683 -48.5990532 7.86 T
32.4523506 -40.8666321 6.54 T
32.5205027 -43.8156332 6.42 T
32.6254262 -45.4468721 7.32 T
32.6397436 -48.0945344 7.94 T
32.6471539 -35.5101596 7.92 T
32.8201532 -46.5850852 7.93 T
32.9761297 -47.1706216 6.97 T
33.0859079 -46.8168071 7.95 T
33.1962676 -44.4889570 7.87 T
33.2170001 -34.5386948 7.15 T
33.3244182 -36.0612275 7.61 T
33.6329319 -41.1669185 6.01 T
33.6997019 -37.5330592 7.59 T
33.8551289 -41.0688278 7.18 T
34.0078532 -36.4725516 7.55 T
34.1222415 -43.2615887 7.72 T
34.3340935 -35.9826626 6.82 T
34.8532462 -41.8481988 6.48 T
34.8583552 -38.9774411 7.79 T
35.0870692 -44.0579811 7.94 T
35.0959662 -46.9240932 7.83 T
35.3908147 -48.3122847 7.73 T
35.4876417 -49.5203463 7.47 T
35.5299830 -36.1071238 8.00 T
35.5494596 -43.1995255 6.41 T
35.6469970 -39.4136851 7.92 T
35.7774503 -37.5763476 6.69 T
35.8035983 -48.2724720 7.98 T
35.9984415 -47.9182640 7.87 T
36.1084658 -37.3616537 6.99 T
36.1430602 -40.8397453 6.25 T
36.2219333 -42.1592158 7.50 T
36.3669534 -34.0519948 7.90 T
36.6889635 -45.9998705 7.26 T
36.7465001 -47.7038779 4.21 T
36.9266032 -33.8965289 7.64 T
37.0072406 -33.8110061 5.13 T
37.0676034 -36.3407191 7.37 T
37.3405169 -35.9416755 7.88 T
38.0619077 -36.4272226 6.39 T
38.0627041 -45.8714000 7.14 T
38.2791494 -34.6500830 6.01 T
38.3978955 -37.4073723 7.87 T
38.4213821 -48.3898341 7.99 T
38.7489316 -42.1130226 7.28 T
39.0786841 -38.7297108 7.87 T
39.1923711 -35.8290042 7.78 T
39.2225607 -35.3199026 7.70 T
39.2440733 -34.5796097 5.84 T
39.3640020 -46.6461909 7.83 T
39.4719057 -33.6771902 7.50 T
39.5517080 -41.9039709 7.33 T
39.5633880 -41.5532839 7.53 T
39.6043656 -37.9909469 6.54 T
39.6264411 -44.7326173 7.49 T
39.6289146 -44.7077056 7.94 T
39.8543709 -49.1482838 7.84 T
39.9455743 -35.0242699 7.48 T
39.9508938 -42.8918328 4.74 T
40.1327328 -36.4937951 7.91 T
40.1679189 -39.8555520 4.23 T
40.2157899 -41.2999388 7.83 T
40.4240646 -47.1290688 7.96 T
40.5277026 -38.3836072 6.09 T
40.5352678 -46.5250411 6.19 T
40.5394829 -42.5321619 7.77 T
40.6742029 -49.7295683 7.67 T
40.8344006 -40.5278483 6.97 T
40.8441479 -44.6540947 7.61 T
40.8506887 -34.0913540 7.39 T
41.0543713 -36.3074628 7.21 T
41.2357230 -48.6697083 7.60 T
41.3196040 -46.2870167 6.98 T
41.3872842 -42.8391509 6.97 T
41.4223918 -38.1571215 7.70 T
41.4374752 -39.7167540 7.86 T
41.6895262 -40.9588444 7.94 T
41.8903068 -35.5508454 6.62 T
42.0332072 -36.9813740 7.96 T
42.1288674 -33.7832817 6.91 T
42.1591648 -37.4006676 7.01 T
42.2184398 -46.3468381 7.80 T
42.2461553 -45.0900486 6.89 T
42.5619874 -35.8435175 6.02 T
42.6683954 -35.6761939 5.62 T
42.6995653 -39.9322545 6.37 T
42.7759032 -40.9631915 7.37 T
42.9930447 -49.8705424 7.17 T
43.1819347 -41.3921087 6.69 T
43.3938030 -38.4367865 5.98 T
43.4640176 -44.6052947 7.80 T
43.8695528 -48.9329943 7.72 T
43.9615025 -38.6505799 7.16 T
44.5684636 -40.3046898 4.12 T
44.7465754 -43.7493659 7.46 T
27.4533333 -38.4038889 6.37 B
27.7270833 -50.2061111 5.94 B
28.9895833 -51.6088889 3.70 B
29.2504167 -51.7661111 6.10 B
32.6066667 -50.8244444 6.12 B
33.2270833 -30.7238889 5.28 B
34.1275000 -51.5122222 3.56 B
36.1408333 -40.8405556 6.18 B
