126.4565616 17.0453154 6.15 T
126.6816565 7.6506323 7.03 T
126.6829678 12.6539594 5.76 T
126.7500239 7.2211001 7.13 T
126.9816120 3.2185375 7.09 T
127.0510749 7.1470623 7.79 T
127.0885479 6.7006976 7.34 T
127.1386206 6.9643600 7.20 T
127.1554908 14.2107444 5.97 T
127.4015646 8.4171978 6.94 T
127.7604500 1.3372709 7.78 T
127.9770058 9.8140056 6.75 T
128.0474748 12.8027652 7.41 T
128.1162175 3.6733797 7.97 T
128.1544793 5.7177632 7.38 T
128.1661652 10.0659598 6.47 T
128.4028702 13.5506820 7.93 T
128.4310800 4.7569683 5.99 T
128.4374811 13.2570092 6.38 T
128.4741177 1.5854011 7.85 T
128.4915747 10.5860141 7.58 T
128.5556485 8.4522285 6.07 T
128.6383690 5.5039565 6.82 T
128.7671965 11.2833995 7.53 T
128.8539546 2.7434790 6.45 T
128.9616085 6.6194176 5.98 T
128.9627848 6.6219321 7.16 T
129.0321737 15.3134811 6.35 T
129.0456359 13.7775486 7.39 T
129.2738680 9.6555357 5.92 T
129.3036122 7.4476333 7.80 T
129.3195246 5.9914361 7.53 T
129.4136025 5.7037459 4.13 T
129.5213068 9.5745614 6.53 T
129.6892008 3.3413361 4.58 T
129.8521241 8.0174229 6.57 T
129.9148685 16.1413513 7.74 T
129.9336195 5.7624090 7.33 T
129.9609455 11.5195463 7.71 T
130.0554816 6.5658943 6.69 T
130.0752804 1.9199469 6.91 T
130.1355771 10.9240885 6.92 T
130.2170030 9.8241309 7.74 T
130.2272347 16.4997099 7.85 T
130.3200377 11.0487323 7.57 T
130.6048124 4.5768275 7.68 T
130.7257676 16.4498299 7.82 T
130.8013007 12.6808831 5.68 T
130.8060251 3.3986495 4.25 T
130.9224466 9.3397153 7.34 T
130.9989870 4.3345166 6.35 T
131.1296063 5.2859183 6.88 T
131.1875610 10.0815448 5.61 T
131.2553470 5.6805610 6.15 T
131.3318648 15.0467038 7.84 T
131.3955366 4.6639044 6.57 T
131.6018434 10.5918046 7.40 T
131.6226855 17.4957337 7.91 T
131.6344743 8.4779533 7.06 T
131.6926124 6.4184448 3.49 T
131.7329982 12.1096228 5.90 T
131.7936091 4.3579753 7.37 T
131.8254893 15.3291559 7.85 T
132.0265614 17.3945968 7.36 T
132.0508709 2.5798777 7.46 T
132.1080884 5.8376221 4.33 T
132.1368588 2.5634849 7.03 T
132.1544005 10.4330650 7.11 T
132.1646309 12.5469203 6.86 T
132.2273656 3.7557928 7.68 T
132.3012827 3.4851325 7.51 T
132.3711536 8.8647133 7.75 T
132.3907883 12.1708617 7.79 T
132.4040997 1.4824312 7.02 T
132.4532091 7.0147315 6.80 T
132.4763312 2.3621144 7.34 T
132.4826040 14.8333993 7.66 T
132.4892744 6.5470631 6.94 T
132.7553602 15.3511334 6.44 T
132.7947872 15.9995111 7.49 T
132.9847461 11.1357648 7.61 T
133.0141213 4.4660848 7.40 T
133.0692706 8.0614386 6.65 T
133.1007613 5.3402491 6.37 T
133.2446894 16.3566917 7.92 T
133.2995852 17.3682477 6.91 T
133.4403881 13.8303698 7.09 T
133.4612348 17.5450515 7.24 T
133.4665233 1.8240875 7.27 T
133.4905699 8.4216919 7.72 T
133.7942616 2.6286468 7.86 T
133.8480159 5.9454590 3.21 T
133.8586234 5.5658706 6.81 T
133.9137241 14.1807338 7.87 T
133.9813680 11.6259355 5.62 T
134.1364205 6.6592438 7.48 T
134.1543313 4.2365644 6.24 T
134.1918063 17.4812287 7.75 T
134.2842380 17.1435561 6.26 T
134.3065738 2.5248034 6.99 T
134.3126858 15.3228806 5.24 T
134.3970721 15.5814084 5.71 T
134.4250485 9.3877072 6.29 T
134.5339658 1.5415575 6.59 T
134.6219608 11.8574664 4.27 T
134.6894348 8.2237097 7.89 T
134.8311673 8.9822721 7.51 T
134.8438688 7.4141287 7.92 T
134.8618980 13.0743423 6.64 T
134.8980098 1.4119368 7.80 T
135.2104875 12.5732734 7.93 T
135.3805938 5.6409641 6.17 T
135.3985527 4.9868878 7.82 T
135.4317673 17.0809795 7.37 T
135.4546460 5.6515716 7.21 T
135.4948909 2.6711449 7.33 T
135.6866738 7.2982711 5.95 T
135.8108301 6.8160747 6.64 T
136.1651746 3.5410798 7.32 T
136.2419789 13.3438148 7.48 T
136.3138637 2.4140368 7.42 T
136.4930731 5.0922549 5.12 T
136.5523447 15.8623456 7.43 T
136.5649452 17.1115592 7.68 T
136.6908219 15.2159583 7.93 T
136.7456751 8.3287786 7.91 T
136.7496823 1.4625949 6.38 T
136.7939392 9.6713502 7.50 T
136.8197015 2.5817363 6.71 T
136.8512696 6.8384954 7.68 T
136.9365875 10.6681221 5.20 T
137.0348200 14.7113374 7.48 T
137.0517540 11.9476758 7.40 T
137.1423642 16.7016267 7.70 T
137.2578295 7.5131228 7.08 T
137.2593909 17.4694458 7.31 T
137.3793904 2.9410886 7.92 T
137.4431518 11.5639898 6.51 T
137.8619042 8.9758308 7.14 T
137.9812173 5.4685729 6.38 T
138.0533376 3.8669466 6.13 T
138.0697449 14.9975731 6.57 T
138.3452529 5.8155131 7.29 T
138.3532044 3.8245603 7.26 T
138.4770311 2.8627557 7.17 T
138.5919066 2.3123403 3.85 T
138.7882848 2.0836792 7.71 T
138.8074589 14.9414354 5.50 T
138.9561729 10.3739239 7.98 T
138.9706966 15.0085659 7.81 T
139.2995192 2.6786549 7.80 T
139.3008810 1.9296273 6.86 T
139.4617359 7.9460654 7.18 T
139.4638849 11.5011219 6.40 T
139.7442614 17.7045457 6.67 T
139.8771960 9.7901741 7.28 T
139.9629915 5.2159430 6.65 T
140.1590047 17.1272853 7.80 T
140.2365474 11.9585780 7.98 T
140.2869475 2.9409834 7.01 T
140.3136999 15.3713125 6.55 T
140.3269152 13.1109459 6.72 T
140.3560526 16.5980249 7.01 T
140.5338648 5.5787186 7.94 T
140.6925320 15.7762542 7.76 T
140.8152219 3.5014798 7.33 T
140.8730728 7.7134737 7.05 T
140.9114419 2.4099185 7.54 T
140.9178252 5.2194994 6.88 T
140.9775521 1.4256635 7.66 T
141.1054809 4.7648891 7.57 T
141.1178014 6.3500857 7.50 T
141.1178014 6.3500857 7.57 T
141.1747535 17.7104972 7.28 T
141.3436578 4.2855283 7.73 T
141.3445254 6.2581623 7.50 T
141.3848857 16.5854439 6.40 T
141.5010263 3.0303151 7.72 T
141.6478404 6.5305926 8.00 T
141.7011452 14.4937550 7.81 T
141.7361156 14.3028403 6.97 T
141.8184400 6.2321200 7.71 T
141.8184400 6.2321200 7.76 T
141.9016309 12.3998033 7.58 T
141.9806945 13.7486235 7.89 T
142.0602405 5.9048215 7.62 T
142.1112170 12.6741945 7.76 T
142.1145462 9.0567510 5.51 T
142.1213951 8.1881074 5.83 T
142.1389273 12.3852242 7.00 T
142.3871518 17.6518343 7.42 T
142.4752836 5.6558206 7.33 T
142.6738107 13.4956970 7.78 T
142.7752052 3.0798574 7.32 T
142.8341484 12.8586898 7.02 T
142.8801332 1.4652005 7.38 T
142.9858220 11.2993049 5.08 T
142.9898493 9.7156816 5.22 T
143.0846013 10.7765888 7.92 T
143.1723424 1.8639336 6.19 T
125.9800000 10.6319444 6.08 B
126.4783333 7.5644444 5.13 B
133.8454167 17.2313889 6.64 B
134.7950000 18.1347222 6.38 B
138.0733333 14.9961111 6.51 B
145.2875000 9.8922222 3.52 B
