205.7257488 -2.4684175 7.98 T
205.7409844 -1.2079495 7.71 T
205.7636278 3.5374410 5.55 T
205.8762609 -4.2746456 7.21 T
205.9756665 -5.4990223 6.51 T
206.1129240 0.7019785 7.72 T
206.2367543 -7.6343782 7.23 T
206.2371692 -6.0021578 7.35 T
206.5275039 5.1153106 7.34 T
206.7348019 6.3496922 6.40 T
206.8299758 -2.4435130 7.84 T
206.8552637 -6.7055008 7.02 T
207.0074930 -8.0256722 7.78 T
207.0746984 -6.8374993 6.68 T
207.1448756 7.9600453 6.84 T
207.1619962 -2.8405359 6.87 T
207.2055003 -8.1906636 7.97 T
207.3719126 6.3436361 6.77 T
207.6028819 5.4972108 6.09 T
207.6354678 -7.5988902 7.46 T
207.7117581 -7.7843782 7.06 T
207.9330796 -7.1728319 7.80 T
208.3005244 -3.5424157 7.70 T
208.4091216 -6.1884938 7.76 T
208.5954597 7.5427265 7.89 T
208.6750832 -1.5032545 5.28 T
208.7413997 -8.0590564 6.68 T
208.8167423 3.2755315 7.97 T
209.0015504 -3.6620945 6.95 T
209.1159823 1.0506684 5.93 T
209.1208508 2.2441906 7.82 T
209.1692220 2.9864694 7.08 T
209.4865288 5.1176147 7.22 T
209.5068614 7.4633155 7.55 T
209.5306469 2.7834581 7.78 T
209.7497568 -6.9256924 7.07 T
209.8656980 -5.4251098 7.43 T
209.9551794 -3.5501416 6.45 T
210.0193276 -8.1619239 6.68 T
210.0839933 2.6744353 7.43 T
210.3567831 4.1142457 7.96 T
210.3934940 4.2528511 7.21 T
210.4117414 1.5444020 4.25 T
210.6972567 3.5449346 7.62 T
210.9029622 7.5460598 6.34 T
210.9822514 4.9009500 6.28 T
211.0605697 -5.3814997 6.54 T
211.1556976 2.2975389 6.38 T
211.1731107 6.9984384 7.94 T
211.3018695 -7.2767050 7.83 T
211.6041706 7.0046607 7.26 T
211.9585637 -0.0560156 7.45 T
212.2965712 7.3848362 7.30 T
212.3667792 2.7975654 6.90 T
212.4739549 -0.6514316 7.45 T
212.6196406 -6.5596572 7.99 T
212.6987011 0.7993691 6.87 T
212.7373673 -5.9739467 7.38 T
212.7435876 -2.6743847 7.79 T
212.8792156 1.3625850 6.46 T
212.9232197 -5.8574253 7.45 T
212.9672007 -6.1266800 7.66 T
213.0655839 2.4092609 4.96 T
213.1301716 -2.9723846 7.34 T
213.1874763 -3.3221053 7.13 T
213.1958854 8.0078577 7.76 T
213.4212473 -0.8463336 5.95 T
213.4758604 7.1212100 7.64 T
213.5361422 7.8811301 7.98 T
213.5868555 -5.9471906 6.44 T
213.6538104 -5.3268198 7.84 T
213.7206055 3.3357217 6.64 T
213.8295074 3.1315891 7.73 T
213.8295074 3.1315891 7.92 T
213.9257049 -7.6661082 7.68 T
214.0845507 6.0811551 7.89 T
214.0888171 -6.6215865 6.47 T
214.1255492 -3.1965005 6.14 T
214.1505192 -7.4667460 7.91 T
214.2061436 -5.6441090 6.91 T
214.2723105 -5.7392086 7.46 T
214.4876578 -5.9713672 7.91 T
214.4934926 -7.9667922 7.16 T
214.5046983 -7.5438474 6.55 T
214.6242282 3.6743173 7.13 T
214.6714509 -7.0137896 7.45 T
214.8621263 -0.0133716 7.94 T
214.8846002 -2.2659724 5.26 T
214.8912927 -5.1519549 7.68 T
214.9069080 5.8961663 7.68 T
214.9203879 0.3842652 6.21 T
214.9710964 -6.7463066 6.54 T
215.1197144 0.1813732 6.92 T
215.3306054 -5.2157365 7.88 T
215.4936951 -1.9881267 6.84 T
215.5089430 -8.0914966 7.36 T
215.6611637 -7.7690250 7.51 T
215.6613160 -7.7706507 7.52 T
215.6808274 2.2747751 7.58 T
215.6929269 -0.6372182 6.74 T
215.8150813 1.2385826 6.32 T
216.0026267 5.8230745 7.32 T
216.0036126 8.2438777 5.94 T
216.0467755 5.8201789 5.11 T
216.0753623 8.0839597 6.31 T
216.1491445 -2.3428433 7.39 T
216.2641863 5.6152025 7.27 T
216.4780718 4.8572700 7.75 T
216.4826135 0.9925119 7.09 T
216.6758790 5.9343636 7.31 T
216.7563505 5.9617705 7.54 T
216.7584800 1.7149185 7.83 T
216.8511890 -6.1206999 6.18 T
216.9445234 3.6214363 7.59 T
217.0196920 -3.0039286 7.77 T
217.0496956 -2.2279588 4.92 T
217.1188511 5.6808700 7.58 T
217.1285168 2.7891658 7.08 T
217.1737516 -6.9008754 5.59 T
217.2005008 -5.2184869 6.71 T
217.2352400 3.7197146 7.05 T
217.4605945 0.8289738 5.99 T
217.4999795 -4.2473095 7.08 T
217.6270019 -4.0652237 7.46 T
217.6768521 -3.1095629 7.79 T
217.6891403 4.7722021 6.17 T
217.7512728 -5.8024166 7.80 T
218.0539914 4.1422912 7.47 T
218.2405510 3.6594658 7.45 T
218.2417078 6.9326911 7.54 T
218.2626389 5.3227447 6.96 T
218.3385286 -6.9358264 7.98 T
218.3561256 6.2845608 7.75 T
218.4216149 -6.8705210 7.86 T
218.8632484 -5.8330657 7.79 T
218.8996003 3.4674535 7.71 T
218.9318143 -5.2659594 7.64 T
218.9958520 0.2197931 7.84 T
219.2215123 -4.2789360 7.89 T
219.2863132 -3.8923912 7.17 T
219.3683297 2.2768641 6.52 T
219.4704151 -5.5487737 7.57 T
219.6205754 -3.6112018 7.32 T
219.7502962 -5.7872397 7.89 T
220.0159653 7.3413470 7.82 T
220.0254734 5.0669164 7.92 T
220.2463609 -2.8441948 7.97 T
220.3757468 -2.0411880 7.84 T
220.4113962 8.1617808 4.97 T
220.6303798 2.2951196 7.93 T
220.6453887 4.4865648 7.99 T
220.6973588 6.5910976 7.44 T
220.7295847 8.0762636 7.46 T
220.8042778 1.8245966 7.33 T
220.9433123 -2.5057029 7.25 T
221.0557083 -8.2514697 6.69 T
221.0998354 -6.3889497 7.77 T
221.1270268 -3.3633147 7.63 T
221.2004760 7.7010717 7.96 T
221.2984292 -1.4175256 6.23 T
221.3756033 0.7172274 5.66 T
221.4010100 8.1594003 7.08 T
221.5562083 -7.7970369 7.24 T
221.5614544 1.8927374 3.72 T
221.5682064 3.5036838 7.45 T
221.5741048 -0.8336181 7.05 T
221.6838662 7.2813795 7.49 T
221.7721146 0.9706747 6.74 T
221.8152856 2.7027398 7.87 T
221.8566465 2.0354785 6.82 T
222.0093334 -5.5067428 7.91 T
203.6733333 -0.5958333 3.37 B
213.5887500 -5.9475000 6.36 B
214.0037500 -6.0005556 4.08 B
214.5025000 -7.5425000 6.47 B
215.8137500 1.2416667 6.27 B
222.2254167 -0.8477778 6.14 B
222.7504167 -0.2572222 6.18 B
224.3887500 -0.1675000 5.53 B
