102.2247196 36.9650580 8.00 T
102.5516690 35.0682462 7.27 T
102.5587667 36.4018094 7.92 T
103.1726051 29.4430013 7.72 T
103.1972295 33.9609573 3.60 T
103.2647460 35.7879552 6.19 T
103.5315743 32.5113165 6.95 T
103.6214482 26.5307274 7.68 T
103.6781888 24.2449525 6.91 T
103.6956439 29.8272496 7.93 T
103.7684950 22.5602207 7.70 T
103.8275251 25.3758548 5.82 T
103.8828491 37.9151583 6.85 T
103.9049757 24.0080214 7.72 T
103.9504406 27.2494523 7.80 T
103.9841066 27.2858104 7.19 T
104.0778321 25.0092952 7.63 T
104.2489216 24.6426377 6.93 T
104.2519961 33.6810495 6.03 T
104.2550649 24.9577692 7.95 T
104.4420938 22.8916697 7.69 T
104.5492839 22.4764923 7.00 T
104.6964106 26.0816676 6.26 T
104.7615235 38.0515531 6.16 T
104.8632948 37.0981628 7.88 T
104.8663473 25.9141154 6.38 T
105.1684270 23.4400964 7.16 T
105.3208063 32.4144831 6.58 T
105.4284613 33.6853267 7.64 T
105.4757448 22.0392101 7.72 T
105.5230367 21.7980858 7.91 T
105.5299269 25.4256192 7.04 T
105.5688437 22.0960493 7.46 T
105.5850220 25.3641348 7.40 T
105.6032100 24.2154416 5.29 T
105.8780360 29.3319086 6.01 T
106.0149277 36.3134400 6.79 T
106.0712021 37.5639268 6.71 T
106.1877717 35.5303015 7.85 T
106.2467257 30.3622872 7.41 T
106.3265337 22.6373996 6.00 T
106.4902227 36.5726922 6.99 T
106.5449716 28.1920367 7.70 T
106.5478780 34.4736693 5.65 T
106.8431813 34.0091035 6.09 T
106.8536118 28.1767034 6.45 T
107.0552394 33.8322171 6.45 T
107.0862613 34.4882184 7.85 T
107.0916595 33.2678267 7.55 T
107.1509542 37.4449932 6.32 T
107.2183061 33.9339085 6.70 T
107.2936723 30.3864916 7.92 T
107.3571152 36.5631378 6.78 T
107.3965901 25.7275499 7.16 T
107.4340697 25.7347055 7.79 T
107.7846232 30.2448611 4.53 T
107.8303494 33.1118074 7.21 T
107.8459764 26.8563712 5.77 T
107.8705239 30.4726412 7.23 T
107.8749030 26.4057802 6.82 T
108.0770934 36.1270058 7.80 T
108.1097853 24.1283195 5.89 T
108.1299561 26.5643256 7.47 T
108.2045012 27.2243036 7.24 T
108.2045012 27.2243036 7.27 T
108.2056895 25.7486786 7.05 T
108.2673709 31.9654214 6.90 T
108.3787241 32.1453328 7.44 T
108.4589280 28.4940101 7.04 T
108.6106415 24.7110705 6.88 T
108.6752778 24.8844169 6.01 T
108.9880910 27.8973956 5.93 T
109.0079875 29.2550488 7.45 T
109.2021208 24.5362047 7.35 T
109.2645677 26.6886742 6.49 T
109.2892745 33.0909710 6.99 T
109.3772351 31.6979229 6.72 T
109.5170272 30.9557337 6.19 T
109.8781576 26.8229031 7.06 T
109.9823836 33.6142705 7.27 T
110.0951571 28.1221895 7.17 T
110.2066011 29.7341800 7.23 T
110.3787360 37.6621127 7.02 T
110.3867157 26.1591597 7.68 T
110.5101362 36.7604449 5.24 T
110.8266139 33.6972237 7.93 T
110.8670491 22.9451256 6.16 T
110.8683505 25.0503540 5.12 T
111.0718017 36.3106728 7.21 T
111.1394900 27.6379489 5.80 T
111.4307865 27.7975551 3.89 T
111.4818802 32.8609677 7.55 T
111.5273970 31.8967076 7.07 T
111.6648485 31.6198185 7.39 T
111.9532701 27.2918116 7.43 T
112.0037531 26.2275161 7.37 T
112.0504925 29.4249237 7.70 T
112.1663834 27.5531109 6.49 T
112.1693275 24.6481840 7.65 T
112.2791442 31.7857014 4.20 T
112.3349300 28.1179455 5.08 T
112.3627536 34.8032426 7.92 T
112.4529670 27.9159847 5.13 T
112.5432786 38.1690828 7.04 T
112.6645592 27.9084667 7.17 T
113.0534125 27.1247141 7.30 T
113.2108223 22.8875073 6.62 T
113.2902084 33.9461636 7.63 T
113.3379616 35.7985112 7.92 T
113.3534677 37.1879379 6.53 T
113.6028365 33.1223989 7.95 T
113.6177292 28.4107117 7.67 T
113.6316604 28.6865778 6.76 T
113.7109171 24.9522681 7.45 T
113.7312160 28.2642647 7.86 T
113.7864554 30.9609962 5.46 T
113.7975955 23.0458535 7.35 T
113.8498526 28.6277183 7.02 T
113.9804000 26.8950883 4.23 T
114.3795325 31.6135797 7.74 T
114.4172994 22.3398020 7.08 T
114.5599524 24.3605678 6.41 T
114.5863769 33.1866196 6.98 T
114.6372129 35.0487192 5.67 T
114.7911210 34.5836375 4.93 T
114.8000044 24.2225311 6.17 T
114.9752225 32.0094709 6.21 T
115.2437785 23.0184489 6.09 T
115.2628729 24.9648953 7.31 T
115.3942898 22.1173023 7.59 T
115.4232197 37.4300346 7.66 T
115.4360547 23.5143426 7.72 T
115.5805005 30.1677989 6.84 T
115.6110843 37.1058247 7.69 T
115.6789862 22.2238779 7.18 T
115.6808269 34.0001981 6.09 T
115.8284743 28.8820692 4.37 T
115.8422814 22.3995668 6.33 T
115.9917537 24.2439503 7.09 T
116.0287160 25.7840234 5.47 T
116.1116847 24.3976582 3.66 T
116.4710098 26.7254867 7.87 T
116.5429419 23.5486370 7.64 T
116.6639202 37.5174771 5.34 T
116.7706214 34.9610124 7.73 T
116.8128879 33.0109780 7.43 T
116.8430184 33.5638723 7.44 T
116.8762073 33.4155239 5.32 T
117.1141888 36.6432574 7.95 T
117.1201437 28.7642262 6.97 T
117.1401019 23.1409732 6.27 T
117.2536638 28.5738767 7.94 T
117.3277001 24.4885991 7.16 T
117.4485375 26.2637941 6.93 T
117.4793562 27.3631023 6.99 T
117.4875672 28.1986720 6.79 T
117.6656059 24.1609737 7.09 T
117.7507206 31.6132819 6.83 T
117.7596952 33.2336894 6.06 T
117.7754059 37.2116843 7.43 T
117.7756138 31.6157229 7.69 T
117.8138941 37.0819010 6.68 T
117.8607650 29.1680373 7.10 T
118.0653305 36.2698260 7.13 T
118.2541844 22.3345086 7.16 T
118.3377713 28.0519085 6.92 T
118.3740108 26.7656124 4.98 T
118.4390625 26.5630149 7.66 T
118.5464014 36.7415435 7.26 T
118.7011486 34.6187035 7.87 T
118.7253345 32.2844236 7.54 T
118.7841415 28.3838277 7.38 T
118.7948108 37.1943022 7.98 T
118.9196837 35.4125142 6.25 T
119.0103948 23.6917783 7.36 T
119.0267038 23.6236977 6.78 T
119.1024941 31.6954921 7.60 T
119.1788520 36.5418517 7.34 T
119.3856413 32.6566147 7.15 T
119.8027773 33.8732161 7.92 T
119.9273870 23.1827753 7.04 T
119.9638574 36.0820120 6.68 T
120.1088707 25.0337715 7.98 T
120.1326420 29.2050755 7.07 T
120.2329248 25.3928803 5.97 T
120.2531228 23.5829604 6.48 T
120.4321502 25.0895431 6.30 T
120.4797286 35.4130279 6.52 T
120.8270588 26.2675776 7.71 T
120.8270588 26.2675776 7.93 T
120.8793615 27.7940613 5.06 T
120.9600470 22.0707834 6.96 T
121.0348299 33.0308382 6.74 T
121.4044308 27.5295068 6.70 T
121.5084453 36.2721457 7.11 T
121.9517813 36.2437771 7.99 T
122.0788572 34.0323829 7.65 T
122.0892307 37.8675874 7.84 T
122.4157403 35.7020674 7.42 T
122.5494784 35.4534861 6.71 T
105.8766667 29.3372222 5.93 B
110.0308333 21.9822222 3.53 B
110.5558333 38.9961111 6.40 B
111.7091667 21.5358333 6.54 B
111.7345833 20.2572222 5.93 B
111.9350000 21.4450000 5.22 B
112.2779167 31.7844444 4.18 B
112.9820833 38.8963889 6.54 B
113.6500000 31.8886111 2.88 B
115.0608333 38.3444444 5.73 B
116.3287500 28.0261111 1.14 B
123.2870833 29.6566667 5.64 B
