272.2206545 24.9665610 6.73 T
272.6555747 21.0279479 7.63 T
272.6828019 18.5044443 7.35 T
273.1487541 12.3936087 7.59 T
273.3150827 16.2729073 6.84 T
273.3546439 11.8842424 6.87 T
274.0378234 21.0399196 7.20 T
274.4670285 11.8777088 7.04 T
274.5122530 13.7769917 6.28 T
274.5321382 18.1317018 6.24 T
274.6022369 12.9804420 6.75 T
274.7749534 12.1932669 7.08 T
274.7945613 24.4460934 5.46 T
274.8090828 12.5339113 7.47 T
274.8181143 15.8260127 7.01 T
274.8959487 11.8703973 7.58 T
275.0747716 21.9609398 5.11 T
275.0757571 21.0735575 7.75 T
275.1611266 22.7973953 6.83 T
275.2056455 27.5308611 7.07 T
275.2756968 20.9349325 7.48 T
275.3657218 25.0568166 6.96 T
275.4518239 21.5077160 6.88 T
275.5363359 23.2856651 5.62 T
275.6472133 12.0297780 5.98 T
275.7048053 17.8267186 5.39 T
275.7066780 15.0017146 7.46 T
275.7621381 16.6879030 6.36 T
275.8310124 14.6999700 6.72 T
275.8705360 27.5085329 7.29 T
275.9258726 21.7682283 3.98 T
276.0232252 20.4526822 6.78 T
276.0939158 15.6553573 7.45 T
276.2436464 27.3946977 6.34 T
276.2622768 14.1448875 7.94 T
276.3661546 22.7067664 6.77 T
276.4800889 14.9661136 6.36 T
276.4862831 21.6060680 7.71 T
276.5041972 15.7580886 7.45 T
276.5818242 26.2276876 6.86 T
276.6217788 26.4609772 7.07 T
276.6705138 26.4491775 6.48 T
276.9412358 24.6975082 7.14 T
277.3369423 17.9838629 6.76 T
277.3648744 13.8545369 7.07 T
277.3988069 23.8661789 5.85 T
277.4414447 17.5992194 7.59 T
277.6636227 12.6112368 7.30 T
277.6736603 20.8133878 6.57 T
277.7683309 16.9284358 5.76 T
278.1924142 23.6168662 6.04 T
278.4401002 17.7321601 7.45 T
278.5815832 20.4663689 6.58 T
278.6958021 21.4862771 7.22 T
278.8026162 18.2034385 5.78 T
278.8767090 23.6056363 5.80 T
278.9721710 16.9750903 6.94 T
278.9721710 16.9750903 7.08 T
278.9823055 22.7556629 7.65 T
279.0479654 11.2431039 7.71 T
279.0853639 20.0067829 7.80 T
279.1526049 12.9876855 7.41 T
279.1541944 22.1075341 6.77 T
279.2878632 16.1986217 6.41 T
279.3024888 11.4214433 6.57 T
279.3356395 11.3558937 6.87 T
279.6433755 15.0837341 6.77 T
279.8119517 20.4975317 7.66 T
279.8298379 20.9329074 7.97 T
279.9558700 15.0894999 7.52 T
280.0782015 12.0541636 7.04 T
280.0906716 26.1308927 6.85 T
280.4569897 12.2555577 7.33 T
280.6539489 15.1993219 6.91 T
280.6863376 14.8423856 7.21 T
280.7259542 13.5666298 7.68 T
280.8104214 19.4665122 7.29 T
280.8281125 17.4896530 7.42 T
281.1680143 23.5893507 6.35 T
281.3266010 17.7273990 7.43 T
281.3800680 19.9698767 6.70 T
281.3984307 21.9846913 6.52 T
281.4154629 20.5442058 4.24 T
281.4230133 15.7254621 6.70 T
281.4319767 11.4969982 7.12 T
281.5187628 18.4877914 6.96 T
281.5187932 26.6622908 4.96 T
281.7557547 18.1822483 4.36 T
281.8330722 16.9084662 6.81 T
281.8720479 15.5127258 7.33 T
281.9239821 13.4422862 7.10 T
282.0544107 23.7092011 7.90 T
282.0685175 23.5147159 6.24 T
282.0943625 15.3941258 6.93 T
282.2225643 19.3286134 5.88 T
282.2317835 24.0558245 6.53 T
282.2409597 21.1669317 7.27 T
282.2960362 14.6580200 7.11 T
282.3094792 25.0465399 6.75 T
282.4269760 15.9345151 6.67 T
282.4823568 26.4253009 7.12 T
282.5622621 11.5226699 7.37 T
283.0080008 13.9656167 6.21 T
283.0622024 26.0263317 7.20 T
283.0684017 21.4250808 5.38 T
283.0777571 14.5353489 6.63 T
283.3663109 18.0208608 7.92 T
283.5315631 15.0060873 7.29 T
283.5910553 13.3896391 7.21 T
283.6368717 20.6153043 7.07 T
283.6702640 19.8425284 7.73 T
283.6870524 22.6450820 4.67 T
283.7010739 15.3426136 7.08 T
283.8682513 13.2224876 7.03 T
283.8770668 14.3847783 6.65 T
284.0158179 17.9953140 6.62 T
284.0251882 18.1044227 5.81 T
284.2826954 26.0958930 7.48 T
284.3023922 13.3725205 7.23 T
284.5524448 24.7089092 7.80 T
284.5614479 17.3608624 5.43 T
284.6724549 20.6231182 6.74 T
284.6877189 19.7943797 6.49 T
284.6955256 13.9063314 5.93 T
284.7740194 13.6214577 5.32 T
284.8014595 15.1298183 7.39 T
284.9018319 19.4864476 7.49 T
284.9053265 15.0678342 4.13 T
284.9265419 16.2518203 7.12 T
284.9401172 26.2303397 5.40 T
284.9957989 26.9656414 6.78 T
285.2726775 19.3095786 6.60 T
285.2868133 20.1574902 7.37 T
285.3223135 26.2913628 5.67 T
285.3239923 21.5138150 7.06 T
285.3439583 20.8327970 6.77 T
285.4525377 12.5408639 6.82 T
285.4560606 22.2645008 6.46 T
285.5203596 14.4298397 7.43 T
285.6596721 14.5669806 6.94 T
285.7192994 19.6609909 6.25 T
285.8244744 25.8260995 6.96 T
285.8564919 26.0529899 7.83 T
285.9271216 21.2683564 6.64 T
285.9998566 11.3026898 7.38 T
286.0414180 17.5565307 6.98 T
286.0888123 27.3207254 7.12 T
286.1604528 23.3292497 7.25 T
286.2213158 15.7359836 7.00 T
286.2632980 25.8381161 7.59 T
286.3524852 13.8628770 2.96 T
286.3737916 11.2697169 7.65 T
286.5826247 15.8613979 7.34 T
286.6603950 24.2508951 5.79 T
286.7206940 22.1720008 7.42 T
286.7835184 22.5845541 7.46 T
286.8882631 18.5624782 7.35 T
286.9892636 16.8514831 6.15 T
287.0083260 24.7260362 6.59 T
287.0149811 21.6993959 6.26 T
287.0674641 27.0941927 7.55 T
287.1019318 13.0979153 7.26 T
287.1475756 14.4351210 6.62 T
287.1673173 16.8506647 6.70 T
287.7935613 23.4799314 7.03 T
287.7969333 15.7875472 7.40 T
287.8793191 26.7356686 6.39 T
287.9070991 26.2785296 7.76 T
288.1186483 18.0020612 7.49 T
288.1435943 16.8463258 6.79 T
288.1531717 21.5545994 6.02 T
288.4724361 25.7588471 6.99 T
288.5801837 25.0131433 7.19 T
288.6958892 26.7300586 7.77 T
288.7612347 20.2030950 6.13 T
288.7866989 16.1971324 7.42 T
288.8079014 15.0822946 7.64 T
288.8225794 21.2321591 5.66 T
288.8337278 15.0835977 5.69 T
288.9873734 27.4558174 7.03 T
288.9873734 27.4558174 7.55 T
289.0078445 16.1610958 7.53 T
289.0363973 26.8684838 7.36 T
289.0543430 21.3903814 4.74 T
289.1116820 14.5446270 5.67 T
289.2025476 18.9759542 7.09 T
289.3791922 25.2384496 7.59 T
289.3829840 21.8138064 6.91 T
289.4166468 22.4411518 6.86 T
289.4318342 23.0254478 5.43 T
289.4541571 11.5955059 5.31 T
289.6174765 26.0570848 7.53 T
289.6307365 16.6975297 7.50 T
289.6879746 16.4882990 7.07 T
289.7017027 19.6104862 6.50 T
289.7947573 26.9319033 7.38 T
289.8172139 23.3040714 7.62 T
290.0312358 26.6445883 7.39 T
290.3662058 25.6039402 7.43 T
290.4129070 25.5748457 7.37 T
270.1154167 19.5058333 6.50 B
270.8112500 19.6130556 6.50 B
272.1895833 20.8144444 4.36 B
272.2204167 20.0452778 5.10 B
273.3187500 21.8802778 6.12 B
274.5320833 23.2966667 6.63 B
275.9245833 21.7697222 3.84 B
277.6733333 20.8152778 6.50 B
281.4154167 20.5463889 4.19 B
281.6725000 18.7058333 6.17 B
282.6900000 10.9763889 6.55 B
284.9920833 22.8147222 6.29 B
285.3954167 25.0258333 6.72 B
286.9887500 16.8533333 6.07 B
290.9454167 20.2644444 6.40 B
291.3433333 20.2713889 6.31 B
291.3691667 19.7986111 5.16 B
291.5550000 20.0977778 5.63 B
291.6195833 19.8913889 5.81 B
