150.5003402 -60.4208574 5.96 T
150.7496473 -60.1786423 6.20 T
150.8919312 -61.8839734 6.34 T
151.7629436 -61.2145868 7.17 T
151.9858849 -62.2213692 6.42 T
152.2341763 -51.8112662 4.82 T
152.9575005 -61.5419286 7.16 T
153.3380189 -61.6588099 6.39 T
153.3447749 -51.2330619 5.30 T
153.3661250 -51.7557485 5.81 T
153.4177469 -60.2631525 7.39 T
153.5252901 -54.9937001 7.46 T
153.6177328 -51.8143281 7.37 T
153.8191791 -54.9741929 6.11 T
153.8822635 -62.5369725 7.02 T
153.9861189 -55.5195543 6.84 T
154.0128745 -59.9033341 6.25 T
154.2704200 -61.3322727 3.54 T
154.3338788 -46.8349147 6.52 T
154.6552728 -56.1096701 5.85 T
154.7605894 -50.7160722 6.85 T
154.9029699 -55.0292653 4.74 T
154.9195214 -59.1460858 6.93 T
154.9658882 -47.9613451 6.71 T
154.9675998 -51.5677735 6.93 T
155.0488392 -52.6016784 7.23 T
155.2280700 -56.0432025 4.49 T
155.5370611 -49.2935457 7.54 T
155.5428624 -58.2653811 6.45 T
155.5911765 -47.9714702 7.40 T
156.2467088 -58.5762605 5.96 T
156.2780436 -50.1069566 6.83 T
156.3172457 -58.8724200 6.99 T
156.6831984 -47.6601045 6.58 T
156.8518638 -57.6387854 4.74 T
156.9695683 -58.7393879 3.85 T
157.0118005 -57.1984436 6.79 T
157.4792298 -54.9783072 7.37 T
157.5932971 -57.0774015 6.59 T
157.6403431 -61.3364773 7.55 T
157.8364956 -53.7141707 4.95 T
157.9655651 -52.2319597 7.37 T
158.0876708 -58.5458223 7.34 T
158.1991341 -58.6667342 6.04 T
158.2367096 -47.0033083 5.15 T
158.2398529 -60.1133829 7.27 T
158.3556701 -58.1901291 6.18 T
158.3848202 -46.9758718 7.09 T
158.8969103 -57.5576204 4.63 T
158.9249352 -58.1928606 6.71 T
158.9554317 -58.2242396 6.48 T
158.9650486 -49.2310253 6.96 T
159.0849991 -59.5646469 5.22 T
159.1364359 -59.1903151 7.02 T
159.1661194 -59.1679738 7.51 T
159.3170213 -53.8552397 6.39 T
159.3627237 -58.7333095 5.54 T
159.5108583 -57.2562896 5.86 T
159.6873000 -59.1829928 4.89 T
159.6889400 -59.2624105 6.46 T
159.7514696 -55.1136582 7.07 T
159.8264276 -55.6032366 4.38 T
159.8452494 -55.9898250 7.08 T
159.8509133 -55.6070975 6.06 T
159.8712215 -60.9857609 6.97 T
159.9908871 -52.2841060 6.87 T
160.0619589 -47.1602008 6.97 T
160.3014202 -59.9735927 7.24 T
160.3229093 -59.6768869 6.40 T
160.3582798 -56.0686935 6.79 T
160.6689219 -59.2157489 5.42 T
160.6750388 -56.8774368 7.04 T
160.7651477 -60.9868522 7.12 T
160.7891043 -61.1685082 6.59 T
160.8843829 -60.5665983 4.75 T
160.9676514 -60.1177773 6.47 T
160.9893648 -59.5474686 7.33 T
161.0953508 -59.9933068 6.33 T
161.2646380 -59.6844053 6.54 T
161.4337735 -59.4078083 7.33 T
161.5524777 -61.9416395 7.32 T
161.5705732 -60.6028239 6.27 T
161.6932022 -49.4205791 2.81 T
161.6932022 -49.4205791 5.64 T
161.7392200 -56.7571813 5.12 T
161.8293845 -57.3254131 6.99 T
161.9344372 -59.8752591 6.45 T
161.9807567 -52.2460709 6.74 T
162.0224391 -59.9191404 6.04 T
162.1572721 -60.2237534 7.33 T
162.3516778 -59.3237862 6.12 T
162.3516778 -59.3237862 7.42 T
162.6664790 -61.2695391 6.83 T
162.7441049 -59.9573079 6.78 T
162.9447213 -57.2723016 6.31 T
162.9730068 -49.1578758 6.61 T
162.9840912 -58.4154490 6.92 T
163.0101842 -61.4291659 7.46 T
163.0763589 -51.8002658 7.50 T
163.1284580 -57.2403766 5.28 T
163.3128321 -60.8147628 7.28 T
163.3380370 -58.8934439 6.23 T
163.3745158 -58.8529388 3.88 T
163.8212944 -60.5164856 6.04 T
163.8560524 -54.0795701 7.26 T
164.1490023 -61.7089463 7.13 T
164.2823193 -50.7649324 5.92 T
164.7676606 -53.5390563 6.87 T
164.8079451 -61.3207254 6.17 T
165.0338657 -51.8177919 6.17 T
165.2072370 -52.0750275 6.81 T
165.6924520 -59.7409809 7.01 T
165.9254968 -51.3525427 6.77 T
166.0007948 -57.9553356 6.12 T
166.1289438 -47.6788971 5.70 T
166.2311630 -61.0516007 7.59 T
166.2397731 -59.8588828 6.59 T
166.2427664 -48.1971055 7.29 T
166.2667633 -49.3922252 6.10 T
166.4403064 -47.4423128 6.82 T
166.5239125 -51.2133851 6.38 T
166.5241147 -59.9498567 6.65 T
166.6346261 -62.4240492 4.72 T
166.7273293 -58.7933664 7.37 T
167.0556960 -52.4014752 6.90 T
167.1415819 -61.9471713 5.16 T
167.1474066 -58.9750246 4.05 T
167.1775539 -57.0657880 7.11 T
167.2056765 -61.5594704 7.49 T
167.4206175 -54.7147912 7.04 T
167.6627389 -49.6532036 7.49 T
167.6751004 -60.3844943 7.13 T
167.7280747 -58.4552160 6.86 T
167.9180291 -60.3108903 6.67 T
168.0420455 -46.2666928 6.29 T
168.1367750 -49.1007809 5.39 T
168.1499842 -60.3176230 4.68 T
168.1843988 -59.6776056 7.22 T
168.2361118 -49.7360343 6.23 T
168.3226208 -50.1224598 6.95 T
168.3781775 -59.6193304 5.71 T
168.4139773 -53.2315859 5.89 T
168.4615817 -52.8562589 6.84 T
168.9279658 -57.3559098 6.43 T
168.9734927 -47.9209170 6.54 T
169.2508675 -54.7774277 6.81 T
169.2612846 -55.6225876 7.41 T
169.3101804 -59.7696945 7.18 T
169.3647581 -59.1052863 7.24 T
169.4489692 -59.2077167 7.00 T
169.4734764 -59.2363621 7.12 T
169.5821813 -48.7873249 7.31 T
169.9787443 -58.1547071 7.55 T
170.0018829 -59.1880437 7.29 T
170.2512808 -54.4910497 3.87 T
170.4186658 -48.7729577 7.33 T
170.6318928 -53.3698558 6.77 T
170.7835203 -56.7793195 5.80 T
171.5056188 -59.3528579 7.50 T
171.6474101 -61.1151641 5.26 T
171.6964866 -53.1598270 5.86 T
171.9626646 -58.6804713 7.60 T
172.1430551 -58.1419776 7.20 T
172.1592973 -54.8837305 6.80 T
172.3381857 -57.8324255 7.21 T
172.7143557 -60.3180752 7.26 T
172.8125992 -61.2784653 6.40 T
172.9418761 -59.4420444 5.21 T
172.9500856 -60.6063851 7.22 T
172.9532508 -59.5156454 5.22 T
173.1345356 -59.7178517 6.80 T
173.6896351 -54.2639894 4.59 T
173.7352557 -49.1353652 5.62 T
173.8048203 -60.8946750 6.60 T
173.9263224 -61.2878609 6.25 T
173.9819176 -47.6419441 5.28 T
174.0930104 -61.0524193 5.80 T
174.1181243 -61.6651457 7.13 T
174.2492316 -61.2834262 5.25 T
174.3847843 -61.4849292 7.21 T
174.3910124 -47.7471569 5.59 T
174.3915758 -60.3649124 7.08 T
174.4077768 -60.9831361 7.33 T
174.5295216 -61.8264649 5.13 T
174.7907658 -62.4223429 7.29 T
174.7941729 -57.7393462 7.23 T
174.9730513 -50.4859516 6.66 T
175.0286384 -61.1857670 7.31 T
175.1538605 -62.5681607 6.87 T
175.1538605 -62.5681607 7.42 T
175.2232788 -62.0900984 5.06 T
175.2449373 -55.5738428 7.04 T
175.2506665 -54.5487839 7.41 T
175.4737506 -60.2308067 6.87 T
175.5695290 -57.5650786 7.08 T
175.8798844 -62.4893891 5.10 T
176.6281467 -61.1784934 4.20 T
177.8039918 -61.8461409 6.58 T
178.1616052 -62.2352295 7.21 T
179.4163794 -62.4487779 5.53 T
153.0958333 -52.1633333 6.16 B
154.1675000 -51.2050000 6.30 B
155.0695833 -47.6991667 5.65 B
156.7041667 -54.8775000 5.58 B
157.0079167 -49.4055556 6.10 B
157.8408333 -53.7155556 4.89 B
157.9895833 -45.0666667 5.74 B
157.9858333 -45.0694444 6.09 B
158.1400000 -44.6188889 5.91 B
158.7937500 -43.6647222 6.08 B
159.3254167 -48.2258333 3.84 B
159.7475000 -58.8169444 5.92 B
161.9112500 -57.4677778 6.36 B
164.4516667 -59.7319444 6.11 B
165.0358333 -51.8177778 6.15 B
166.6141667 -50.9566667 6.32 B
166.6220833 -58.6752778 6.02 B
173.9450000 -63.0197222 3.13 B
174.2525000 -61.2833333 5.15 B
175.1775000 -53.9686111 5.96 B
175.9704167 -62.8783333 6.10 B
176.8295833 -57.6963889 5.41 B
177.4212500 -63.7883333 4.32 B
177.6133333 -62.6494444 5.70 B
177.9633333 -65.2061111 4.90 B
178.0420833 -56.9877778 5.57 B
178.5479167 -57.4100000 6.06 B
178.7491667 -63.2788889 5.91 B
179.5633333 -56.3172222 5.44 B
179.6987500 -64.3391667 5.61 B
