330.1636024 62.4877879 6.73 T
330.3571567 61.5560970 7.79 T
330.5776390 61.0946939 7.95 T
331.1858632 61.3379266 7.19 T
332.1899416 61.0224059 7.33 T
332.7702834 48.6773793 6.62 T
332.7926606 50.8236334 5.40 T
332.9107997 52.4299665 7.56 T
332.9896919 50.1961799 7.29 T
333.0076344 47.0956643 6.68 T
333.0083795 60.7591950 5.49 T
333.3494498 53.1542013 7.29 T
333.4087457 49.4713666 7.14 T
333.4237673 52.3918707 7.81 T
333.7706829 59.1141685 7.16 T
333.8726031 55.8185256 7.46 T
334.0779315 62.3159713 7.11 T
334.1112528 57.2202725 5.99 T
334.2548166 56.1764376 7.15 T
334.3681730 49.1270020 6.57 T
334.4101577 51.3180707 7.63 T
334.9954155 47.4726274 7.85 T
335.0262843 56.9180517 6.53 T
335.0946609 51.8609760 7.28 T
335.1473720 54.8413050 7.47 T
335.1614997 58.4100422 6.56 T
335.1646956 50.9808158 6.52 T
335.2566597 46.5365753 4.52 T
335.2663311 55.9858469 7.98 T
335.2838389 48.2399424 7.62 T
335.7509826 57.2846476 6.15 T
335.7523978 62.4194442 6.04 T
335.8899629 52.2278869 4.54 T
335.9049253 51.1956463 7.41 T
335.9595243 58.5343512 7.12 T
336.0533822 48.8218610 7.62 T
336.1290699 49.4763914 4.59 T
336.3505451 50.4015189 7.34 T
336.4239851 52.4384421 8.00 T
336.4687608 53.9446629 7.33 T
336.6106175 54.1034860 7.81 T
336.6109825 46.5614777 7.90 T
336.7467651 56.4335958 6.56 T
336.7950674 61.9117232 6.72 T
336.9315453 51.4928098 7.36 T
336.9755549 51.5756164 7.58 T
337.1064074 51.3062435 7.71 T
337.2671232 51.5082834 7.56 T
337.2887032 58.4041319 6.11 T
337.2929489 58.4152330 4.21 T
337.3431139 54.2458998 6.77 T
337.3825634 47.7068706 4.55 T
337.3880576 47.7638343 7.90 T
337.4729534 52.4167383 6.63 T
337.5268529 49.3562266 6.55 T
337.5778980 57.2254271 6.74 T
337.6360242 61.6237346 7.00 T
337.7741630 50.3647165 7.72 T
338.0782991 54.0371208 6.52 T
338.4067552 46.5652315 7.37 T
338.4202555 56.6249900 5.83 T
338.4717275 61.7782175 6.57 T
338.5421017 54.0852784 7.71 T
338.7498640 60.8262384 7.13 T
338.9668094 56.0705885 6.39 T
338.9724823 50.0707806 6.26 T
339.1984152 54.4233412 7.41 T
339.3428833 51.5444631 4.66 T
339.6586396 56.7954203 5.35 T
339.7734048 58.9274927 7.06 T
339.8943805 51.1559592 6.83 T
340.0736072 51.5478710 7.41 T
340.0767744 53.8458123 6.03 T
340.3453516 50.0926245 7.91 T
340.3930099 54.3867296 7.83 T
340.6004284 54.2484790 7.58 T
340.7680415 47.1687171 6.50 T
340.8156546 56.4085823 6.94 T
341.2643879 58.1461920 6.50 T
341.5269883 52.1047688 7.48 T
341.6233513 54.8720770 6.86 T
341.7978342 54.7519513 7.79 T
341.8285371 53.3817000 6.88 T
341.8469149 58.4830740 6.32 T
341.9783375 51.9794478 7.16 T
342.1997014 54.4148742 6.11 T
342.3230006 50.9758018 6.81 T
342.3235743 47.9300152 7.81 T
342.4439314 55.9029988 5.57 T
342.4484588 54.8467629 7.55 T
342.5420820 50.6769256 6.35 T
342.6945756 52.0624975 7.28 T
342.7658033 52.2681581 7.44 T
342.8055063 48.7332333 6.86 T
342.8454067 61.6970227 6.03 T
342.8454067 61.6970227 7.08 T
342.8906628 59.0085042 7.30 T
342.9376652 53.0284658 7.30 T
343.2057737 46.5483489 6.80 T
343.2178615 50.4122769 6.45 T
344.0142906 58.1958618 7.05 T
344.0449519 56.4504681 7.26 T
344.1083236 49.7335320 5.18 T
344.2341077 59.9617104 7.21 T
344.2610034 56.4903791 7.48 T
344.2688556 48.6840251 5.32 T
344.7875987 59.8146311 6.45 T
344.8034939 52.3029301 6.96 T
345.0040554 57.7725948 7.48 T
345.0212393 56.9453585 5.21 T
345.4724828 47.9552702 7.66 T
345.6049698 59.8526686 6.99 T
345.6557816 59.6050384 7.33 T
345.6830685 55.2364151 6.51 T
345.8396815 58.5637311 6.53 T
345.8489123 60.4453968 6.73 T
346.0473956 50.0531288 4.76 T
346.2306564 56.6905352 6.81 T
346.6193393 61.4399970 6.80 T
346.6340787 51.0771784 7.39 T
346.6372820 46.9235997 7.75 T
346.7758996 50.1923499 7.07 T
346.7919263 52.8166894 6.24 T
346.7936587 59.7273822 6.41 T
346.9134688 46.3870408 5.46 T
346.9405532 49.2965980 5.73 T
347.3197946 49.6506191 6.74 T
347.4338971 59.3327023 5.72 T
347.4967887 47.9593307 7.21 T
347.7789266 53.0581915 7.22 T
347.8486914 50.7714263 6.86 T
347.9984689 49.2135789 7.63 T
348.0854383 52.2294350 7.42 T
348.1384004 49.4068006 4.56 T
348.3446406 57.1702021 5.67 T
348.5603761 50.6178644 6.31 T
348.7550164 46.5241708 7.20 T
348.9653871 56.6761746 7.84 T
349.0834122 50.4879851 7.57 T
349.1127228 61.9629113 6.57 T
349.1774265 53.2119919 5.64 T
349.2144329 57.6477567 7.52 T
349.4363528 49.0153492 5.01 T
349.7373717 48.4957845 7.67 T
349.7828703 48.9194870 7.27 T
349.8744234 48.6256473 5.55 T
349.9250673 48.3811245 6.41 T
349.9567359 59.6333523 7.89 T
350.0027071 61.1498295 6.94 T
350.0867118 60.2747459 6.70 T
350.6356535 60.1334794 5.72 T
350.9102110 54.0309925 6.85 T
351.0331009 57.5354762 6.84 T
351.2095977 62.2827246 5.16 T
351.5872326 61.0868456 6.64 T
351.9756501 59.6952162 7.59 T
352.3624210 46.4648437 6.89 T
352.4030309 48.3809364 7.95 T
352.4680396 58.5484736 7.23 T
352.7051202 62.2886393 7.67 T
352.8560359 59.1662314 6.84 T
352.9062487 54.1409384 7.77 T
353.1988114 57.9055740 7.59 T
353.4005107 60.0505734 7.64 T
353.5386675 55.4887122 7.51 T
353.6941817 52.6103393 7.99 T
353.8300109 50.3117412 7.22 T
354.2766910 53.4527553 7.80 T
354.3924557 46.4555190 3.96 T
354.4969251 46.1993599 6.66 T
354.5031557 48.9957656 7.19 T
354.7045382 62.1349367 6.67 T
354.7845411 50.4717020 5.33 T
355.1803332 55.1490485 7.63 T
355.2531200 57.8386627 7.23 T
355.2715452 46.2180562 7.03 T
355.3343558 46.8599963 7.41 T
355.3614539 49.5122782 6.28 T
355.4774260 57.2599301 6.35 T
355.6698144 51.4277359 7.54 T
355.7713750 51.9393247 6.55 T
355.7736335 53.1525928 6.62 T
355.8066056 52.2482982 7.65 T
355.8672893 58.0833025 7.21 T
356.1218596 55.4909956 7.75 T
356.1338123 46.3801572 7.68 T
356.2019799 55.7996708 6.57 T
356.5086309 46.4202127 5.09 T
356.7274567 48.8016531 7.59 T
356.7346819 51.2289804 7.48 T
356.8746157 49.2932999 7.82 T
356.8876850 46.8325252 6.11 T
357.2089110 62.2144365 5.66 T
357.2089110 62.2144365 7.95 T
357.4712606 62.2140678 7.74 T
358.0701579 61.8775523 7.32 T
358.4582178 60.8533888 7.01 T
358.6754418 61.8389060 7.30 T
359.3853438 61.9912957 7.73 T
359.3898647 60.0235724 6.46 T
331.8562500 53.3072222 6.14 B
337.6220833 43.1233333 4.51 B
337.8229167 50.2825000 3.77 B
339.5729167 45.1830556 6.40 B
340.1287500 44.2763889 4.46 B
340.5866667 53.9088889 6.12 B
341.2050000 52.5172222 6.55 B
343.2658333 60.1011111 6.01 B
344.7929167 52.6544444 6.29 B
345.3779167 57.1055556 6.20 B
346.0458333 50.0522222 4.65 B
346.6537500 59.4197222 4.85 B
348.3208333 57.1683333 5.56 B
349.1762500 53.2136111 5.54 B
350.0595833 61.9700000 6.45 B
350.1441667 62.2130556 6.39 B
352.5083333 58.5488889 4.91 B
355.5866667 64.5155556 6.56 B
355.6312500 61.6794444 6.40 B
356.7645833 58.6519444 4.87 B
356.7579167 57.4513889 5.51 B
357.1625000 64.8763889 6.41 B
357.2245833 59.9788889 6.34 B
357.3000000 58.9630556 6.33 B
358.5958333 57.4994444 4.54 B
358.8904167 57.4122222 6.00 B
359.2854167 55.7058333 5.55 B
359.7520833 55.7550000 4.88 B
