96.0085715 -70.1867036 7.76 T
96.3690416 -69.6890567 5.48 T
97.0759669 -59.6178821 7.68 T
97.4803613 -59.5906937 6.83 T
97.6154287 -68.9475745 7.91 T
97.8005504 -70.5157705 7.42 T
97.8140791 -67.5808078 7.94 T
97.9622935 -68.1200729 7.79 T
97.9929505 -58.7538143 5.63 T
98.2582565 -73.7512306 7.97 T
98.6406443 -61.4956775 7.25 T
98.6952687 -63.2622274 7.81 T
98.7882704 -61.1730645 7.45 T
99.4101872 -70.6040169 7.40 T
99.5012689 -61.5329371 6.32 T
99.6063196 -66.0853613 7.26 T
99.6602143 -60.1829592 7.03 T
99.8974173 -60.4004234 7.69 T
100.0910616 -59.1231361 7.76 T
100.2404380 -71.7754401 6.62 T
100.2607362 -70.6507517 7.39 T
100.3749699 -65.4690588 7.94 T
100.5199425 -69.7064485 7.57 T
100.6060959 -67.8428582 6.70 T
100.6195030 -61.7563405 7.24 T
100.9033569 -73.1188045 6.47 T
101.1840769 -61.2241800 7.11 T
101.2315563 -70.4337229 6.25 T
102.0468400 -61.9396222 3.26 T
102.5043058 -60.2484601 6.15 T
102.5103604 -66.2932394 7.08 T
102.6050556 -69.9863105 6.91 T
102.8625168 -70.9632478 5.38 T
103.1530366 -70.5098803 7.30 T
103.1891480 -59.3409513 6.44 T
103.8161502 -70.4889700 7.06 T
103.9206497 -68.5054577 7.00 T
104.7804456 -60.8420722 7.13 T
104.9601018 -67.9149843 5.33 T
104.9964717 -61.3345139 6.89 T
105.0697441 -60.8626196 7.69 T
105.1799204 -61.1416813 7.73 T
105.2706134 -58.9390134 6.04 T
105.2710502 -65.7060898 7.38 T
105.7926396 -70.5417128 7.80 T
105.7981930 -66.8886319 7.72 T
105.8127295 -59.1779638 5.83 T
105.8127295 -59.1779638 6.78 T
106.0361438 -64.4899277 7.49 T
106.4048197 -71.2705989 7.72 T
106.5597258 -68.8375973 6.59 T
106.6369739 -59.9968513 7.93 T
106.6976607 -67.0163762 7.39 T
106.8177297 -59.7163648 6.43 T
107.1770513 -70.4964750 5.43 T
107.1873579 -70.4982297 3.86 T
107.3538517 -60.3800337 6.98 T
107.5439604 -64.4590311 7.70 T
107.7392575 -67.0668890 7.37 T
107.7487115 -67.9613794 7.31 T
107.8201058 -70.1188796 6.87 T
108.0082727 -63.1901143 6.04 T
108.0767402 -67.7839995 7.41 T
108.3160070 -64.8734215 7.33 T
108.5922866 -61.0696739 7.21 T
108.8709463 -58.5425924 6.88 T
109.1555626 -64.1243782 7.55 T
109.2075400 -67.9570962 4.05 T
109.2389884 -71.7492067 7.12 T
109.4129210 -59.2619158 7.56 T
109.6615995 -63.3866144 7.35 T
109.8746281 -70.2087009 7.90 T
109.8845267 -61.1449028 6.88 T
110.1630621 -58.6732225 7.79 T
110.4209132 -61.9512324 6.89 T
110.7751599 -62.2713981 7.18 T
110.7774540 -70.6364629 6.86 T
111.0380632 -58.4910883 6.66 T
111.1548460 -71.4704061 6.49 T
111.6602701 -69.5762040 7.83 T
111.7342089 -65.5974603 7.92 T
111.7724227 -68.6148407 7.19 T
112.2142590 -64.5098478 6.58 T
112.4869708 -61.2498925 7.72 T
112.8009346 -74.6909433 7.58 T
112.8501806 -64.3719655 7.63 T
112.8509179 -74.2904382 7.53 T
113.3407343 -68.7686010 6.60 T
113.5296774 -60.2431969 7.79 T
113.8410814 -74.2749752 7.02 T
113.8410814 -74.2749752 7.07 T
113.9179446 -70.5236835 7.26 T
114.0710202 -67.3783069 7.54 T
114.0801275 -69.0564461 6.87 T
114.4020629 -65.9169032 7.50 T
114.5599441 -67.4481265 7.39 T
114.6583262 -60.6292065 7.62 T
115.1960822 -71.7628465 7.16 T
115.4559557 -72.6059975 4.06 T
115.5425319 -58.6308670 6.37 T
115.5771490 -66.9039494 7.37 T
115.5872124 -58.6700008 7.16 T
115.6496250 -59.2964427 7.25 T
115.7218522 -58.2298325 6.32 T
115.8334786 -70.0647789 7.91 T
116.0534012 -69.8215411 6.15 T
116.1824720 -66.0716288 6.49 T
116.3648164 -64.1941382 7.68 T
116.5128529 -67.4318906 7.75 T
116.5760894 -71.7199398 7.61 T
116.5962080 -61.4283675 7.46 T
116.6127611 -59.0891377 7.67 T
117.1607751 -63.6887825 7.94 T
117.1982163 -61.1621595 7.93 T
117.3029274 -60.2826946 5.82 T
117.3648059 -59.3821974 7.56 T
117.4207832 -66.1959705 5.76 T
117.4781328 -60.0513743 6.86 T
117.7367142 -59.6461510 7.29 T
117.8071464 -62.9298554 7.17 T
118.0304431 -64.2941887 7.40 T
118.0557049 -59.6137552 7.61 T
118.0927254 -59.4930344 7.84 T
118.3717757 -61.0544191 7.82 T
118.4507067 -62.3797485 7.90 T
118.5543905 -58.5753731 7.87 T
119.0375843 -71.9850488 8.00 T
119.0656499 -61.0993504 6.73 T
119.0776474 -60.5263831 5.90 T
119.3031385 -63.2967112 6.11 T
119.3380053 -60.7674465 7.69 T
119.4233862 -65.9086589 6.87 T
119.4383433 -60.9263981 6.86 T
119.4520089 -60.3023233 5.64 T
119.5121276 -60.6147551 7.56 T
119.5400695 -60.8168208 6.81 T
119.5536274 -60.8012792 7.17 T
119.5928085 -60.8576714 7.07 T
119.6815875 -60.7013663 7.81 T
119.7105845 -60.8243948 5.75 T
119.7610068 -61.5833980 7.50 T
119.8156026 -73.2443166 6.35 T
119.9063771 -60.5869983 5.39 T
119.9169838 -60.2072832 6.28 T
120.3859201 -70.0232184 7.76 T
120.6275670 -66.0217206 7.25 T
120.8379605 -69.9715102 6.73 T
120.9631964 -70.3371152 7.23 T
120.9714992 -68.9367972 6.95 T
121.1305307 -67.2080626 7.68 T
121.1788096 -62.8362912 6.22 T
121.2600793 -60.3877716 7.67 T
121.5139110 -64.3767174 7.62 T
121.6502494 -63.5155650 6.76 T
121.8516428 -60.3487543 7.67 T
121.8527019 -59.4379396 7.68 T
121.9384481 -68.8988171 7.46 T
121.9635323 -69.8991728 7.99 T
121.9820931 -68.6168794 4.38 T
122.0534337 -61.0772934 6.91 T
122.1025584 -63.8007792 6.30 T
122.1851409 -60.6257490 7.30 T
122.2362226 -68.9915205 7.32 T
122.2507079 -61.3042119 4.79 T
122.3005548 -64.7761714 7.52 T
122.3771295 -59.5415382 6.58 T
122.9037035 -59.2487610 7.77 T
122.9197266 -60.0754165 7.20 T
123.0103921 -69.7528596 7.75 T
123.0680092 -71.2666419 7.94 T
123.5315230 -61.4417451 7.73 T
123.6765688 -73.8069201 7.32 T
123.6765688 -73.8069201 7.47 T
123.7100896 -69.6225749 7.72 T
123.8157885 -62.9156311 5.27 T
124.1965546 -64.4030975 7.78 T
124.2203129 -64.1869449 6.66 T
124.3923986 -58.6973697 6.98 T
124.4816458 -59.1670021 6.50 T
124.5208548 -60.3138208 7.29 T
124.5786823 -65.6130505 5.18 T
124.9335261 -60.1031193 7.50 T
124.9536567 -71.5146889 5.31 T
125.0018616 -71.5051750 5.59 T
125.0180983 -71.4962400 7.67 T
125.0814012 -69.0614177 7.19 T
125.2236508 -62.3934174 7.91 T
125.2817321 -64.1061210 6.21 T
125.2876386 -71.9680729 7.51 T
125.4787094 -67.3345677 7.62 T
125.5178846 -73.3997965 5.28 T
125.8554971 -70.2485986 7.22 T
126.4336055 -66.1378427 3.89 T
126.4647600 -64.6005319 6.05 T
127.1820166 -60.1225714 7.39 T
127.3509148 -63.2764909 7.97 T
127.4286665 -67.1396769 7.27 T
127.7686561 -66.8647662 7.76 T
127.8399516 -65.5227524 7.42 T
127.9093320 -62.3390079 7.39 T
91.5391667 -66.0397222 5.71 B
92.1841667 -68.8433333 5.06 B
92.5600000 -74.7530556 5.09 B
93.7745833 -71.7027778 6.64 B
95.6591667 -69.9841667 5.56 B
97.5125000 -65.5683333 6.29 B
101.2337500 -70.4338889 6.11 B
116.3983333 -56.7225000 6.12 B
117.0800000 -56.4711111 6.33 B
117.2779167 -56.4105556 5.59 B
118.7216667 -57.3030556 5.63 B
119.2112500 -59.1263889 6.25 B
119.4454167 -60.3033333 5.60 B
120.0833333 -63.5675000 4.82 B
120.3812500 -55.4550000 6.28 B
122.2529167 -61.3025000 4.76 B
126.8204167 -70.0933333 5.53 B
130.9762500 -68.2116667 6.32 B
131.1250000 -65.8255556 6.05 B
132.6450000 -66.7930556 5.35 B
