292.6309494 -48.4363046 7.96 T
292.8426004 -46.2730443 6.95 T
292.9501033 -42.4295798 7.55 T
293.0569705 -44.5461498 6.54 T
293.0917343 -45.3680122 7.63 T
293.2208980 -46.7781691 7.39 T
293.3399344 -45.2719159 5.58 T
293.5353822 -40.0346487 5.92 T
293.5380509 -48.6773823 7.78 T
293.8040466 -48.0994349 5.00 T
293.8829461 -41.1211796 7.35 T
293.9882921 -36.8051992 7.86 T
294.0362954 -46.1515374 7.34 T
294.4142382 -41.4584509 7.68 T
294.4744145 -48.1131208 7.67 T
294.5501066 -41.8046212 7.59 T
294.6396530 -34.5497173 7.40 T
294.8303958 -45.4285654 7.55 T
294.9221218 -39.7467182 7.79 T
294.9238692 -45.2785163 6.28 T
294.9817420 -39.4331899 6.65 T
295.0109256 -49.9494848 7.37 T
295.4559616 -36.8876271 7.37 T
295.5543366 -36.6338311 6.93 T
295.7318845 -37.4399416 7.69 T
295.9067535 -37.5388739 6.13 T
295.9286854 -44.1336006 7.41 T
296.1156230 -41.6091637 6.97 T
296.8537383 -43.3455988 7.18 T
296.9684054 -45.7179115 7.26 T
297.0879906 -42.0783689 7.45 T
297.1283460 -40.9735924 7.52 T
297.3659360 -45.7480978 7.38 T
297.3916105 -37.7812009 7.28 T
297.5451829 -45.3796228 7.08 T
297.5586665 -47.5574541 6.10 T
297.6684577 -41.8597068 7.78 T
297.7211893 -46.3607981 7.55 T
297.8640276 -42.0935928 7.90 T
297.9424003 -37.3367589 6.77 T
297.9610158 -39.8744533 5.31 T
298.7603768 -36.2018416 7.18 T
298.7940033 -46.7928032 7.82 T
298.8155887 -41.8679124 4.24 T
299.0218685 -44.0122246 7.15 T
299.0442611 -38.3266685 6.82 T
299.1853075 -37.1066771 7.89 T
299.3369688 -39.3849443 7.85 T
299.4048543 -37.7448079 7.42 T
299.4227921 -38.0594634 6.60 T
299.5416020 -35.1882400 7.86 T
299.5561505 -36.6872267 6.99 T
299.7446500 -46.0878109 7.53 T
299.9278733 -37.3749478 7.21 T
299.9341268 -35.2764651 4.33 T
299.9648057 -34.6982564 5.32 T
300.0498661 -48.7485983 7.72 T
300.0665421 -37.7017312 6.06 T
300.0853636 -33.7052628 5.70 T
300.1047905 -49.3509678 6.29 T
300.1105646 -43.0432377 6.30 T
300.1670664 -49.6086112 7.00 T
300.2013628 -45.1128897 5.82 T
300.2130274 -43.9827874 7.71 T
300.3079362 -38.6801924 7.77 T
300.3551870 -47.3973822 7.06 T
300.3618258 -40.8145665 6.32 T
300.5428237 -44.4661888 7.90 T
300.6509000 -45.1960130 6.69 T
300.6700206 -41.4177220 7.57 T
300.8192110 -42.9236173 7.88 T
300.8819398 -36.5965346 7.09 T
300.8899060 -37.9412601 4.93 T
300.8970350 -38.8529355 6.93 T
300.9002274 -37.5291199 6.99 T
300.9265010 -36.0597677 7.25 T
301.0117784 -37.8789312 6.98 T
301.1243161 -44.9469733 7.87 T
301.2827716 -46.0970838 7.14 T
301.3190820 -36.3792567 7.54 T
301.3579390 -34.6670902 6.99 T
301.4218241 -37.7148233 7.98 T
301.4421067 -36.4995732 7.73 T
301.8186220 -41.8090788 7.85 T
301.8317418 -35.5399171 7.86 T
301.8705560 -41.7716439 7.77 T
301.8975377 -35.6557941 7.64 T
301.9740098 -39.8439459 7.65 T
302.0769619 -34.6276978 7.99 T
302.1275579 -34.5136166 7.76 T
302.2664203 -47.0683213 6.63 T
302.3015513 -38.3034918 7.48 T
302.3540727 -33.8743244 7.26 T
302.4798679 -35.6065302 7.92 T
302.5246296 -43.8943624 7.03 T
302.6633123 -46.7353466 6.96 T
302.7095903 -43.6030877 7.85 T
302.7697836 -43.4743461 7.70 T
302.8032908 -36.1110029 5.41 T
302.8158832 -43.6623203 6.64 T
303.0991544 -42.7806799 6.33 T
303.3848761 -47.7135032 6.61 T
303.3912407 -38.4491120 6.95 T
303.3949539 -45.5906531 7.77 T
303.4235373 -34.1186281 7.05 T
303.7732454 -39.7192776 7.71 T
303.9883477 -39.4917981 7.89 T
304.0620146 -41.4786051 7.17 T
304.0983999 -36.4536757 6.55 T
304.1102101 -35.1981374 6.58 T
304.2107969 -40.9058096 7.07 T
304.2873218 -39.0011518 7.50 T
304.4573558 -40.1846767 7.42 T
304.4604423 -40.1858880 7.72 T
304.5616869 -38.9530635 7.65 T
304.5661808 -42.8604294 7.05 T
304.6635818 -42.6211383 7.52 T
304.7333569 -47.7107889 6.49 T
304.7356640 -44.5243983 7.64 T
304.8261438 -47.5814283 6.18 T
305.0607610 -34.5856560 6.70 T
305.0941585 -42.9011020 7.88 T
305.2165224 -35.6735505 6.61 T
305.2252223 -45.5459367 7.39 T
305.2594291 -50.0172998 7.32 T
305.4174874 -50.0009719 6.32 T
305.4300522 -36.6103639 7.54 T
305.4502339 -40.7555614 7.27 T
305.6148879 -42.0500808 5.57 T
305.6512839 -48.8654242 7.83 T
305.6587988 -44.5870930 7.98 T
305.7516474 -35.3775024 7.04 T
305.9358720 -35.1293104 7.68 T
305.9715158 -42.4226940 5.67 T
306.0035136 -41.7956192 7.16 T
306.2311976 -40.7338229 7.81 T
306.4488237 -40.7967169 6.24 T
306.4854360 -33.6360669 8.00 T
306.5200627 -46.6601393 6.75 T
306.6668252 -42.0553866 7.90 T
306.7187320 -37.4036634 6.58 T
306.7535650 -47.2595270 7.70 T
306.7960536 -48.5929370 7.90 T
307.1350485 -36.1945864 7.94 T
307.1369640 -34.4098320 6.89 T
307.1947715 -35.5960081 6.06 T
307.3956285 -41.3997034 7.56 T
307.4106002 -46.1514612 7.42 T
308.3447747 -41.5259293 6.88 T
308.4453805 -40.5572512 7.78 T
308.4795549 -44.5162781 5.23 T
308.5692798 -43.4483883 6.88 T
308.6958110 -33.9218996 7.90 T
308.7276159 -41.9871197 7.28 T
308.7313046 -38.0899719 6.46 T
308.9491118 -44.3375009 6.47 T
309.1273804 -45.5576696 7.74 T
309.2292463 -37.3869192 7.57 T
309.3563530 -43.0434170 7.89 T
309.3922762 -47.2910916 3.20 T
309.4331937 -41.2279547 6.66 T
309.5996270 -44.5249006 7.40 T
309.6925897 -33.6784272 7.51 T
309.7590940 -49.3313380 7.39 T
309.9688138 -36.0338665 7.24 T
310.0798110 -35.7991094 7.50 T
310.0945872 -46.8265659 7.60 T
310.2318820 -42.3966061 6.36 T
310.3531635 -42.1339791 6.50 T
310.5655112 -44.8852005 7.00 T
310.7208252 -39.5588889 6.41 T
311.1706756 -35.8275283 7.04 T
311.2987196 -35.1665523 6.90 T
311.5231048 -48.9703558 7.54 T
311.5778437 -36.1204721 6.53 T
311.5840352 -39.1994598 5.46 T
311.8165764 -47.1727837 7.38 T
311.8486450 -45.8545387 6.96 T
312.0776437 -44.1971636 6.61 T
312.0804210 -40.0015308 7.63 T
312.1230085 -43.9891986 5.14 T
312.1298411 -48.6697541 7.79 T
312.1507539 -43.0077025 7.24 T
312.1839314 -43.9827531 7.71 T
312.3113119 -48.2243546 7.07 T
312.3710288 -46.2266656 5.06 T
312.4920943 -33.7798443 5.00 T
312.7531091 -37.9134402 5.66 T
312.9206878 -40.9060656 7.37 T
313.1567327 -38.9063853 7.89 T
313.1796117 -39.1086633 6.98 T
313.2877897 -46.6179141 7.60 T
313.3101988 -36.5143632 7.42 T
313.4162889 -36.1963217 7.30 T
313.4178011 -39.8104673 5.48 T
313.6543312 -39.9308992 7.18 T
313.7059152 -46.6015314 7.57 T
314.4124546 -44.1354752 6.58 T
314.5953968 -40.9937314 7.72 T
314.9911185 -43.0154538 7.28 T
300.3600000 -40.8141667 6.29 B
301.3837500 -33.0000000 6.53 B
301.8466667 -52.8808333 4.94 B
302.7995833 -36.1011111 5.32 B
304.8245833 -47.5802778 6.13 B
305.4208333 -49.9994444 6.27 B
306.7208333 -37.4030556 6.25 B
