124.9482804 35.2013412 7.34 T
125.1992974 35.7786708 7.16 T
125.4042804 33.9367626 7.30 T
125.9667676 32.2934286 7.75 T
126.0243609 31.3008625 7.46 T
126.2296867 23.9456951 7.53 T
126.2702550 35.0113336 6.20 T
126.3486796 37.3882440 7.99 T
126.5098333 36.9825406 7.92 T
126.5255658 28.6283732 7.68 T
126.6151857 27.8928617 5.74 T
126.6655019 24.5336731 6.92 T
126.6668980 24.5346888 7.53 T
126.7013500 34.3376970 7.91 T
126.9676170 36.1251877 7.94 T
127.0167135 35.8917605 7.00 T
127.0354717 33.5286907 7.67 T
127.0855284 33.6852006 7.26 T
127.0936725 37.0118944 7.79 T
127.1530737 24.1445894 6.07 T
127.3030525 32.6923086 6.89 T
127.4167881 24.3445622 7.15 T
127.4562276 26.1927854 6.80 T
127.4846588 37.0709556 7.95 T
127.8159695 25.7402625 7.58 T
127.8330891 37.2647520 6.17 T
127.8766028 24.0808286 5.73 T
127.8959315 34.9663384 7.36 T
128.0588617 32.1700951 7.83 T
128.0721200 29.3191688 7.46 T
128.2256959 34.3836649 7.64 T
128.2282515 38.0152919 6.00 T
128.2499983 24.0845047 6.46 T
128.2935722 33.4313476 7.81 T
128.3394063 36.4364476 6.23 T
128.6826303 36.4193640 5.75 T
129.0102656 24.0511624 6.99 T
129.1780220 25.9372346 7.47 T
129.3422615 28.2940826 6.73 T
129.4441333 26.2375028 7.97 T
129.4546676 32.2886913 7.95 T
129.5006733 32.2210364 7.97 T
129.5345629 26.0478383 7.61 T
129.5728376 37.0201362 7.62 T
129.5789092 32.8020022 6.07 T
129.6587302 30.7121203 7.58 T
129.6893457 23.6849660 6.95 T
129.8638800 35.5197874 7.37 T
129.8826517 32.5154914 6.86 T
129.9846382 32.7270631 6.84 T
130.0758947 31.9417045 6.25 T
130.1401056 33.2771308 6.85 T
130.6286601 34.1859450 7.48 T
130.6923118 31.8623568 7.25 T
130.8836474 36.3482605 7.80 T
130.8909822 36.7148033 7.16 T
131.0420171 36.9178454 6.58 T
131.0613826 32.0627663 7.06 T
131.3392441 30.6977329 6.22 T
131.3791657 28.4454440 7.38 T
131.4072263 37.2912597 6.97 T
131.5189553 33.5866550 7.22 T
131.5597086 27.5942861 7.39 T
131.6664115 28.7647779 5.99 T
131.6740770 28.7596305 4.13 T
131.7046614 38.0420329 7.56 T
131.7800968 28.1614448 6.68 T
132.4387322 29.4486841 7.50 T
132.4669740 33.7199742 7.46 T
132.5696996 35.0371564 8.00 T
132.6337936 33.2845258 6.27 T
132.6595682 36.8768726 7.60 T
132.6833910 35.0715970 7.59 T
132.6916339 26.8267267 7.46 T
132.7482128 34.8231533 7.69 T
133.0018811 25.7184138 7.65 T
133.0400622 29.8536657 7.19 T
133.1190258 28.2591065 6.47 T
133.1442237 32.4742563 5.69 T
133.1457772 28.3293622 6.04 T
133.2261999 34.7431967 7.87 T
133.2502511 29.9613088 7.46 T
133.2972067 37.0693701 7.16 T
133.4818186 35.5381702 6.14 T
133.5615081 30.5790223 6.09 T
133.5615081 30.5790223 6.37 T
133.5771537 22.2099363 7.92 T
133.5884469 26.9236293 7.18 T
133.7336188 26.1955454 6.83 T
133.7448082 32.7436569 7.40 T
133.8640305 26.4096703 7.36 T
133.9152352 27.9272848 5.34 T
133.9818199 36.1961055 7.76 T
134.0286239 35.3974291 7.96 T
134.0570647 24.4473387 6.78 T
134.1642911 33.2575465 7.37 T
134.2354330 32.9100202 5.46 T
134.2702711 35.0232262 7.27 T
134.2714361 21.8604183 7.14 T
134.3272616 32.4450214 7.01 T
134.4430944 38.2583246 7.15 T
134.4947949 30.2339834 6.29 T
134.6140898 35.8026726 6.65 T
134.6723973 32.3695279 7.31 T
134.6889963 23.9667640 7.62 T
134.7073775 25.4041149 7.53 T
134.8857235 32.4183360 5.32 T
134.9421965 34.8247375 7.77 T
134.9911780 26.4346322 6.89 T
135.0569077 32.0923425 7.63 T
135.1282332 37.6043614 6.39 T
135.3505107 32.2523085 5.95 T
135.4301016 35.8590469 7.89 T
135.4530344 27.9020999 6.08 T
135.6365562 25.8552457 7.39 T
135.6844287 24.4528629 5.44 T
135.8124697 32.8813943 7.08 T
135.8622242 37.8399295 7.11 T
136.0411168 27.8983045 6.67 T
136.2290586 32.3764602 6.48 T
136.2490415 22.8332071 7.46 T
136.3880118 36.1802575 7.09 T
136.6378133 38.0884976 7.89 T
136.8602664 22.9788570 7.13 T
136.8609583 22.9808822 6.92 T
136.9073275 31.2003642 7.12 T
136.9714616 25.6262556 7.07 T
136.9999895 29.6542509 5.52 T
137.0167075 32.5402508 6.50 T
137.1202827 36.3118781 7.61 T
137.1962470 26.6267975 6.03 T
137.2113407 33.8814818 6.00 T
137.3397475 22.0454889 5.26 T
137.4090364 30.7125263 7.97 T
137.5354059 35.4126786 7.94 T
137.5869258 21.9964543 6.11 T
137.6616075 30.9629392 6.27 T
138.3878170 24.2932091 7.75 T
138.6160054 25.0111264 7.04 T
138.8081642 34.6338108 6.07 T
139.0462422 23.4023120 7.74 T
139.3245045 33.5002351 6.96 T
139.3297205 23.6523193 7.87 T
139.3632546 31.3009583 7.96 T
139.3996806 27.4221587 6.80 T
139.4399601 23.0787630 7.08 T
139.4731176 28.5573188 7.32 T
139.6078026 35.3641093 6.63 T
139.6078026 35.3641093 6.69 T
139.8138796 26.2516614 6.75 T
139.9568018 24.4160508 7.96 T
140.0305621 37.7556265 7.63 T
140.2471693 38.1881148 6.72 T
140.2471693 38.1881148 7.08 T
140.2620886 34.3926657 3.29 T
140.2945667 25.1623233 7.33 T
140.2977071 34.9477283 7.50 T
140.3633444 32.9020177 6.28 T
140.4138575 32.2640311 6.79 T
140.4298554 28.5002870 7.75 T
140.7947590 32.9208715 7.75 T
140.8476634 33.4640501 7.88 T
140.8815711 25.1828497 6.50 T
140.9604690 34.5477627 7.29 T
141.0332809 25.9180541 6.92 T
141.0780898 23.5791432 7.36 T
141.0882849 34.3423751 7.83 T
141.0931671 36.5869533 6.70 T
141.1633484 26.1820305 4.60 T
141.3728380 30.4920114 7.85 T
141.4033668 35.1523772 7.85 T
141.4376314 32.7621680 7.50 T
141.6718694 36.4572364 7.03 T
142.4816724 33.5515705 7.56 T
142.5488737 31.3270285 7.80 T
142.5977833 21.8125297 6.94 T
142.6799345 33.6554042 5.97 T
142.8222182 27.3870858 6.63 T
142.8846121 35.1026594 5.55 T
142.9263556 36.4290204 7.05 T
142.9299761 22.9677340 4.47 T
143.0550450 21.8563217 7.59 T
143.1812911 26.9869896 7.14 T
143.2577119 30.5691062 7.95 T
143.3259295 28.3677421 6.52 T
143.3768040 36.4867417 6.32 T
143.4961168 23.4533928 6.43 T
143.4988220 27.3534081 7.68 T
143.5558043 36.3974175 4.64 T
143.5612606 34.8111383 7.99 T
143.7865929 26.1924020 7.66 T
143.9090401 35.8086191 5.48 T
143.9383566 34.7805290 7.72 T
144.1594738 35.6963529 7.76 T
144.1785693 31.1614918 5.75 T
144.2038885 27.7584261 7.08 T
144.2228530 35.5989798 7.48 T
144.3613466 30.9572002 7.87 T
144.8663629 35.2431025 7.18 T
144.9903362 35.3359725 6.95 T
133.1491667 28.3308333 5.95 B
134.1270833 40.2016667 5.89 B
135.4191667 39.7133333 6.36 B
136.6325000 38.4522222 4.56 B
137.2129167 33.8822222 5.93 B
137.1970833 26.6291667 5.98 B
140.2637500 34.3925000 3.13 B
145.8887500 29.9744444 5.64 B
