35.2609281 37.0698790 7.66 T
35.8222008 38.2527067 7.12 T
35.8698892 35.4410274 6.88 T
35.9786887 33.5078182 7.93 T
36.1729676 29.2448370 7.23 T
36.3157718 37.1188395 7.33 T
36.3610664 35.0419420 6.97 T
36.4669867 25.1596264 7.13 T
36.7019108 35.6141753 7.04 T
36.7416050 26.0404895 7.08 T
36.7547679 31.2879235 7.90 T
36.7799597 27.0119277 6.28 T
36.8655425 31.8011059 5.68 T
37.0414791 29.6688015 5.32 T
37.0487982 29.8734365 7.59 T
37.1914032 29.6869845 7.57 T
37.2015912 29.9322146 5.97 T
37.2813996 37.3296168 6.80 T
37.3075900 23.4688901 6.20 T
37.3222817 38.2252242 7.30 T
37.5696966 33.8333280 6.37 T
37.6352398 25.2345576 5.93 T
37.6974055 36.1170976 7.83 T
37.7847129 34.9302428 7.99 T
37.8673984 37.4539782 7.73 T
37.8832666 27.5692052 7.39 T
37.9592953 38.1216979 7.14 T
38.0260793 36.1473593 5.32 T
38.0289771 34.6779742 7.76 T
38.0510587 22.0068888 7.39 T
38.0644011 32.0986538 7.69 T
38.0960717 22.3340741 7.85 T
38.2188639 34.5423095 5.95 T
38.2328944 37.3333354 7.53 T
38.2834338 29.9644817 7.32 T
38.4282360 34.3411912 7.70 T
38.5590317 33.7927609 6.84 T
38.5739024 35.1498695 7.37 T
38.6802928 34.0842507 7.64 T
38.9113884 37.3121835 5.87 T
38.9452949 34.6872287 5.57 T
38.9588728 34.7252277 6.75 T
38.9786225 37.0583467 7.54 T
39.0180594 29.4037363 7.10 T
39.1791219 31.6076714 6.19 T
39.2415411 24.6479690 7.02 T
39.2531071 24.6471226 6.50 T
39.2779887 32.8912870 6.28 T
39.2940457 30.4077701 7.66 T
39.5740322 37.7264170 6.25 T
39.6125522 30.8142119 7.43 T
39.6165851 38.0891148 6.28 T
39.7040988 21.9613110 5.47 T
40.0734294 34.5840939 7.70 T
40.0772518 29.7963466 7.47 T
40.1092526 32.3204460 7.45 T
40.1715968 27.0607725 5.31 T
40.1767822 26.6223543 7.90 T
40.5038755 30.9354916 6.93 T
40.5770765 34.2948873 7.06 T
40.6730712 32.9011977 7.51 T
40.7212900 37.1738884 7.93 T
40.8630405 27.7070946 4.62 T
40.9634743 25.6383792 6.40 T
41.0057299 32.3700951 7.48 T
41.0479285 35.1148608 7.22 T
41.1251699 28.0148535 7.95 T
41.1538733 29.4597910 7.89 T
41.5280474 36.2665668 7.78 T
41.7434296 35.9834962 6.38 T
41.7645822 35.5543316 6.42 T
41.7654097 31.3948717 7.71 T
41.8138349 22.9601372 7.29 T
41.8654993 37.7908939 7.04 T
41.8762539 23.6367581 7.50 T
41.9108610 29.6784753 7.11 T
41.9783247 29.2463317 4.64 T
42.0400472 27.0678768 7.65 T
42.1837705 31.1141344 7.06 T
42.1899548 25.0767032 7.60 T
42.1916728 25.1880421 5.89 T
42.3612445 33.9362822 7.36 T
42.3619780 37.3264119 6.50 T
42.4964528 27.2597862 3.58 T
42.5016617 30.5258807 6.78 T
42.5583275 25.3334995 7.54 T
42.6086820 31.9726038 6.58 T
42.6469575 36.9475189 6.50 T
42.7204815 35.3939291 6.67 T
42.7687903 30.2865342 7.62 T
42.8785579 35.0593558 4.74 T
42.9614554 27.2738805 7.90 T
43.0962437 30.1816207 7.98 T
43.3514103 31.6445922 6.66 T
43.4849425 31.6963715 7.99 T
43.8417427 27.7222777 6.84 T
43.9146871 26.8720709 7.68 T
44.0667750 29.1639386 6.65 T
44.3220242 31.9340281 5.09 T
44.5088229 31.5168443 7.37 T
44.5783966 32.4612374 6.72 T
44.7649669 35.1831619 5.07 T
44.9633809 27.3013434 7.54 T
45.0497169 38.1315764 6.10 T
45.0712671 31.1246970 7.47 T
45.1516108 22.8290637 7.27 T
45.3712706 32.4126416 6.96 T
45.4754918 26.4623872 5.93 T
45.6100686 26.6081921 6.70 T
45.6148798 22.3733003 7.99 T
45.8701562 23.0614642 7.13 T
45.8757818 27.5693744 7.64 T
45.8761210 28.2698170 6.40 T
45.8997932 36.4417104 7.75 T
46.0392187 38.0794667 6.86 T
46.3612304 25.2550898 5.46 T
46.3979364 36.7985649 6.99 T
46.4916759 34.0092778 7.83 T
46.6342345 33.6252071 7.82 T
46.7165837 30.5267473 7.10 T
46.8205386 29.1233514 7.67 T
46.9160723 36.6162493 7.44 T
47.1915289 35.4583520 7.80 T
47.2125628 25.3678188 7.84 T
47.3671205 37.3012101 7.07 T
47.4032472 29.0770090 5.75 T
47.5275238 21.7470255 7.81 T
47.5369583 27.8194453 6.41 T
47.6127143 26.8966506 6.17 T
47.6660314 21.8921567 7.34 T
47.7181767 32.2263936 7.38 T
47.8313118 22.1705146 7.64 T
47.9359959 37.5835541 7.28 T
48.0594346 27.2568548 5.75 T
48.5718834 22.9537090 6.88 T
48.8067061 37.2687931 7.92 T
48.8207418 36.4757997 7.67 T
48.8350388 30.5567031 5.60 T
48.8943511 26.9031549 7.97 T
48.9463481 32.8568418 6.34 T
49.0061697 35.0448812 7.63 T
49.0080862 34.6882649 6.26 T
49.1466209 32.1834955 6.10 T
49.2651872 28.7589092 7.38 T
49.3386329 36.3542815 7.85 T
49.4161152 31.1266953 6.46 T
49.4574688 22.8319173 7.66 T
49.5175109 24.8767381 7.85 T
49.5828547 24.0816073 7.38 T
49.6826384 34.2225976 4.99 T
49.7558554 32.6877590 7.90 T
49.9064924 27.5425246 7.93 T
49.9822999 27.0706825 6.01 T
50.0847717 29.0483732 4.64 T
50.0887414 23.6889201 7.62 T
50.1066573 25.6621738 6.27 T
50.5495975 27.6074817 5.66 T
50.7704810 26.9008120 7.24 T
50.8688649 33.3315249 7.68 T
50.9039134 32.9945691 7.91 T
51.0770839 24.7237560 5.64 T
51.1240119 33.5357680 5.80 T
51.1438423 22.0402117 6.92 T
51.2042659 28.6521818 7.14 T
51.4706250 38.2424820 7.95 T
51.6477941 28.7144613 6.59 T
51.7595763 34.4294923 6.86 T
51.8588900 38.0417330 7.75 T
52.0864383 33.8071950 5.72 T
52.1107241 22.8033275 6.15 T
52.1943667 30.3752809 7.09 T
52.2045204 35.8064327 7.28 T
52.5451528 36.6381661 7.82 T
52.5677693 30.0411430 7.47 T
52.7534777 27.7241183 7.81 T
52.7646417 27.7313871 7.41 T
52.8331087 27.5716013 6.93 T
52.8367638 27.5716250 6.58 T
52.9460778 36.4839009 7.82 T
53.0405810 30.0060882 7.90 T
53.0819173 38.0618189 7.36 T
53.1666784 35.4617453 5.88 T
53.1673472 35.6589277 7.35 T
53.2823181 35.3988956 7.39 T
53.3009019 33.3587745 7.68 T
53.3489325 23.3680617 7.17 T
53.4132405 38.0133453 7.23 T
53.6109925 24.4643387 6.08 T
53.7554287 32.0165468 6.71 T
53.7994931 38.0151072 7.62 T
53.9082239 31.6803784 7.55 T
53.9082239 31.6803784 7.74 T
53.9983063 34.9238621 7.64 T
54.0208796 27.5931590 7.52 T
54.0473160 29.9831922 7.66 T
54.1662704 29.2239893 6.56 T
54.1957347 34.3473704 7.02 T
54.2289513 35.0520268 7.49 T
54.3653459 31.1203392 7.01 T
54.4846104 37.4308523 7.44 T
35.0183333 30.1883333 6.47 B
39.2604167 34.2638889 5.30 B
42.6462500 38.3186111 4.23 B
43.4275000 38.3375000 5.33 B
44.5095833 38.6150000 6.04 B
44.5216667 20.6686111 5.80 B
44.6904167 39.6627778 4.70 B
44.9162500 41.0330556 5.89 B
44.8029167 21.3402778 4.63 B
46.2941667 38.8402778 3.39 B
