261.4203005 16.3841646 6.67 T
261.4764272 16.9176913 6.34 T
261.8865960 16.4570082 7.31 T
261.9675623 11.3905478 7.14 T
262.1990881 10.5339680 7.08 T
262.3053060 10.8992170 7.73 T
262.5928391 10.7676689 7.22 T
262.5944831 11.9240940 6.47 T
262.6456522 17.5216017 6.98 T
262.8387826 2.7246234 5.67 T
262.9555192 11.9319416 7.97 T
262.9752340 16.8238885 7.04 T
263.0119887 2.8236621 7.74 T
263.0620214 11.9301305 6.41 T
263.3883709 7.1782760 7.67 T
263.4140849 16.3172132 5.78 T
263.4283933 14.8411372 6.63 T
263.5916402 13.1607658 6.63 T
263.6134559 16.5043761 6.61 T
263.6508917 9.5754001 7.50 T
263.6529214 9.5866559 5.80 T
263.7023241 6.0234218 7.46 T
263.7214621 17.8087549 7.71 T
263.7588748 13.1377990 7.28 T
264.1499060 16.3979108 7.71 T
264.1532783 13.8133290 6.87 T
264.2082251 10.5744767 7.35 T
264.2289255 10.0397522 7.96 T
264.5023018 6.4832092 7.73 T
264.5467157 4.4912140 7.93 T
264.7409245 13.3295307 6.19 T
264.7411377 2.6584653 7.75 T
264.7691967 2.0540328 7.78 T
264.7857233 2.0279050 6.37 T
264.8193683 3.5546092 6.63 T
264.9173246 13.2837331 7.59 T
265.1872825 4.1508641 7.63 T
265.2957425 15.1783420 6.34 T
265.3193645 5.9326748 7.68 T
265.3846699 6.3131456 6.10 T
265.4827947 4.3667429 7.09 T
265.4943338 15.9531647 5.59 T
265.5627286 17.2282896 7.19 T
265.5937770 9.4496272 7.40 T
265.8417801 14.2953512 6.26 T
265.8678766 4.5682850 2.88 T
266.0150854 6.0618384 7.47 T
266.0718390 14.4101640 6.22 T
266.0765430 13.7840847 6.94 T
266.1420997 2.5795495 6.13 T
266.1477619 2.5792027 6.47 T
266.3638164 11.1447451 7.06 T
266.3902492 5.7156359 7.70 T
266.4798137 5.9078690 7.49 T
266.4877777 5.6943867 7.57 T
266.5305285 5.5301348 6.84 T
266.5454974 5.6581649 7.33 T
266.6517358 6.1205718 7.74 T
266.6710181 5.7742173 7.12 T
266.7835801 17.6969232 5.65 T
266.7913840 4.4291276 7.92 T
266.9046470 15.0350717 7.73 T
266.9730244 2.7068087 3.74 T
267.0005720 9.7820274 7.31 T
267.0844262 3.8042584 6.24 T
267.1807217 5.7012265 7.51 T
267.2409905 4.9673303 7.56 T
267.3292823 1.9618858 6.59 T
267.3991557 4.3765291 7.57 T
267.5317793 15.4954315 7.99 T
267.6454930 7.2328759 7.82 T
267.6549450 9.5419852 7.81 T
267.6816302 11.9463419 6.33 T
267.7677157 8.5310400 7.00 T
267.9497420 15.0064158 7.58 T
267.9936093 15.3265352 7.21 T
268.0036055 6.7298396 7.65 T
268.0103540 16.6325667 7.54 T
268.1114965 2.9942044 7.60 T
268.1302580 16.9003681 6.65 T
268.1624534 8.6480686 7.82 T
268.3082996 6.1018436 5.81 T
268.3992446 4.8589053 7.72 T
268.5586893 11.1294884 6.33 T
268.9063269 2.0749416 6.85 T
269.0049039 5.1614163 7.37 T
269.2187011 4.9880632 7.64 T
269.2333539 6.4877325 6.27 T
269.3282531 12.6260478 7.50 T
269.3623672 11.0444730 6.34 T
269.4624923 2.2535689 6.95 T
269.5289188 15.1398823 7.34 T
269.5856451 14.5104870 7.39 T
269.6953586 14.8427180 7.26 T
269.8628651 6.4188868 7.27 T
269.9273702 14.4633920 7.97 T
270.0141761 16.7508493 4.81 T
270.0304964 6.5538741 6.79 T
270.0524331 8.8559027 6.99 T
270.0658410 4.3685444 4.74 T
270.1613163 2.9315092 3.96 T
270.1763125 17.1667478 7.71 T
270.2202390 6.2682357 6.33 T
270.2383100 15.0929332 6.36 T
270.3884524 11.2857567 7.05 T
270.4016887 3.5056999 7.95 T
270.4176060 16.7181283 7.83 T
270.6786408 16.8156796 7.62 T
270.8377053 8.4194300 7.22 T
270.8964722 14.0924958 7.69 T
271.1556641 1.9189548 6.14 T
271.3657721 2.4929732 4.22 T
271.4059172 4.6552058 6.88 T
271.4285495 12.0034152 7.44 T
271.4303900 12.0038299 7.09 T
271.4663102 7.0900055 7.74 T
271.5542722 1.5825943 7.95 T
271.7119109 8.8750315 7.02 T
271.8265595 8.7340603 4.75 T
271.8382413 15.9155932 6.82 T
271.9482456 9.8489755 6.65 T
271.9515190 13.0711586 6.60 T
272.0302485 2.2186130 6.64 T
272.1405480 14.2847258 6.35 T
272.2185012 1.9958354 7.03 T
272.2186608 2.2430172 7.40 T
272.2978246 14.0260163 7.62 T
272.3914835 3.9932418 5.77 T
272.3926028 6.1455431 7.81 T
272.4294350 6.2066242 7.20 T
272.4366596 4.6032103 7.78 T
272.4751519 3.1186243 5.72 T
272.5361993 16.4763057 6.65 T
272.5361993 16.4763057 7.21 T
272.6680412 3.3242154 5.62 T
273.1487541 12.3936087 7.59 T
273.1681815 2.8128003 6.69 T
273.2040722 5.8223523 7.74 T
273.2659258 2.9805597 6.84 T
273.3150827 16.2729073 6.84 T
273.3546439 11.8842424 6.87 T
273.7192354 3.6731345 7.71 T
274.0231616 2.3773336 6.36 T
274.0925031 10.8147496 7.56 T
274.1394619 8.3609247 7.76 T
274.2480247 12.0676970 7.32 T
274.3098265 5.7534899 7.33 T
274.4670285 11.8777088 7.04 T
274.5105622 12.1986436 7.90 T
274.5122530 13.7769917 6.28 T
274.6022369 12.9804420 6.75 T
274.6172556 5.1351496 7.50 T
274.7749534 12.1932669 7.08 T
274.7894443 7.2597775 5.53 T
274.8090828 12.5339113 7.47 T
274.8181143 15.8260127 7.01 T
274.8959487 11.8703973 7.58 T
275.2169219 3.3772272 4.96 T
275.2605692 13.8168015 7.89 T
275.3683469 5.4356418 6.13 T
275.5744995 7.5485861 7.27 T
275.6472133 12.0297780 5.98 T
275.7048053 17.8267186 5.39 T
275.7066780 15.0017146 7.46 T
275.7621381 16.6879030 6.36 T
275.8310124 14.6999700 6.72 T
275.8858591 5.3317292 7.52 T
276.0376179 10.9578378 7.83 T
276.0939158 15.6553573 7.45 T
276.2622768 14.1448875 7.94 T
276.2869767 5.0845776 6.72 T
276.4116339 8.0319557 5.76 T
276.4800889 14.9661136 6.36 T
276.5041972 15.7580886 7.45 T
276.7203657 6.4232934 7.79 T
276.9596569 3.7485259 6.23 T
276.9948802 6.1939656 5.69 T
277.0838687 3.9658337 7.92 T
277.0919663 6.8357600 7.68 T
277.1002868 3.7798098 7.92 T
277.1396031 4.8486264 7.68 T
277.2580988 11.6503892 7.57 T
277.3085880 10.8920790 7.93 T
277.3648744 13.8545369 7.07 T
277.4414447 17.5992194 7.59 T
277.4691055 9.1976749 7.92 T
277.4880178 10.4833268 6.95 T
277.5213423 4.0653259 6.68 T
277.6636227 12.6112368 7.30 T
277.6714764 4.5108085 6.97 T
277.7061915 3.1545233 7.80 T
277.7559743 5.7524695 7.82 T
277.7683309 16.9284358 5.76 T
277.7685284 4.6269007 7.76 T
277.9293701 7.2317428 7.40 T
278.0070366 6.7795694 7.60 T
278.0287473 3.6596323 6.40 T
278.0443181 13.7373345 7.27 T
278.3470953 8.2681889 6.41 T
278.4401002 17.7321601 7.45 T
260.9900000 8.8527778 5.77 B
261.5791667 7.5955556 6.06 B
263.7337500 12.5600000 2.08 B
270.0645833 0.6294444 6.37 B
270.4383333 1.3052778 4.45 B
271.3637500 2.4994444 4.03 B
271.8375000 9.5638889 3.73 B
278.6979167 10.8916667 6.40 B
279.1158333 9.1225000 5.39 B
279.5875000 8.8338889 6.40 B
