24.7083312 -25.0221601 6.68 T
24.9740099 -22.9135529 7.46 T
25.4370918 -11.3272890 6.14 T
25.4370918 -11.3272890 7.17 T
25.5082513 -19.1926865 7.76 T
25.5657835 -17.8886569 7.52 T
25.6490607 -20.1726071 7.33 T
25.7535297 -14.4914403 7.85 T
26.1067266 -11.2974661 7.45 T
26.2836449 -14.5624163 7.31 T
26.3882723 -26.3971475 7.87 T
26.5050920 -27.3491193 6.43 T
26.7433318 -13.8886449 6.70 T
26.8157453 -17.4835861 7.39 T
26.9119889 -20.8454535 6.70 T
27.1495092 -26.2536468 7.13 T
27.1535469 -14.7653248 7.43 T
27.1796511 -23.8697111 7.96 T
27.5659932 -12.8869262 7.10 T
27.6202500 -12.3426532 7.61 T
27.9169429 -13.2338415 7.11 T
27.9421730 -15.6474686 6.64 T
28.1762260 -12.7278562 7.55 T
28.2107126 -19.5075863 7.58 T
28.2174256 -16.9295816 5.81 T
28.7681010 -24.8896273 7.04 T
29.1679051 -22.5269676 5.06 T
29.2497547 -25.6201792 7.50 T
29.3174095 -17.6768986 7.80 T
29.6920878 -11.3015320 6.59 T
29.7277877 -21.1322561 7.37 T
29.7514380 -22.9182596 7.56 T
29.7536627 -22.9195376 7.28 T
29.8059426 -15.1224435 7.43 T
29.8320908 -26.4321440 6.77 T
29.8794815 -13.8724028 7.03 T
29.9426251 -20.8244357 5.62 T
30.0021851 -21.0779836 4.17 T
30.1766571 -24.4223973 7.20 T
30.4860442 -16.5688356 7.88 T
30.5477812 -24.0396806 7.92 T
30.6468783 -21.9657670 6.93 T
30.6473518 -26.7413708 7.87 T
30.7152897 -23.8868255 6.44 T
30.7442052 -15.3058731 5.97 T
30.7591112 -21.9119172 7.73 T
30.9744998 -17.5137145 7.22 T
31.0523072 -11.8597836 6.61 T
31.1260260 -16.2174726 7.54 T
31.1946563 -17.2876236 7.60 T
31.2473472 -15.6783734 7.87 T
31.5840886 -15.4464615 7.10 T
31.6274252 -23.5665341 7.99 T
31.7178627 -19.1391152 6.51 T
31.7388146 -15.7058191 7.79 T
32.0365350 -27.5712655 7.25 T
32.1901696 -17.7792905 6.26 T
32.2699197 -22.9900198 7.42 T
32.3211855 -19.5703252 7.19 T
32.3947933 -24.3460402 6.49 T
32.4043619 -16.1264842 7.78 T
32.4443027 -14.8845561 7.80 T
32.6898334 -12.9267009 7.46 T
32.7668849 -15.0711033 6.75 T
32.7850914 -19.3073007 7.37 T
32.7926961 -14.7023959 7.84 T
32.8844507 -18.9768779 6.74 T
32.8899437 -17.7429776 6.69 T
33.0169150 -17.7286193 7.46 T
33.0449861 -27.5124477 8.00 T
33.2544913 -20.9998804 5.98 T
33.3081619 -22.8709845 7.33 T
33.3296236 -14.9075908 7.70 T
33.4002612 -24.7900025 7.98 T
33.7590792 -23.5409987 7.12 T
33.7995350 -12.0520888 7.81 T
33.8669538 -15.9759704 8.00 T
34.5157859 -23.6280929 7.29 T
34.5358180 -14.1335532 7.99 T
34.7242269 -19.5347917 7.07 T
34.7422559 -25.9429057 6.41 T
34.9186123 -19.1546396 7.78 T
35.1823041 -11.6066832 8.00 T
35.3073335 -19.9153579 6.64 T
35.4571338 -14.2847627 7.36 T
35.5208240 -17.6625248 6.01 T
35.5768249 -16.5072571 7.43 T
35.6899585 -14.9012144 7.69 T
35.7409887 -18.3558242 6.33 T
35.8472753 -26.9956848 6.92 T
36.0397080 -16.2542479 6.70 T
36.0840455 -25.8473633 6.58 T
36.1178576 -13.2933030 7.71 T
36.3509919 -21.8104347 7.72 T
36.4705125 -23.8422989 7.84 T
36.4874487 -12.2905504 4.86 T
36.5011647 -15.3416023 5.88 T
36.6473126 -20.0419826 6.02 T
37.0653722 -26.4298962 7.75 T
37.1742468 -19.7988976 7.99 T
37.1940582 -11.3469917 7.10 T
37.2610663 -23.2084351 7.96 T
37.3305739 -21.0382403 7.19 T
37.3483482 -12.9107146 7.24 T
37.3941333 -24.1037073 7.47 T
37.4811608 -22.6832209 6.79 T
37.5577536 -25.1862441 6.55 T
37.6366965 -22.5455103 6.34 T
37.7657515 -15.1328271 7.75 T
37.8904291 -27.5044393 7.67 T
38.0005277 -23.0843741 7.93 T
38.0213355 -15.2453678 4.79 T
38.1253311 -27.0030793 7.42 T
38.2061199 -11.4134193 7.50 T
38.3138986 -14.3625379 7.89 T
38.3214282 -26.2909935 7.90 T
38.4173603 -20.0024228 6.31 T
38.4807586 -12.3373612 6.92 T
38.6491962 -21.9311382 7.14 T
38.7676847 -17.2894644 7.65 T
38.9098563 -14.9456876 6.96 T
38.9861295 -17.6327715 7.01 T
38.9976165 -21.4036096 7.17 T
39.0238618 -17.1456826 7.88 T
39.0849756 -12.8969229 7.74 T
39.1231027 -23.9192549 7.62 T
39.1412287 -14.6569290 7.06 T
39.1984115 -25.0242011 7.78 T
39.2088226 -20.1221896 6.96 T
39.4350943 -22.9916270 6.88 T
39.4621549 -13.1287099 7.78 T
39.6391518 -20.4565515 6.90 T
39.7276044 -25.7459328 7.27 T
39.8221173 -11.7480427 7.93 T
39.8590844 -25.5690194 7.71 T
39.8918420 -11.8736545 4.87 T
39.9133441 -20.4292254 7.42 T
40.0032397 -16.3083860 7.50 T
40.1111641 -14.4491243 6.73 T
40.1314256 -24.1352637 7.60 T
40.3762903 -15.1011160 7.33 T
40.3921409 -14.5489729 6.03 T
40.5782082 -16.0213334 7.52 T
40.7398140 -20.2891010 7.67 T
41.0305684 -13.8587850 4.22 T
41.0436257 -12.4927335 7.74 T
41.0619721 -25.4951045 7.04 T
41.2541963 -22.1671289 7.20 T
41.2779541 -18.5723538 4.52 T
41.3023580 -15.4263822 7.70 T
41.3265956 -20.4016317 7.12 T
41.5337034 -25.3349270 7.50 T
41.6096448 -21.6606749 7.23 T
41.6884412 -21.6394115 6.51 T
41.7961174 -22.4860294 6.51 T
41.9829847 -12.4609466 6.94 T
41.9954413 -26.0933931 7.81 T
42.1604139 -20.8211374 7.30 T
42.4477318 -20.2459510 7.56 T
42.4619901 -24.5611015 6.27 T
42.7093790 -23.0275283 7.57 T
24.7158333 -21.2752778 5.58 B
34.7437500 -25.9455556 6.34 B
35.6358333 -23.8163889 5.20 B
41.2758333 -18.5725000 4.47 B
42.7595833 -21.0041667 4.75 B
