194.1472635 9.3167557 7.72 T
194.3059172 8.2938308 6.88 T
194.3584401 1.4278145 6.95 T
194.4647869 9.3384295 7.20 T
194.7307611 17.4096640 4.92 T
194.8338458 6.5057745 7.63 T
194.9415764 9.5260084 6.85 T
195.0924403 13.8438615 7.99 T
195.1256175 3.6043752 7.67 T
195.2836603 4.3586311 7.26 T
195.2900104 17.1230032 6.07 T
195.3767952 1.5202883 7.67 T
195.5424153 10.9592692 2.92 T
195.9990597 11.2305709 7.65 T
196.3677022 14.7253854 8.00 T
196.3928623 13.2264811 7.59 T
196.9026854 1.4743229 7.51 T
197.2131181 5.2030729 6.85 T
197.2807587 3.1445592 7.41 T
197.3019518 10.0224642 5.90 T
197.3358873 6.9964355 7.87 T
197.4489320 16.8485241 6.08 T
197.4942106 17.5303053 4.43 T
197.5014393 16.1478804 7.89 T
197.6964900 13.3068258 7.27 T
197.7799618 13.9098095 7.97 T
197.8782870 6.7882605 7.81 T
198.0582179 16.1316783 7.52 T
198.0784482 17.5171220 7.36 T
198.1368362 11.5559106 5.93 T
198.1666309 4.0682382 7.42 T
198.2804138 15.3176076 7.72 T
198.3262630 13.3911708 7.55 T
198.4895332 1.4561690 6.70 T
198.6307809 11.3313318 5.82 T
198.7616438 4.5174331 7.54 T
198.8268685 16.1950972 7.62 T
198.8837032 3.0487531 7.39 T
198.9454082 7.9530250 6.88 T
199.0995939 6.5042864 7.36 T
199.1236507 17.3002806 7.78 T
199.1916929 9.4253513 5.25 T
199.2167776 17.0155698 6.66 T
199.2194811 5.1614822 7.85 T
199.3151721 13.6760253 5.47 T
199.3885814 17.2926453 7.59 T
199.4011347 5.4699459 4.98 T
199.4075929 13.7639624 7.34 T
199.7126840 3.6875277 6.62 T
199.7763859 2.9031882 7.76 T
199.7779092 3.7227900 7.03 T
199.9124641 9.6926779 7.93 T
199.9874392 8.4869438 7.19 T
200.0381380 15.5639052 7.33 T
200.0612806 3.2874841 7.09 T
200.0656941 17.7653368 7.23 T
200.1063822 17.5809159 7.36 T
200.1370227 8.2448810 7.71 T
200.1408456 4.8270844 7.04 T
200.1728351 2.9421189 6.77 T
200.1728351 2.9421189 7.29 T
200.3436653 14.1487348 7.46 T
200.4037216 2.8538159 7.97 T
200.4194251 16.0811951 7.37 T
200.4231619 2.0869046 5.69 T
200.4527028 17.7654047 7.85 T
200.5073148 2.7571814 7.83 T
200.5399303 5.1545441 5.89 T
200.7492811 15.2506362 7.71 T
200.8584422 17.2963838 7.59 T
200.9056438 17.3211399 7.94 T
200.9132300 2.7245782 7.12 T
200.9202127 2.7265269 7.39 T
201.0764483 1.3997149 7.82 T
201.1271493 12.4320566 6.56 T
201.1774682 4.4021749 7.82 T
201.4164798 15.5640609 6.95 T
201.6058408 5.7087690 7.45 T
201.7455978 11.9085285 7.99 T
202.0371392 8.3581871 7.81 T
202.0400645 9.4610824 7.73 T
202.0684314 2.2357872 7.50 T
202.1060378 13.7751901 5.04 T
202.1107859 15.7085488 7.97 T
202.2765765 11.6399413 7.86 T
202.3037816 10.8180910 5.76 T
202.3066481 3.8714008 7.39 T
202.4307905 16.9031826 7.49 T
202.4900661 6.0138999 6.61 T
202.5003617 7.1788812 6.34 T
202.5941300 7.4151665 7.74 T
202.6628087 9.3166394 7.05 T
203.1506071 14.3943438 7.16 T
203.2885400 5.8532307 6.74 T
203.5333278 3.6588108 4.92 T
203.5726262 14.2322401 7.94 T
203.5873307 14.1109677 7.35 T
203.7569765 12.5139866 6.67 T
203.8381365 14.8919714 7.52 T
203.8898369 10.2046367 6.60 T
203.9666441 8.2928179 7.26 T
204.4332095 2.3822269 6.79 T
204.5331401 14.3018414 6.52 T
204.6805451 9.9808456 7.97 T
204.8080773 10.5093728 6.82 T
204.8935052 10.7461810 5.62 T
205.5507877 8.3878604 6.21 T
205.6366444 15.1469144 7.37 T
205.7636278 3.5374410 5.55 T
205.8967293 14.3655667 6.98 T
205.9525240 17.4073600 7.99 T
206.3056313 10.3250315 6.55 T
206.3368065 9.0572453 7.53 T
206.5275039 5.1153106 7.34 T
206.7348019 6.3496922 6.40 T
206.8124465 17.4572138 4.54 T
207.0192991 13.3367240 7.72 T
207.1448756 7.9600453 6.84 T
207.2130452 9.7131181 7.49 T
207.3687288 15.7981801 4.21 T
207.3719126 6.3436361 6.77 T
207.3993104 13.0104594 6.71 T
207.4338088 8.4087064 6.62 T
207.4680367 13.1920794 6.68 T
207.6028819 5.4972108 6.09 T
207.9615310 11.9373570 6.94 T
207.9655822 10.1357793 6.75 T
208.0768679 12.1650689 6.10 T
208.1360666 16.7288868 6.83 T
208.3161265 12.7415897 7.22 T
208.4864221 10.1389084 7.85 T
208.5052197 13.8345871 7.89 T
208.5954597 7.5427265 7.89 T
208.8167423 3.2755315 7.97 T
208.9564348 14.0565642 6.23 T
209.1208508 2.2441906 7.82 T
209.1536325 15.8914348 6.92 T
209.1692220 2.9864694 7.08 T
209.4390468 11.9623616 7.76 T
209.4672606 16.2018008 7.59 T
209.4865288 5.1176147 7.22 T
209.5068614 7.4633155 7.55 T
209.5266500 16.4030165 7.44 T
209.5306469 2.7834581 7.78 T
209.6658788 14.6489211 6.17 T
209.7107969 14.5629906 7.48 T
210.0839933 2.6744353 7.43 T
210.2695599 13.1111342 7.82 T
210.3315388 13.7328890 7.26 T
210.3353466 8.8948914 5.99 T
210.3567831 4.1142457 7.96 T
210.3592486 9.2985710 7.06 T
210.3934940 4.2528511 7.21 T
210.4030768 17.6678672 6.51 T
210.4041650 16.7578131 7.44 T
210.4117414 1.5444020 4.25 T
210.5991854 10.3271960 7.22 T
210.6314869 9.6856598 6.30 T
210.6972567 3.5449346 7.62 T
210.7365726 14.9753696 7.21 T
210.8853875 10.7848494 6.35 T
191.5937500 9.5400000 5.67 B
195.5441667 10.9591667 2.83 B
199.1937500 9.4241667 5.22 B
202.1075000 13.7788889 4.98 B
205.5529167 8.3883333 6.16 B
205.7654167 3.5380556 5.36 B
206.7379167 6.3505556 6.33 B
210.8845833 10.7866667 6.30 B
210.9033333 7.5463889 6.26 B
