124.9392588 -37.4176897 7.06 T
124.9934107 -36.6110942 7.58 T
125.2805337 -34.8940038 7.87 T
125.3376485 -36.4841400 5.14 T
125.3458562 -33.0543495 4.98 T
125.6372531 -29.6924241 7.07 T
125.6905224 -31.6075146 7.21 T
125.8366657 -32.3282641 7.79 T
125.8816187 -27.8225602 7.16 T
125.9247573 -30.3919820 7.30 T
125.9557196 -28.9702125 6.63 T
125.9953782 -32.8968455 7.12 T
126.0034599 -36.7160509 7.42 T
126.0243698 -34.9679119 7.84 T
126.0377476 -35.5090388 7.43 T
126.2194952 -23.6887359 7.03 T
126.2297283 -23.1535717 5.68 T
126.2653784 -24.0460701 5.48 T
126.2947245 -31.9401313 6.79 T
126.3260964 -22.1400834 7.04 T
126.5019598 -32.1698629 7.16 T
126.5734833 -27.1454390 7.04 T
126.7114066 -29.2155904 6.71 T
126.7456769 -23.2528698 7.47 T
126.7672538 -32.1834421 6.88 T
126.8182429 -31.6727679 6.43 T
126.9733830 -26.1330781 6.62 T
126.9975574 -35.1137026 5.71 T
127.0530630 -27.5647442 7.48 T
127.1499483 -23.0709844 6.50 T
127.1726991 -23.8290262 7.64 T
127.1791739 -34.7315828 7.66 T
127.2181213 -29.9511910 7.92 T
127.2399546 -30.8494189 8.00 T
127.2704649 -28.6893036 7.64 T
127.3647841 -27.3321618 6.67 T
127.4281426 -34.0649712 7.83 T
127.6191230 -32.1592845 5.77 T
127.7031140 -31.1344329 7.38 T
127.7109551 -33.6447688 7.11 T
127.8667185 -25.6820734 7.96 T
127.9162926 -26.0161938 7.77 T
127.9842152 -26.7037151 7.98 T
128.0131461 -31.7113830 7.68 T
128.2064058 -31.4960792 6.46 T
128.2436104 -34.6340097 6.47 T
128.2701136 -24.6071009 6.30 T
128.3349601 -36.6609450 7.62 T
128.3502246 -34.6486563 7.83 T
128.4380944 -23.3545183 7.30 T
128.5072117 -25.0993914 7.01 T
128.5467179 -36.9058008 6.73 T
128.6084372 -23.8271084 7.68 T
128.6330015 -32.5996386 6.50 T
128.7455736 -37.3419302 7.95 T
128.8693612 -26.8433762 5.99 T
128.8734331 -29.5235141 7.56 T
129.0424261 -36.2633806 7.88 T
129.0697429 -31.3382462 7.57 T
129.0897644 -32.2616145 6.80 T
129.3732622 -33.7459395 6.54 T
129.3836288 -30.4987809 7.84 T
129.4671261 -26.2550845 5.24 T
129.5235785 -38.0089977 7.16 T
129.7811876 -22.6591489 5.37 T
129.7811876 -22.6591489 6.81 T
129.8406259 -36.6064290 6.16 T
129.9267940 -29.5616699 4.97 T
130.0109639 -34.0197052 7.61 T
130.0256588 -35.3084902 4.06 T
130.3958735 -22.1943099 7.79 T
130.5523551 -32.2313210 7.29 T
130.7374084 -35.9431923 6.41 T
130.7663458 -29.5243371 7.91 T
130.8979637 -33.1863186 3.63 T
131.2162961 -37.1472275 5.70 T
131.2529847 -30.9780511 7.16 T
131.2873215 -32.2497632 6.92 T
131.4513779 -36.7429694 7.41 T
131.4550731 -25.3880315 6.07 T
131.4628963 -37.8772811 6.88 T
131.7050670 -34.6229164 6.30 T
131.7145296 -34.0671202 7.60 T
131.8546939 -36.7506729 7.49 T
132.3941447 -36.9622449 7.71 T
132.4264276 -28.2558695 7.44 T
132.4390191 -32.8682837 8.00 T
132.4645922 -32.7808245 5.29 T
132.4808780 -36.6159530 7.19 T
132.5091866 -29.4629574 5.97 T
132.5630479 -30.4167980 7.70 T
132.5818899 -28.8609684 7.72 T
132.5900144 -28.6176469 6.16 T
132.5972695 -35.9304676 7.04 T
132.6320742 -27.7092962 4.16 T
132.7709519 -34.4202327 7.84 T
132.9950691 -27.6415735 7.67 T
133.1611575 -36.5453705 6.47 T
133.5040188 -35.6495713 7.44 T
133.6235330 -23.5216371 7.31 T
133.8555107 -33.4017414 7.12 T
133.8820982 -27.6824726 4.88 T
133.9494921 -34.2689779 7.67 T
133.9826214 -23.8180328 6.40 T
134.0813266 -37.1225449 6.94 T
134.1197389 -29.3451065 7.60 T
134.3864807 -27.7159380 7.68 T
134.6909099 -31.2441123 7.96 T
134.6959083 -31.9661757 7.74 T
134.8155708 -28.8058871 6.35 T
134.9277056 -27.8165876 6.97 T
134.9728766 -22.6913053 7.00 T
135.2221365 -24.1535763 6.95 T
135.2399280 -24.9698609 7.53 T
135.2977691 -26.6640532 6.32 T
135.4523066 -26.5617175 7.31 T
135.5070579 -35.6881097 7.65 T
135.6437246 -31.0176879 7.83 T
135.7157491 -32.4400788 6.92 T
135.7867092 -25.5042312 6.71 T
135.8170110 -33.6006563 7.10 T
135.8190564 -33.6039871 7.93 T
135.8690446 -28.1411102 7.87 T
135.9100995 -33.6944073 7.79 T
135.9929674 -36.7386691 7.32 T
136.5959935 -36.8030705 7.87 T
136.8002221 -34.5195903 7.87 T
137.0122623 -25.8585461 4.78 T
137.0300708 -37.3587992 7.30 T
137.1501828 -25.8394658 6.84 T
137.1810645 -26.7675168 6.17 T
137.3932765 -29.8167809 6.77 T
137.4408290 -25.8031088 7.29 T
137.4850278 -30.3657001 5.62 T
137.5956177 -23.1766701 6.53 T
137.6189601 -26.2868746 7.45 T
137.8589926 -35.7478398 7.40 T
137.8798759 -28.4277137 7.82 T
138.0910456 -28.9475185 6.75 T
138.1062145 -25.6008275 7.22 T
138.4477824 -28.0899722 7.94 T
138.5338240 -28.1173539 7.94 T
138.5894539 -32.5572341 6.71 T
138.6931228 -35.9619223 7.28 T
138.7382391 -37.6024730 5.94 T
138.7655346 -30.3670211 7.87 T
138.9050666 -23.4927533 7.59 T
138.9379496 -37.4132061 4.67 T
139.0315700 -28.8862588 7.36 T
139.4835957 -37.3976143 7.14 T
139.7825826 -22.5529348 7.19 T
139.9496364 -34.1033793 6.37 T
140.1234959 -37.5818164 6.19 T
140.1759640 -29.2198332 7.89 T
140.1846592 -31.7600925 7.36 T
140.1846592 -31.7600925 7.93 T
140.2927429 -35.3571872 7.52 T
140.3584527 -30.8061016 7.79 T
140.3732161 -25.9654948 4.91 T
140.7060272 -35.5238342 7.27 T
140.7293575 -34.8740365 7.83 T
140.8001895 -28.8337712 4.81 T
140.8891671 -21.8215795 7.88 T
140.9145550 -33.2004185 6.74 T
140.9362967 -37.7567440 6.49 T
140.9574019 -35.2475899 6.57 T
141.2508852 -35.9051991 7.72 T
141.2779209 -38.0797852 7.91 T
141.4042547 -25.3371116 6.71 T
141.4953663 -31.3690208 7.87 T
141.5458255 -30.0348219 7.18 T
141.6651562 -24.1677963 6.90 T
141.6869530 -28.7877223 6.12 T
141.8279510 -22.3447931 4.85 T
141.8456279 -36.8802483 7.83 T
141.9098141 -35.0075520 6.66 T
142.0606280 -34.9041439 7.36 T
142.1613818 -25.4337163 7.15 T
142.3111383 -35.9513067 4.66 T
142.4179157 -26.5944370 6.64 T
142.4769453 -26.5896195 5.63 T
142.4925307 -28.2429877 7.31 T
142.5907847 -31.5497723 7.21 T
142.6704112 -25.6163054 7.65 T
142.6921973 -31.8893336 6.15 T
142.7915594 -35.9257141 7.82 T
142.8718304 -23.5060340 7.70 T
142.8836479 -31.8718240 5.93 T
142.8888943 -35.7158221 6.00 T
143.0759528 -28.6274999 6.49 T
143.2909224 -36.4048083 7.62 T
143.3580549 -22.8635330 5.91 T
143.4890526 -31.9401659 7.58 T
143.5137214 -36.1413495 7.95 T
143.7383166 -34.3674349 7.32 T
143.7986969 -35.8237721 6.52 T
144.0119082 -27.5219505 7.57 T
144.2914382 -32.1787501 5.73 T
144.3091092 -30.2112219 7.46 T
144.3681432 -36.0960137 6.08 T
124.4929167 -30.0033333 6.45 B
128.2145833 -31.5008333 6.38 B
133.1087500 -32.5091667 6.50 B
133.2000000 -38.7241667 5.82 B
135.0225000 -41.2538889 4.45 B
135.5266667 -39.4025000 6.27 B
142.6891667 -31.8913889 7.00 B
