160.0883321 27.5252686 7.11 T
160.2080846 25.7001812 7.77 T
160.2879192 16.8739413 7.92 T
160.4048529 13.9785128 7.82 T
160.4049743 27.3096773 7.89 T
160.6320981 18.2198025 7.25 T
160.7194219 18.3822326 7.72 T
160.7571299 26.3251695 5.53 T
160.8531921 23.1884528 5.08 T
160.9546589 18.3127058 6.66 T
161.0598345 19.7586970 6.29 T
161.5804664 12.7476531 6.92 T
161.6029094 18.8912802 5.62 T
161.6045153 14.1942420 5.58 T
161.6732734 16.5429021 7.74 T
161.8202896 22.5754976 7.87 T
161.8453498 26.9105517 7.37 T
162.3617230 17.1464326 7.23 T
162.6234147 25.6393884 7.62 T
162.6519309 23.4064015 6.62 T
162.7849934 11.5785743 6.98 T
162.9375862 13.5659188 7.90 T
163.3421868 13.1184582 7.84 T
163.3950943 26.2076472 7.25 T
163.5726317 12.3710619 7.63 T
163.6753063 25.4907225 6.22 T
163.8744027 23.1640336 7.63 T
163.9028471 24.7496424 4.48 T
163.9833604 18.1531097 7.36 T
164.0699725 22.3517225 6.33 T
164.0898094 23.2504210 7.43 T
164.1432952 25.5001928 6.47 T
164.2888250 21.8035154 7.99 T
164.3124877 24.1430076 7.72 T
164.4070180 15.7608411 7.94 T
164.5376414 24.3754573 7.71 T
164.6564495 19.6219494 6.93 T
164.6709761 21.5088426 7.89 T
164.7844348 17.8266679 7.56 T
164.9197487 11.7061515 6.58 T
165.0104383 22.0259398 7.41 T
165.2397688 27.1322252 8.00 T
165.3576778 15.0077015 7.75 T
165.5823456 20.1800803 4.41 T
165.9359341 25.7747004 7.01 T
166.0878269 14.7248143 7.98 T
166.1389366 12.6669553 6.88 T
166.3117120 25.2015144 7.67 T
166.4573719 12.5650394 7.60 T
166.6332751 12.7032564 7.99 T
166.6831256 15.1819324 7.63 T
166.6836308 17.7372102 6.58 T
166.7303421 20.4834915 7.62 T
166.7698961 25.5370426 6.90 T
166.8601834 13.0133706 7.77 T
166.8772679 21.1507212 7.40 T
166.8984969 13.8594763 7.37 T
166.9153304 23.3238187 6.49 T
167.1698461 17.1997435 6.92 T
167.2045998 24.6584910 5.71 T
167.5159483 15.9128740 7.55 T
167.5876548 22.7019075 7.52 T
167.6531236 11.3015953 7.42 T
167.7149731 21.3355498 7.43 T
167.9319458 14.4000837 6.32 T
168.2762490 27.0513759 7.95 T
168.3266103 27.1747378 7.87 T
168.4181969 20.1279908 7.05 T
168.5596427 15.4290729 3.30 T
168.6018339 20.0307998 7.44 T
168.6374405 25.7106961 7.86 T
168.8007824 23.0954806 4.74 T
168.8369044 27.5710327 7.66 T
168.8563241 15.1128986 7.53 T
168.9661961 13.3075012 5.45 T
168.9845933 12.6134544 6.83 T
168.9906277 12.8444481 6.68 T
169.4202840 25.4602012 7.39 T
169.4282158 12.3995251 7.73 T
169.4346656 27.3621811 6.99 T
169.4407951 25.0512829 7.90 T
169.5055474 22.1798897 6.94 T
169.5877410 11.9842296 6.66 T
169.7499566 14.2675643 7.01 T
169.7499566 14.2675643 7.99 T
169.7766176 13.3907584 7.16 T
169.8951882 20.7253538 7.69 T
170.0251679 21.9137147 7.80 T
170.0391759 17.1145898 7.92 T
170.1103700 17.3112288 7.16 T
170.6198352 17.4369133 7.13 T
170.9083920 17.1420947 7.23 T
171.1079582 17.3437753 7.58 T
171.1103535 15.8839831 7.64 T
171.2448772 11.4302513 5.95 T
171.4006288 16.4565129 5.62 T
171.4403100 26.7472278 7.34 T
171.5354883 22.7083747 7.43 T
171.7631208 21.8511991 7.67 T
171.7870325 25.0277484 7.75 T
172.0084678 11.9730185 6.72 T
172.2906970 16.3782148 7.80 T
172.4241772 15.4129667 5.89 T
172.4662353 24.9474039 7.94 T
172.5072349 24.8845082 7.84 T
172.5305980 25.3032432 7.76 T
172.6204069 18.4099513 5.67 T
172.8383884 22.8175762 7.86 T
172.8822981 17.7496099 7.10 T
172.9351517 14.3633148 6.33 T
172.9648689 24.3114298 7.30 T
173.2065719 18.0024256 7.32 T
173.3725580 19.6799056 7.13 T
173.4865092 13.5518490 7.98 T
173.6769932 16.7970771 6.26 T
173.7652375 20.4415392 6.55 T
173.9200398 17.8750065 7.41 T
174.1190072 25.0297751 7.03 T
174.5019090 12.9570663 7.56 T
174.6838827 23.3308026 7.65 T
174.8683447 25.3012305 7.93 T
174.9017270 18.9967256 7.25 T
175.0383154 23.7081741 6.90 T
175.1957022 21.3524246 5.36 T
175.5165883 12.2841256 7.13 T
175.5209512 22.2107083 6.68 T
175.6833103 18.2420393 7.36 T
175.9458681 24.0102832 7.48 T
176.0547529 25.2183889 6.18 T
176.2972246 14.2633426 6.66 T
176.3376800 19.8889131 7.67 T
176.3558113 27.2179089 7.33 T
176.5405429 20.3192448 7.79 T
176.7113115 15.0019922 7.92 T
176.7532930 23.7205438 7.02 T
176.8140159 12.6642916 7.98 T
176.8302372 24.4241106 8.00 T
176.8683101 20.0339381 7.52 T
176.9845393 27.3406597 7.56 T
176.9954322 20.2189094 4.58 T
177.1606276 14.2842414 5.97 T
177.2575862 16.1325190 6.96 T
177.3118763 16.2425428 6.07 T
163.9054167 24.7488889 6.30 B
168.5270833 20.5236111 2.56 B
172.9370833 14.3644444 6.20 B
