193.9717249 -15.3270309 6.17 T
194.1069529 -14.9499945 7.27 T
194.1794036 -11.9437990 7.62 T
194.3027009 -12.0670022 6.52 T
194.3293929 -8.9108318 6.93 T
194.3693282 -9.7619380 7.32 T
194.3956942 -17.3950313 8.00 T
194.5138528 -14.9858095 7.10 T
194.6494490 -6.9483199 7.87 T
194.6667086 -2.9037431 6.81 T
194.7472923 -2.0818680 7.86 T
194.7473032 -8.7393057 7.68 T
194.7505841 -6.0910290 7.26 T
194.7512876 -9.8328462 7.63 T
194.9144518 -3.8118633 5.81 T
195.1053178 -13.8921162 7.55 T
195.1228204 -9.1006532 7.42 T
195.1496385 -3.3681823 6.18 T
195.5529362 -12.1087041 7.45 T
195.7392961 -16.8813841 7.36 T
195.9038648 -11.5831642 7.99 T
195.9118340 -16.3367524 7.81 T
195.9557081 -5.1632194 7.80 T
195.9707632 -3.2180229 7.65 T
195.9765232 -3.6634237 6.74 T
196.0795025 -17.2371450 7.94 T
196.1955722 -8.5712071 7.96 T
196.3617823 -17.0045910 7.96 T
196.4649928 -14.1120634 7.35 T
196.6122289 -14.9159511 7.21 T
196.9123022 -14.1880323 7.77 T
196.9743218 -10.7404586 5.28 T
197.1161161 -11.7632675 7.46 T
197.1245755 -2.6788522 7.91 T
197.1350534 -8.9847766 5.70 T
197.3089802 -9.5380943 6.42 T
197.4263878 -16.5151929 6.78 T
197.4385746 -10.3293769 6.12 T
197.4423954 -7.6555167 7.47 T
197.6322464 -10.8147389 7.90 T
197.6761004 -4.9419454 7.66 T
197.7090786 -10.1029900 7.90 T
197.7721401 -17.0900629 7.16 T
197.8097148 -14.2423901 7.72 T
197.8364468 -10.5140374 7.64 T
197.8396455 -13.9625715 7.06 T
197.9185573 -11.2216498 7.02 T
198.0153801 -16.2003958 5.08 T
198.1815690 -2.2649681 7.67 T
198.1906246 -1.7584756 7.37 T
198.3065056 -2.5558449 7.74 T
198.3364171 -13.4715482 7.63 T
198.3385288 -3.4945796 7.50 T
198.5180421 -2.8070041 7.23 T
198.5380173 -14.2820887 8.00 T
198.6878260 -10.3706504 7.15 T
198.7308380 -11.3714206 7.11 T
198.9750026 -12.3502394 7.42 T
199.0123951 -5.6689633 7.75 T
199.1059705 -1.3907375 6.72 T
199.1668967 -5.5738175 7.90 T
199.2432529 -13.1589120 7.91 T
199.3411522 -11.4834835 6.63 T
199.3633042 -10.5461871 6.93 T
199.3820948 -15.5484527 6.80 T
199.4338534 -8.7335864 7.31 T
199.6375704 -6.2658112 7.72 T
199.6892590 -17.1336527 7.54 T
199.7081308 -12.0155197 7.58 T
199.7437520 -12.6480950 7.39 T
199.9335818 -11.6730910 7.30 T
200.0824838 -11.3042086 6.84 T
200.3001995 -9.9988112 7.31 T
200.3967176 -11.7471130 7.90 T
200.5267113 -14.4201464 7.02 T
200.5344153 -12.5795675 7.11 T
200.5477284 -4.6627177 7.88 T
200.6284982 -6.2030479 6.72 T
200.6900605 -13.1865195 7.81 T
200.7543013 -17.7354594 5.46 T
200.8285949 -4.9245270 6.03 T
200.9849602 -10.8710811 7.82 T
201.0310144 -4.5367201 7.84 T
201.1081107 -4.3098411 6.94 T
201.1394027 -5.1642036 5.80 T
201.1630689 -4.9170310 7.55 T
201.2651913 -15.6324289 7.92 T
201.5262223 -16.8581373 6.69 T
201.5361331 -3.6611288 7.18 T
201.6790381 -12.7077918 5.44 T
201.7228935 -5.9307173 7.94 T
201.8159129 -13.3103670 7.88 T
201.8623888 -15.9734420 4.87 T
202.2611979 -5.9554661 7.20 T
202.3118814 -1.3647934 6.54 T
202.5620587 -1.8951857 7.86 T
202.6074688 -6.4701964 6.14 T
202.7142639 -3.0496243 7.02 T
202.8040849 -13.4487549 6.96 T
202.9112018 -2.3156672 7.42 T
202.9905292 -6.2560884 4.90 T
203.1026666 -12.6631005 7.60 T
203.2146719 -15.3630179 5.67 T
203.2381197 -2.4243222 7.36 T
203.2417755 -10.1652379 5.32 T
203.2956273 -8.4430475 7.43 T
203.3516770 -7.6225778 7.06 T
203.3647632 -8.4359357 7.74 T
203.5739113 -11.5376832 7.18 T
203.6172396 -13.3470607 7.69 T
203.6682451 -13.2143525 5.93 T
203.8804983 -5.3956716 5.81 T
204.2632838 -16.4472508 7.81 T
204.3966277 -7.8717348 7.79 T
204.4456975 -3.2361579 6.82 T
204.7264384 -2.5305748 7.90 T
204.8243828 -12.0924444 7.85 T
204.8335655 -15.2087264 7.68 T
204.8911433 -15.6162448 7.99 T
204.9938088 -16.4465902 6.87 T
205.2111065 -17.7927438 7.93 T
205.2487339 -12.7830575 7.38 T
205.3445951 -10.4524162 7.95 T
205.4026530 -8.7027260 5.23 T
205.6480540 -12.0870291 7.50 T
205.7257488 -2.4684175 7.98 T
205.8762609 -4.2746456 7.21 T
205.9756665 -5.4990223 6.51 T
206.0649886 -11.4368239 7.89 T
206.0918621 -14.7605547 7.65 T
206.1243589 -16.1791161 5.66 T
206.1858385 -14.2262603 6.97 T
206.2367543 -7.6343782 7.23 T
206.2371692 -6.0021578 7.35 T
206.2861461 -14.7669906 7.87 T
206.3958329 -15.7676212 6.18 T
206.4676373 -11.2205030 7.73 T
206.4845045 -12.4264862 5.66 T
206.8058637 -9.7097051 6.21 T
206.8299758 -2.4435130 7.84 T
206.8552637 -6.7055008 7.02 T
207.0074930 -8.0256722 7.78 T
207.0746984 -6.8374993 6.68 T
207.1619962 -2.8405359 6.87 T
207.2055003 -8.1906636 7.97 T
207.5868337 -13.1102805 7.71 T
207.6354678 -7.5988902 7.46 T
207.7045121 -11.3588087 7.94 T
207.7117581 -7.7843782 7.06 T
207.7742093 -13.6793538 7.19 T
207.8956461 -13.0150840 7.14 T
207.9330796 -7.1728319 7.80 T
208.0643972 -14.6765226 7.37 T
208.2236998 -10.6827454 7.79 T
208.3005244 -3.5424157 7.70 T
208.4091216 -6.1884938 7.76 T
208.4654852 -14.6642837 7.46 T
208.4802541 -8.4848261 7.82 T
208.5330001 -11.6952729 7.53 T
208.5888760 -17.1801607 6.75 T
208.6750832 -1.5032545 5.28 T
208.7413997 -8.0590564 6.68 T
208.8837732 -9.5238297 7.88 T
208.9034164 -16.1447716 7.96 T
208.9496846 -9.5599668 6.87 T
208.9713652 -9.7552111 6.90 T
209.0015504 -3.6620945 6.95 T
209.1501174 -10.0341434 7.75 T
209.6126837 -12.0602207 7.15 T
209.6244137 -14.1220610 6.96 T
209.7497568 -6.9256924 7.07 T
209.8656980 -5.4251098 7.43 T
209.9551794 -3.5501416 6.45 T
210.0193276 -8.1619239 6.68 T
210.0310627 -13.4667105 7.80 T
210.7657289 -17.3670724 6.47 T
210.8632355 -10.9673233 7.68 T
210.8804789 -10.7313414 7.68 T
192.8454167 -10.3383333 6.41 B
193.5883333 -9.5388889 4.79 B
197.4875000 -5.5388889 4.38 B
201.2983333 -11.1613889 0.98 B
201.5475000 -1.1925000 5.97 B
203.0116667 -18.7288889 6.01 B
203.2529167 -7.1950000 6.68 B
211.6783333 -9.3133333 5.46 B
212.2525000 -10.3344444 6.47 B
