282.6266419 -36.8149139 7.79 T
282.6950147 -34.3051924 7.35 T
283.0750115 -35.6240971 7.97 T
283.1543612 -29.3799692 6.25 T
283.1736922 -30.7341717 6.63 T
283.2818232 -27.7563470 7.60 T
283.3528715 -37.2745711 7.38 T
283.4470962 -36.2881033 7.25 T
283.5424177 -22.7448882 5.01 T
283.5948943 -24.7690252 7.34 T
283.6586955 -26.8901073 7.82 T
283.7804316 -22.6714541 5.15 T
283.8481801 -37.3866061 6.59 T
283.8580449 -29.2131277 6.85 T
284.0019754 -25.0453937 7.44 T
284.0028309 -23.1738280 5.90 T
284.0359975 -29.4766278 7.31 T
284.0832660 -33.2712782 7.82 T
284.1135693 -31.6890741 6.58 T
284.1420088 -23.1493251 7.67 T
284.1687778 -37.3434086 5.33 T
284.2355638 -33.3295155 7.14 T
284.5272578 -30.8251712 7.39 T
284.5855151 -24.8768708 6.63 T
284.5883159 -31.0362658 6.24 T
284.6034867 -22.5294153 6.15 T
284.6158520 -34.2146783 7.20 T
284.6796962 -37.1080179 4.90 T
284.7240825 -35.9645137 7.62 T
285.0011777 -28.0508946 7.92 T
285.1037621 -24.9419125 6.50 T
285.2504723 -33.2316525 7.33 T
285.2636258 -37.0611147 6.58 T
285.2678644 -37.0616733 6.33 T
285.4072625 -22.6953548 6.42 T
285.4122321 -36.8908678 7.34 T
285.5336569 -35.0084119 7.41 T
285.6151543 -24.8479236 5.76 T
285.6360280 -34.6326556 7.20 T
285.6781397 -36.0963789 7.88 T
285.8238416 -38.2530621 5.76 T
286.0591219 -22.8965466 6.90 T
286.1044260 -31.0471982 5.49 T
286.1712718 -21.7418521 3.86 T
286.1911350 -25.2312086 7.10 T
286.2494043 -37.9614327 7.71 T
286.4454246 -29.0811690 7.08 T
286.5802354 -27.2871313 7.38 T
286.6054785 -37.0652670 4.41 T
286.7171148 -37.8129393 6.23 T
286.7346343 -27.6719978 3.43 T
286.7428850 -22.4976714 6.99 T
286.8111190 -24.5239174 7.83 T
286.8785083 -28.6368544 6.22 T
287.0337649 -26.8346578 7.27 T
287.0607208 -24.6574255 6.29 T
287.1851783 -23.1903689 6.78 T
287.1952685 -25.0793177 6.85 T
287.3687641 -37.9050918 4.09 T
287.3945992 -23.1910245 7.80 T
287.4014636 -36.1649087 6.53 T
287.4323072 -27.1145815 6.96 T
287.6156338 -30.0075128 6.57 T
287.7492893 -24.1848893 7.51 T
287.8285103 -29.5024189 6.27 T
288.0408092 -37.5831297 6.67 T
288.1439385 -37.5241321 7.16 T
288.1835429 -33.8551460 7.78 T
288.1838396 -33.8462202 7.34 T
288.1899492 -24.4873579 7.58 T
288.3069379 -25.9068451 5.92 T
288.4118222 -22.5660929 7.89 T
288.4847450 -26.8768263 7.14 T
288.5365652 -22.0607155 7.00 T
288.6660679 -29.2434762 7.44 T
288.8635971 -32.2020043 7.97 T
288.8853949 -25.2568700 4.92 T
288.8892543 -24.1799860 6.30 T
288.8975714 -36.9495272 6.98 T
288.9447739 -33.5305499 7.53 T
289.0120022 -24.7172729 7.56 T
289.0472922 -25.6669652 7.26 T
289.0563853 -30.4596104 7.29 T
289.1156909 -33.8094273 7.54 T
289.1365848 -33.5223173 6.90 T
289.1709136 -31.8850712 7.16 T
289.5896164 -33.1523641 7.64 T
289.7459685 -33.2791160 7.04 T
289.8395784 -36.8947510 7.04 T
289.8795133 -36.6591394 7.32 T
289.9167045 -35.4215350 5.56 T
290.0491929 -33.4614908 7.89 T
290.1712057 -24.2112567 6.95 T
290.3746799 -34.9839764 6.55 T
290.4149232 -29.6055299 7.16 T
290.5169326 -29.5231404 7.16 T
290.7214603 -32.9216406 7.92 T
291.0069946 -33.5423701 7.69 T
291.1258240 -27.8660425 5.99 T
291.1586895 -22.5729371 7.56 T
291.2667411 -29.3097449 6.07 T
291.2759761 -23.0420486 7.67 T
291.3190217 -24.5089148 5.04 T
291.3431056 -24.4121244 7.28 T
291.3734510 -23.9625376 5.60 T
291.4308253 -22.4519994 6.93 T
291.5800710 -21.7767302 5.71 T
291.6757707 -26.3185065 7.77 T
291.7354733 -29.7435357 5.64 T
291.7411112 -24.0462646 7.82 T
292.1952689 -36.0002559 7.47 T
292.2246986 -28.9700165 7.88 T
292.4190730 -30.7994034 7.20 T
292.4675720 -26.9858542 5.61 T
292.5629382 -32.0916470 6.64 T
292.7392624 -32.6994454 7.41 T
292.9482200 -35.9580608 8.00 T
293.0131062 -28.2125164 7.62 T
293.1026853 -22.7406231 7.72 T
293.1190026 -30.8696864 6.84 T
293.1685557 -28.0244822 7.21 T
293.2202749 -26.0281140 7.69 T
293.4259322 -34.1978534 6.95 T
293.6414527 -23.8588776 6.68 T
293.7724396 -31.6095557 7.63 T
293.9882921 -36.8051992 7.86 T
294.0069337 -24.7192528 5.66 T
294.0133826 -28.6684246 7.92 T
294.1503792 -32.6908795 6.87 T
294.5021685 -32.9129899 6.96 T
294.6396530 -34.5497173 7.40 T
294.7173424 -30.2811383 7.80 T
294.7343143 -28.6072449 6.71 T
294.9560983 -23.4279068 6.33 T
294.9820498 -22.0628558 7.41 T
295.0300469 -23.4291618 6.07 T
295.4559616 -36.8876271 7.37 T
295.5543366 -36.6338311 6.93 T
295.5945322 -24.8594682 6.73 T
295.6546927 -24.3797357 7.73 T
295.7318845 -37.4399416 7.69 T
295.9067535 -37.5388739 6.13 T
296.1361445 -22.8558089 7.51 T
296.3514365 -30.9031073 6.83 T
296.5050915 -31.9086650 5.51 T
296.6479059 -31.9355109 7.75 T
296.9510492 -28.4911839 7.01 T
296.9622339 -29.1591379 7.77 T
297.2992324 -28.7895863 6.08 T
297.3916105 -37.7812009 7.28 T
297.4342913 -32.7643940 7.86 T
297.5679584 -22.7799198 7.82 T
297.7927796 -27.4719889 7.31 T
297.9177274 -27.0822576 7.67 T
297.9424003 -37.3367589 6.77 T
298.1847610 -31.9768006 7.12 T
298.2102583 -23.1560120 7.79 T
298.5730994 -23.9436369 6.33 T
298.7603768 -36.2018416 7.18 T
298.7711498 -33.0462281 6.62 T
298.9612604 -26.2989999 4.77 T
298.9671593 -26.5499814 7.76 T
299.1671031 -23.0664566 7.61 T
299.2049953 -30.5702393 6.58 T
299.4048543 -37.7448079 7.42 T
299.4227921 -38.0594634 6.60 T
299.5561505 -36.6872267 6.99 T
299.7357410 -30.5387779 6.40 T
299.7385479 -26.1956083 4.95 T
299.8919149 -22.2113781 6.80 T
299.9278733 -37.3749478 7.21 T
299.9341268 -35.2764651 4.33 T
299.9648057 -34.6982564 5.32 T
300.0665421 -37.7017312 6.06 T
300.0853636 -33.7052628 5.70 T
300.1495709 -28.5864691 7.10 T
300.1615510 -32.1757847 7.45 T
300.2290091 -26.2236327 7.98 T
300.3494474 -22.7373922 6.11 T
300.6647237 -27.7097597 4.68 T
300.8819398 -36.5965346 7.09 T
300.8899060 -37.9412601 4.93 T
300.9002274 -37.5291199 6.99 T
300.9265010 -36.0597677 7.25 T
300.9343720 -22.5954478 6.49 T
301.0117784 -37.8789312 6.98 T
301.0819573 -32.0563690 5.12 T
301.1098569 -22.1917424 7.55 T
301.3001153 -26.8133237 7.23 T
301.3190820 -36.3792567 7.54 T
301.3318182 -29.0803128 7.53 T
301.3579390 -34.6670902 6.99 T
301.3835087 -32.9998853 6.54 T
301.4218241 -37.7148233 7.98 T
301.4421067 -36.4995732 7.73 T
301.8317418 -35.5399171 7.86 T
301.8491822 -29.7206523 6.85 T
301.8975377 -35.6557941 7.64 T
302.3540727 -33.8743244 7.26 T
302.4798679 -35.6065302 7.92 T
285.6529167 -29.8802778 2.60 B
290.1091667 -31.8177778 6.58 B
290.1587500 -22.4025000 5.58 B
292.5612500 -32.0922222 6.60 B
292.7250000 -21.3122222 6.13 B
293.5354167 -40.0347222 5.89 B
294.1766667 -24.8836111 4.60 B
299.2366667 -27.1700000 4.52 B
