69.6232609 26.9386729 7.21 T
69.8465693 25.2182006 6.23 T
70.5169826 24.0107107 7.25 T
70.5507963 22.9422748 7.02 T
70.5612418 22.9568490 4.24 T
70.7161269 18.7198625 7.18 T
70.7469480 14.8146280 6.78 T
70.8074253 24.0887988 6.21 T
70.9750061 22.9443234 6.92 T
71.0155315 12.9915811 7.67 T
71.4270094 23.6278988 6.34 T
71.5076748 11.7055426 5.37 T
71.5503417 26.0352557 7.73 T
71.5706110 18.7342419 6.12 T
72.1721548 16.6338000 7.61 T
72.1768314 18.7070274 7.02 T
72.1827043 21.3156697 7.04 T
72.4411508 21.9496632 7.86 T
72.4880834 15.5309953 7.79 T
72.6003494 17.2024495 7.17 T
72.7028188 16.2102913 7.33 T
72.8441125 18.8396633 5.12 T
72.9588184 13.6550337 6.33 T
73.1331870 14.2503022 4.94 T
73.1712054 12.3846595 7.27 T
73.3920892 23.3156876 6.67 T
73.4021165 25.3661930 7.17 T
73.5132208 17.0268149 7.30 T
73.5535844 23.9985419 7.55 T
73.6717868 12.0256407 7.46 T
73.6824564 12.3519492 7.20 T
73.6953004 11.4261279 5.20 T
73.7283718 16.3864548 7.15 T
73.7435920 19.4852035 6.39 T
73.8315152 16.6202071 7.18 T
73.9589714 15.0401996 5.76 T
73.9673792 13.6308924 7.81 T
74.0592952 21.5721974 7.39 T
74.0647464 24.5921281 6.37 T
74.0923302 13.5141874 4.20 T
74.1494462 23.2950410 7.56 T
74.3430123 17.1536339 5.64 T
74.4527116 23.9484794 5.93 T
74.5393191 25.0501119 5.79 T
74.7383749 14.5495521 7.43 T
74.7475838 14.5432160 6.06 T
74.9352432 15.9165395 6.80 T
74.9740851 27.3254698 6.98 T
75.1410795 14.3841627 6.82 T
75.2834305 23.4389418 7.82 T
75.3287765 26.5342665 7.57 T
75.4344493 26.6713049 6.85 T
75.4485578 11.3752147 7.18 T
75.7566041 12.0597140 7.28 T
75.7744026 21.5897037 4.63 T
76.0900697 21.2777712 6.34 T
76.1424090 15.4039095 4.65 T
76.1583837 27.6957713 6.64 T
76.1742051 14.8588416 6.79 T
76.2045361 13.3088240 7.62 T
76.2085544 18.2538235 7.66 T
76.2089907 26.7205681 7.55 T
76.3190947 15.2398611 7.71 T
76.3835994 19.8066820 7.02 T
76.3835994 19.8066820 7.56 T
76.4071549 23.0610175 6.74 T
76.4725467 26.4298754 6.62 T
76.6705601 22.5107200 7.16 T
76.6793300 14.0840207 7.39 T
76.8660732 18.6451742 4.99 T
76.9513695 20.4181716 5.30 T
76.9809975 21.7047834 5.85 T
77.0276010 24.2651384 5.51 T
77.2101788 19.8597720 6.60 T
77.4248582 15.5971461 4.85 T
77.4698163 21.9875846 7.79 T
77.5175262 27.5559628 7.02 T
77.5429507 13.5481220 6.73 T
77.5538616 22.1366685 7.55 T
77.6664435 17.4402023 7.90 T
77.7457684 14.9217529 7.94 T
77.9232084 16.0457164 5.35 T
78.0890994 26.4536952 6.91 T
78.5240456 21.2236580 7.20 T
78.7876646 15.0625381 7.49 T
78.8651823 22.2848170 6.28 T
79.0171726 11.3413118 5.51 T
79.1828210 18.4395580 7.72 T
79.2057804 20.1181808 7.68 T
79.3796922 20.1312553 6.82 T
79.6317652 21.7923358 7.32 T
79.7204833 13.5671073 7.44 T
79.8109780 20.1344133 6.22 T
79.8192925 22.0959929 5.05 T
80.0762643 19.5781399 6.65 T
80.1578785 20.8298871 7.72 T
80.1812279 17.2429182 7.80 T
80.2358718 19.8143012 6.34 T
80.5978336 16.1224339 7.53 T
80.8822557 16.0404680 7.27 T
80.9069373 16.6991671 6.12 T
81.0391291 16.5626281 7.89 T
81.1077411 17.3834897 5.06 T
81.2105824 17.1969406 7.59 T
81.2932256 20.5836967 6.79 T
81.4764836 15.4538386 7.55 T
81.5111785 15.6717287 7.54 T
81.5238431 16.7001220 6.22 T
81.6578118 16.2192308 7.36 T
81.7012748 13.5821371 7.53 T
81.7921089 17.9620912 5.39 T
81.8078577 15.2575576 6.19 T
81.8751678 16.0399910 7.50 T
81.9087099 21.9369205 4.84 T
81.9400587 15.8739065 5.52 T
82.0068209 17.2388521 5.96 T
82.0382612 16.4386803 6.92 T
82.1037536 16.6047217 7.57 T
82.1449649 13.6789047 6.36 T
82.2088230 16.4265902 7.63 T
82.2156943 12.5494759 6.81 T
82.3188001 25.1499645 5.83 T
82.3296583 18.3656696 6.77 T
82.4479004 12.2706047 7.02 T
82.4574299 18.4159491 7.64 T
82.5627058 20.5515046 7.04 T
82.6089234 15.3602252 5.95 T
82.6809147 22.4621311 6.42 T
82.7565547 12.0967585 7.57 T
82.8988951 14.9288750 6.67 T
83.0119223 17.5306794 7.86 T
83.0531317 18.5942127 4.64 T
83.0588872 17.0580557 6.05 T
83.0606723 17.0560129 6.44 T
83.0916869 19.1220316 7.55 T
83.1148434 26.9814578 7.14 T
83.3781956 24.6285373 6.96 T
83.3818084 18.5402422 5.66 T
83.4118326 20.4741699 6.18 T
83.4761763 14.3055378 5.57 T
83.4996347 15.5843758 7.39 T
83.7694748 15.6389553 7.51 T
83.8217320 25.8288750 7.89 T
83.8631159 24.0394695 5.36 T
83.9188276 21.4032001 7.60 T
84.0107919 19.5493203 7.17 T
84.1085854 21.9926764 7.08 T
84.1096712 21.9925624 7.47 T
84.1257846 25.9403565 6.56 T
84.2658536 17.0401199 5.55 T
84.2869977 26.9241874 6.54 T
84.2869977 26.9241874 6.55 T
84.7391351 26.6180083 6.56 T
84.7813134 14.5567486 7.54 T
84.8629960 21.7627352 6.43 T
84.9342484 25.8969508 5.14 T
84.9645435 24.2257167 7.17 T
84.9778244 13.0226543 7.14 T
85.0399025 19.6803349 7.63 T
85.0737834 16.3917915 7.42 T
85.0785598 15.3498274 7.00 T
85.3238658 16.5340657 4.82 T
85.4032484 26.6155206 7.96 T
85.4199473 16.2339662 7.95 T
85.4782410 23.3261295 6.55 T
85.4882270 24.3185151 7.73 T
85.5165995 22.6601773 6.48 T
85.6025664 20.6124848 7.97 T
85.7235979 18.9802857 6.65 T
85.8313060 23.2042764 6.21 T
85.9127215 25.4395041 6.82 T
85.9542296 27.2960567 7.95 T
86.0689729 18.8342522 7.66 T
86.0881672 27.7314399 7.50 T
86.1306172 15.0633483 7.21 T
86.1727494 12.4151497 7.04 T
86.2218622 16.0860198 7.00 T
86.2314720 26.3423262 7.35 T
86.2552312 12.8882589 6.49 T
86.4551378 18.7924107 7.50 T
86.4808215 25.9136649 7.27 T
86.4943981 23.7472887 7.96 T
86.6896073 15.8224762 5.98 T
86.6905292 20.1734637 7.66 T
86.8048367 14.4880380 5.73 T
86.8591387 17.7291138 5.49 T
86.8944477 25.5685679 6.61 T
86.9100508 20.9405662 7.46 T
86.9288083 13.8995357 5.24 T
87.0086155 12.4183396 6.65 T
87.0932722 20.8693508 6.01 T
87.1202355 17.4334251 7.29 T
87.1865275 18.2429480 7.29 T
87.1971231 11.9971585 6.91 T
87.2041061 27.3637468 7.75 T
87.2539948 24.5673408 4.99 T
87.3033424 21.1359941 7.28 T
87.4087696 27.5506669 7.18 T
87.6655215 27.5047522 7.18 T
87.6990512 26.0541186 7.65 T
68.9279167 19.8816667 6.36 B
69.5658333 20.6847222 5.92 B
72.4337500 15.9041667 6.08 B
76.8625000 18.6450000 5.00 B
77.4379167 28.0305556 6.01 B
80.2470833 27.9572222 6.33 B
81.1058333 17.3833333 4.99 B
84.4112500 21.1425000 3.00 B
86.4141667 20.6950000 6.95 B
88.0975000 19.8680556 6.06 B
88.3295833 20.2991667 6.71 B
88.5954167 20.2761111 4.41 B
88.7362500 19.7497222 5.92 B
88.9554167 20.1750000 5.40 B
