0.0998929 26.9177896 6.49 T
0.1999628 23.5381465 7.88 T
0.3962931 28.4234822 6.96 T
0.4288162 24.2529278 6.72 T
0.5482706 27.0759088 5.83 T
0.6918925 35.8154606 7.54 T
0.7105758 28.2519454 7.70 T
1.1669163 34.2648972 7.25 T
1.2298398 34.6603812 6.17 T
1.2340939 26.6486864 6.42 T
1.2555346 27.6747394 6.57 T
1.2882137 30.3288247 7.81 T
1.3041994 35.5707868 6.89 T
1.3708838 34.1058861 7.89 T
1.5021745 28.2769238 6.77 T
1.6480554 28.5533017 6.79 T
1.6559875 29.0203906 6.14 T
1.8449340 26.4498521 7.44 T
1.8966601 31.6688800 7.00 T
1.9296995 37.1853457 7.59 T
2.0031735 29.8375556 7.58 T
2.0069341 31.3910064 7.13 T
2.0403249 31.3789747 7.28 T
2.1194793 34.9346145 7.46 T
2.1696798 36.6263546 6.26 T
2.2179472 25.4633315 6.35 T
2.2507044 28.2474944 6.50 T
2.3168056 25.2810275 7.85 T
2.6956504 37.4740029 7.81 T
2.7020272 30.6855512 7.90 T
2.9582112 28.4235777 7.59 T
3.0059416 28.6059359 7.22 T
3.0063262 23.4717724 6.69 T
3.2093592 37.6936411 6.69 T
3.3495894 26.9873006 6.35 T
3.5094465 33.2059190 6.21 T
3.5380270 26.2586650 7.05 T
3.7332023 22.2841500 6.23 T
3.7781387 33.0303751 7.45 T
3.7791943 31.5356988 6.51 T
3.7941260 27.2833408 6.34 T
3.8401891 28.5866294 7.37 T
4.1790091 36.6296775 7.12 T
4.1862900 36.4918159 7.82 T
4.2294397 23.2560989 7.07 T
4.3019554 23.5975061 7.90 T
4.5813984 36.7849611 4.51 T
4.5867679 30.3956363 7.21 T
4.6273553 26.1401351 7.79 T
4.6598150 31.5172020 5.87 T
4.6651440 22.8799219 7.26 T
5.0005717 38.2256670 7.04 T
5.1017922 30.9355768 5.85 T
5.1894317 32.9111049 5.99 T
5.2254401 32.9776299 7.27 T
5.2807428 37.9683589 5.21 T
5.2882273 35.8787067 7.39 T
5.3568363 28.3263609 7.78 T
5.3965088 38.1870154 6.97 T
5.5711058 24.6793091 7.82 T
5.7084244 29.4542270 6.96 T
5.7522452 22.3736260 7.63 T
6.1653975 31.3729839 6.74 T
6.5113514 35.8192716 7.54 T
6.7697534 25.0419565 6.70 T
6.8617256 26.2783481 7.61 T
7.0691176 28.0604867 7.88 T
7.1154481 33.7988210 7.25 T
7.1188231 32.4376393 6.88 T
7.2360743 36.8996708 6.38 T
7.3796993 24.8804903 7.84 T
7.4253416 30.1648187 7.97 T
7.5310005 29.7512071 5.25 T
7.6151700 28.0730525 7.75 T
7.6224347 32.1768229 7.70 T
7.6662561 32.1364054 7.57 T
7.8572217 33.5815581 6.00 T
8.0586513 34.9937264 6.74 T
8.1439849 27.5806982 6.68 T
8.1656412 23.1935671 6.96 T
8.2044889 28.2802868 6.38 T
8.2158762 35.8578895 7.95 T
8.5445611 31.6455282 7.82 T
8.7898997 36.8321320 6.72 T
8.8769200 35.6590714 7.72 T
351.1290980 30.7123791 7.23 T
351.1808112 36.3621775 6.97 T
351.2119344 32.3849069 5.54 T
351.3356732 36.1644396 7.68 T
351.6291249 31.7470566 7.84 T
351.7326731 25.4025685 7.51 T
351.7557145 32.5209159 7.56 T
351.8560835 25.4675680 7.96 T
351.9184639 25.1670652 5.97 T
351.9567658 32.9586112 7.58 T
352.2074678 31.7961754 7.54 T
352.2734396 23.0475553 6.57 T
352.4761302 24.7721759 7.32 T
352.5521939 31.3782240 7.59 T
352.6103339 30.8315914 7.43 T
352.6820663 22.0473598 7.62 T
352.8756875 28.6661117 6.63 T
352.8843343 33.6982700 7.45 T
352.9290768 28.4033998 6.39 T
353.1034194 34.9522769 6.63 T
353.1191987 33.7409875 7.64 T
353.1209414 23.8434464 6.58 T
353.3671197 22.4986719 5.58 T
353.3675965 24.3424978 6.93 T
353.4029465 22.3289709 7.97 T
353.4173542 29.8744133 7.26 T
353.4886995 31.3251744 5.17 T
353.6591417 33.4974684 5.74 T
353.6727169 37.8004908 7.29 T
353.6948456 38.0240686 6.37 T
353.7459489 31.8354644 7.30 T
353.7478808 24.4256865 6.79 T
353.8743538 31.0187833 6.92 T
353.8804533 32.1979006 6.63 T
353.9814165 27.8649385 7.35 T
354.1270740 32.9042649 6.39 T
354.2789953 30.6785149 7.28 T
354.3676854 35.8146595 7.29 T
354.6424209 35.0330211 7.07 T
354.7064425 23.3080741 7.19 T
354.8811861 28.2479220 7.12 T
354.9606888 34.9550647 7.12 T
355.0049712 27.5150894 6.77 T
355.0116919 37.6521455 6.54 T
355.0152612 26.8021879 7.62 T
355.1300607 24.6950811 7.94 T
355.1711467 36.7208979 6.27 T
355.2522756 35.9718014 7.67 T
355.3232339 32.5610519 7.81 T
355.3921848 24.2237197 7.63 T
355.7822863 34.7459796 7.16 T
355.9983486 29.3612105 5.07 T
356.0700271 36.3390967 7.52 T
356.4655671 33.2904503 7.50 T
356.8722452 25.5794797 6.92 T
356.9004438 34.5215108 7.51 T
357.0487943 27.7148162 7.89 T
357.1302573 25.6536756 7.11 T
357.1473900 36.2744882 7.06 T
357.3260397 22.8543618 7.07 T
357.4145980 28.8425470 5.97 T
357.4206796 36.4249756 5.95 T
357.4608264 27.6806942 7.05 T
357.5247742 35.7709792 7.83 T
357.5442416 24.8580133 7.57 T
357.9677602 37.8907746 7.62 T
358.0321059 36.3558907 7.84 T
358.1673741 21.7423941 6.78 T
358.2333127 36.9536953 6.59 T
358.2958779 31.9100139 7.39 T
358.5791181 25.1332768 7.99 T
358.5911833 33.5932406 7.92 T
358.7135916 22.4722305 7.79 T
358.7351570 29.4756078 6.76 T
358.8459260 25.9549278 6.67 T
359.0200287 31.0774877 7.51 T
359.0316004 33.4873967 7.06 T
359.1727755 22.6480504 6.36 T
359.2585678 27.5737221 7.67 T
359.3348558 22.3676686 7.88 T
359.4394464 25.1411970 4.83 T
359.5883049 35.0129337 6.82 T
359.7051717 32.3816642 6.50 T
359.8711846 33.7237389 6.72 T
359.9147797 37.7995714 7.87 T
9.0838799 27.2546980 6.49 T
9.1823661 27.0523570 7.84 T
9.2202514 33.7193264 4.32 T
9.2216196 33.7094594 7.08 T
9.2647578 31.4864711 7.69 T
9.3383308 35.3994781 5.53 T
349.8522414 35.8250772 6.73 T
350.2229592 38.1819440 5.82 T
350.4789497 31.8124106 5.33 T
350.9498424 32.5315344 6.75 T
351.0137051 29.6726799 7.33 T
351.0787818 23.7598200 7.07 T
351.1892510 25.4963866 7.35 T
351.3462444 23.4043259 4.49 T
351.4145335 24.9536264 7.00 T
1.6533333 29.0213889 6.13 B
2.0970833 29.0905556 2.06 B
9.6387500 29.3116667 4.37 B
9.8320833 30.8608333 3.27 B
350.2066667 30.4150000 5.59 B
358.0975000 21.6708333 6.11 B
0.5425000 27.0819444 5.75 B
1.2241667 34.6597222 6.12 B
