295.6250045 1.5861491 7.71 T
295.6444049 4.9538459 7.75 T
295.8378321 4.1743775 7.72 T
296.2902990 -3.0354774 7.45 T
296.3446337 -1.4989980 7.32 T
296.3604577 -0.1454329 7.92 T
296.3685964 -7.0199568 7.55 T
296.4167970 7.6131611 5.91 T
296.4221934 -0.6969750 7.44 T
296.4676277 -2.8834580 6.46 T
296.4894182 4.2484229 7.09 T
296.6461627 -1.3769028 7.41 T
296.8886272 1.0874579 6.84 T
296.9424261 5.7819854 6.84 T
297.1624532 -1.8265557 7.35 T
297.4287405 2.9539641 7.72 T
297.5728190 7.9024052 6.46 T
297.7028225 -4.6941392 6.79 T
297.7282506 0.8443419 7.67 T
297.7961873 -2.4612396 6.29 T
297.8617082 4.0886176 6.71 T
297.9455242 8.0716668 7.40 T
298.0021467 1.6033059 7.53 T
298.0399497 7.4604574 7.20 T
298.1182560 1.0056072 4.06 T
298.3069876 -5.5405316 7.47 T
298.3282056 -3.1143728 5.65 T
298.3442617 4.4003629 6.51 T
298.6569288 -8.2274733 5.65 T
298.6586457 -8.2371625 6.34 T
298.6676797 7.1403594 6.13 T
298.6869044 0.2735494 5.64 T
298.8285890 6.4037541 3.81 T
298.8313979 -6.7351751 6.55 T
299.1401204 8.2558455 7.46 T
299.2985583 -7.4047084 7.88 T
299.3052106 0.3520881 6.99 T
299.3531705 -6.6988272 6.68 T
299.4896899 -6.4447787 7.67 T
299.5948402 -2.2316288 7.54 T
299.6360465 7.9207931 6.87 T
299.6824485 1.6662509 6.89 T
299.8444822 1.3781082 6.29 T
299.9230230 -1.9705946 6.72 T
300.0342897 7.7606261 7.29 T
300.0562201 7.2879524 7.69 T
300.0885734 3.3318404 6.84 T
300.0918379 1.6981989 7.56 T
300.2111219 7.9814539 7.54 T
300.3160278 5.6481183 7.51 T
300.4131331 -0.1990055 7.67 T
300.5440942 -4.9898207 6.73 T
300.6954760 3.3269530 7.61 T
300.7604611 5.7379041 7.83 T
300.8025381 4.7303032 6.75 T
301.0050801 -7.4697117 6.73 T
301.0347445 7.2780399 5.62 T
301.0964499 -0.7100458 5.82 T
301.1941927 1.1558774 7.76 T
301.2923026 2.1181242 6.81 T
301.2953431 3.4309623 7.72 T
301.3347797 0.4544356 6.94 T
301.4834549 4.7755054 6.97 T
301.5512650 -4.0784474 6.60 T
301.6509814 -4.4175472 7.14 T
301.6597605 7.5580042 7.55 T
301.6615199 7.5759916 7.12 T
301.7652976 -8.1817106 7.83 T
301.9332609 2.4430010 7.18 T
302.0083308 -0.6786070 6.08 T
302.0315990 -6.7614165 7.04 T
302.1790796 -7.0206055 7.98 T
302.6078904 5.5844302 7.92 T
302.7748511 -6.0876677 6.86 T
302.8208670 -0.1398935 7.97 T
302.8287453 -0.1266267 7.16 T
303.0639039 -8.0925384 7.36 T
303.1462671 0.8665373 6.92 T
303.1462671 0.8665373 7.06 T
303.1608944 -6.3662399 6.92 T
303.1969575 -2.9959528 7.09 T
303.2270487 -7.4582219 7.74 T
303.2683287 -0.3307813 6.67 T
303.3079791 -1.0095042 5.62 T
303.3442259 5.3093304 7.67 T
303.4989666 -0.8652393 7.87 T
303.5398683 6.5885938 7.77 T
303.6017177 -6.0473919 7.49 T
303.7227527 3.4069405 7.10 T
303.7774206 2.2987171 7.76 T
303.7940052 -3.5039874 6.96 T
303.8480799 -5.5367329 7.07 T
303.8682946 -7.5313609 6.88 T
303.8859146 2.8465347 6.86 T
303.9050598 7.8090774 7.34 T
303.9294296 -2.5643043 7.84 T
304.0247593 4.5804711 6.54 T
304.0350834 -7.7323572 7.80 T
304.1082605 -1.4999445 7.38 T
304.2094440 -3.4923361 7.16 T
304.3533724 -2.0632763 7.79 T
304.4861391 -8.0662648 7.40 T
304.5415263 -4.7288033 7.32 T
304.5585825 -6.3122520 7.98 T
304.5831234 3.6803870 7.50 T
304.6567061 0.6410538 6.94 T
304.7353820 -6.6390974 7.58 T
304.7530291 2.2333990 7.37 T
304.9305208 -1.0782923 6.16 T
304.9476904 -0.9072758 7.48 T
304.9695240 -2.2474551 7.87 T
305.1069197 7.6147155 7.39 T
305.1084294 -6.3623008 6.83 T
305.2867399 -6.3562013 7.74 T
305.4016055 1.6708849 7.51 T
305.4156570 -4.8056709 7.93 T
305.4879752 7.1717835 7.53 T
305.7943902 5.3427461 5.41 T
305.9108291 -5.2662536 6.79 T
305.9519917 6.6223438 7.65 T
306.1385386 5.5094326 7.23 T
306.1562985 1.0684558 6.13 T
306.1740269 1.3684440 6.62 T
306.2666186 7.4729612 7.81 T
306.3017333 3.1547528 7.85 T
306.3059534 3.9893794 7.72 T
306.3527950 7.8749340 7.92 T
306.3559775 6.6418034 6.75 T
306.4271654 -2.8006268 6.23 T
306.5095123 -3.8647405 7.53 T
306.5640890 2.9571176 6.73 T
306.8544243 -1.5589996 7.18 T
306.8618362 -2.1199598 7.51 T
306.8642775 -2.1035087 6.75 T
306.9422726 -5.6542689 7.24 T
306.9763572 6.8801772 7.50 T
307.0702247 2.9371969 6.29 T
307.1039538 -3.3579219 6.11 T
307.1451752 8.2561226 7.54 T
307.1497647 0.8833772 7.42 T
307.1545763 -4.4276448 7.80 T
307.2085268 -1.7348217 6.88 T
307.2989567 4.4567793 7.13 T
307.4129458 -2.8856786 5.03 T
307.4369541 2.9962087 7.08 T
307.5069168 -4.4382178 7.68 T
307.9321791 4.4158122 7.24 T
307.9768240 -0.1542690 7.62 T
308.0213184 -5.2422399 6.75 T
308.0852290 2.1328122 6.65 T
308.1197382 4.1485567 7.84 T
308.2371718 2.4274808 7.75 T
308.3814880 5.4420678 7.59 T
308.4997117 4.8986089 6.53 T
308.6325796 6.8780977 6.95 T
308.6416712 -0.6747842 7.72 T
308.7496957 6.5355485 7.75 T
308.8121839 6.2795026 7.56 T
308.8440941 -5.5292208 7.97 T
308.8623251 -2.0514459 7.74 T
308.8735700 6.9471044 6.51 T
308.9161391 -4.7218117 7.97 T
308.9277929 3.3024885 7.47 T
308.9465585 -0.0013649 7.15 T
309.1782780 2.4958407 7.56 T
309.1818579 -2.5500497 5.07 T
309.2950307 -1.3108385 7.21 T
309.3266534 0.0968818 6.20 T
309.3908446 6.5008792 7.15 T
309.5361057 -4.3819152 7.05 T
309.5846302 -1.1052160 4.41 T
309.5879022 -4.5118938 7.84 T
309.7561638 1.1986547 7.88 T
309.7744218 -4.9294713 6.57 T
309.8052653 -2.4129605 6.21 T
309.8543473 0.4863428 5.27 T
310.0521145 -2.6556087 6.73 T
310.0738652 3.4413240 7.06 T
310.3523095 -5.9979753 7.46 T
310.5245339 6.5075707 7.06 T
310.6142037 -2.3269303 7.32 T
310.6221659 -5.3023062 7.69 T
310.6640715 -2.3623913 7.89 T
310.9124458 6.5781899 7.31 T
310.9172910 5.3901878 6.70 T
310.9873972 -5.5902844 7.22 T
311.0526191 -3.9154464 7.17 T
311.2388125 0.2914549 7.62 T
311.2864818 6.0244939 7.86 T
311.3009443 -1.0430653 7.98 T
311.3675282 5.8806043 7.59 T
311.4876402 7.3791750 6.98 T
311.5050555 -0.3404538 6.87 T
311.7647167 -2.4870399 6.45 T
311.8682700 6.8152502 7.98 T
311.9111263 6.9759422 7.33 T
311.9343188 -5.0279477 4.64 T
311.9497289 3.3065305 6.37 T
311.9514267 6.0081087 5.64 T
312.0897107 7.5941499 7.21 T
294.1804167 -1.2863889 4.36 B
295.1804167 -0.6211111 5.67 B
302.8262500 -0.8213889 3.23 B
314.2941667 0.4636111 6.05 B
