332.8183847 -60.5480792 7.82 T
333.8253280 -52.7012574 7.98 T
334.0343394 -57.5681397 7.42 T
334.3121840 -54.3214499 7.38 T
334.4482622 -50.3249514 7.94 T
334.5696521 -53.6310277 5.46 T
334.6244817 -60.2598601 3.00 T
334.6691531 -46.1372223 7.64 T
334.8395116 -46.6857614 7.95 T
335.1514372 -57.5098420 6.56 T
335.2325718 -60.4305147 7.90 T
335.2685823 -62.5485974 6.66 T
335.3455829 -55.7644492 7.83 T
335.5169777 -53.8642057 7.32 T
335.6519754 -56.1524999 7.57 T
335.8525660 -46.6685185 6.93 T
336.0927026 -48.8598678 7.44 T
336.1146419 -48.8156784 7.79 T
336.2365957 -57.7995998 5.39 T
336.3195771 -51.3989142 7.69 T
336.6467545 -62.5397700 7.90 T
336.8381184 -58.0006191 6.93 T
336.8561357 -49.3680180 7.56 T
337.1253340 -51.7880963 7.38 T
337.2319822 -60.0540452 6.98 T
337.4657844 -46.0747559 7.58 T
337.5735899 -62.2821767 7.91 T
337.7457163 -48.3159394 7.72 T
337.7502442 -49.4344745 6.88 T
337.8699171 -50.9377454 7.13 T
337.9491463 -46.5798006 7.29 T
338.2508216 -61.9822553 5.13 T
338.2968962 -60.4327110 7.11 T
338.3495407 -59.9919429 7.99 T
338.4023156 -58.2140695 7.95 T
338.5780226 -54.2980604 7.44 T
338.8574833 -61.6421701 7.95 T
338.8582172 -55.1841729 7.79 T
338.8877309 -51.6039829 6.89 T
338.9715647 -57.8838192 6.25 T
339.0335332 -55.1915916 7.78 T
339.0360984 -54.6122813 7.66 T
339.1626503 -48.3060590 6.87 T
339.5194592 -46.7101642 7.73 T
339.6909915 -53.7314238 7.93 T
339.7849557 -52.6920183 6.69 T
339.8676331 -50.6815373 7.99 T
340.0306824 -49.5986618 7.48 T
340.2044959 -57.4223720 6.14 T
340.3142458 -57.0282183 7.44 T
340.6536936 -47.2128463 6.06 T
340.6681025 -46.8846159 2.29 T
340.9272281 -60.7243459 7.65 T
341.0686600 -60.4994883 6.36 T
341.1557145 -62.5485210 6.89 T
341.2084814 -56.8270671 7.22 T
341.2581516 -57.0918246 8.00 T
341.4081556 -53.5000175 4.98 T
341.4196638 -46.5474076 5.65 T
341.5194048 -55.0636272 6.76 T
341.5354606 -48.9791307 6.70 T
341.6187210 -49.6875096 6.62 T
341.6732410 -51.0502632 7.72 T
341.6824574 -46.9393712 6.64 T
341.9893390 -58.6848361 7.27 T
342.0173627 -51.5126447 7.14 T
342.0900563 -61.6843754 6.48 T
342.1398192 -51.3173191 3.48 T
342.4209692 -58.9293243 7.58 T
342.5042745 -55.2342029 7.26 T
342.6181712 -59.5255000 7.49 T
342.6416353 -55.2193481 7.99 T
342.7769967 -56.4791924 7.96 T
342.7992537 -59.0973374 7.34 T
342.9368175 -59.8813744 6.58 T
343.0772310 -47.5752257 7.40 T
343.1132224 -47.9930523 7.60 T
343.4101124 -48.5987914 6.09 T
343.7972245 -46.6794832 7.65 T
343.8145130 -48.4914066 6.71 T
343.8151651 -48.4653880 7.14 T
343.8761139 -46.3281636 7.57 T
344.1989453 -47.9692069 5.74 T
344.2751945 -57.4015229 7.56 T
344.3419070 -56.8751196 7.09 T
344.4987807 -59.0898004 6.74 T
344.6258948 -51.1271354 7.92 T
344.8218139 -60.1565306 7.53 T
345.0121156 -46.4923059 7.88 T
345.0362686 -51.7012743 7.41 T
345.1987472 -49.4517043 7.35 T
345.2193294 -52.7542142 4.22 T
345.2338325 -48.9433428 7.70 T
345.2549531 -58.4375770 7.06 T
345.2824305 -50.9500469 5.84 T
345.6326213 -49.6980397 7.84 T
345.6850816 -52.9653266 7.35 T
345.7368894 -47.8484120 6.63 T
345.7934247 -62.3829148 7.79 T
345.7991962 -47.2558062 7.85 T
345.8183765 -55.1689991 7.70 T
345.8817478 -56.4986094 7.51 T
345.9976707 -55.6980788 7.74 T
346.1657361 -53.9655690 5.54 T
346.3511487 -62.3908683 7.79 T
346.3634098 -58.8992160 7.87 T
346.4566855 -61.1929323 7.98 T
346.7894459 -49.6061298 6.48 T
346.8074495 -50.6875304 7.05 T
346.8111834 -50.6868367 6.29 T
346.8356598 -52.6024943 7.64 T
347.1574324 -59.7369591 7.45 T
347.5660267 -59.3696691 7.79 T
347.6135106 -60.5645559 6.74 T
348.2778182 -55.1066103 7.80 T
348.3140827 -49.6186458 6.91 T
348.8484925 -56.6920866 6.59 T
348.8759794 -59.6943731 7.54 T
349.0183228 -51.8720707 7.24 T
349.0412578 -59.7808177 7.94 T
349.1069218 -55.5268482 6.98 T
349.2428181 -62.0013090 5.71 T
349.3571127 -58.2352468 4.03 T
349.5016885 -48.1130661 7.38 T
349.5039715 -61.0042195 6.87 T
349.6470857 -59.9997312 7.83 T
349.6553793 -58.3073447 7.58 T
349.6920634 -47.4354079 6.58 T
349.8472412 -53.4198504 7.93 T
349.9990431 -47.5401125 6.97 T
350.2095256 -50.3070698 6.15 T
350.7267035 -57.6250857 7.84 T
350.7375778 -60.0558789 6.30 T
350.8417200 -55.5534804 6.70 T
350.9713645 -53.8151537 7.07 T
350.9779852 -53.8089720 6.14 T
351.0554868 -51.8914056 5.92 T
351.1753266 -52.7028424 7.66 T
351.3320772 -56.8491123 5.71 T
351.6527488 -52.7207999 5.57 T
351.7137031 -59.6449141 7.94 T
351.7462076 -58.4241685 7.27 T
351.7882564 -50.1571837 6.19 T
351.7971527 -50.2799349 7.63 T
351.8130986 -58.4756809 5.75 T
351.9605963 -50.3436576 7.33 T
352.0565296 -56.4369395 7.58 T
352.2050646 -59.4365934 7.29 T
352.3206783 -54.5013247 6.65 T
352.3580780 -52.6785954 6.90 T
352.8369364 -58.2097616 7.87 T
352.8685586 -56.1425397 7.35 T
353.0205148 -59.0038739 7.93 T
353.1382272 -50.1155039 7.97 T
353.3765249 -57.0536075 7.82 T
353.6365576 -60.8683650 7.98 T
353.7584090 -56.8254422 6.77 T
353.8299165 -57.4951159 7.87 T
354.2640859 -60.8356525 7.67 T
354.3446750 -58.1700030 7.64 T
354.4933867 -58.1887101 7.66 T
354.5521570 -56.4511451 7.63 T
354.8668629 -46.6376115 6.53 T
354.9999644 -51.6167591 7.90 T
355.0000040 -47.3265049 7.17 T
355.2111671 -56.4209592 7.51 T
355.6077718 -61.0618280 7.27 T
355.6496666 -57.9617282 7.93 T
355.7745269 -46.3120455 6.74 T
355.9572009 -61.7298575 7.67 T
356.0799901 -54.4361161 7.67 T
356.3910875 -58.2792788 7.57 T
356.7135242 -55.8093735 7.51 T
356.7543219 -55.4081994 7.70 T
357.3406067 -60.0722519 7.98 T
357.4927552 -61.1352777 7.73 T
358.0120348 -59.2018856 7.58 T
358.1183999 -58.5501254 7.23 T
358.2240063 -58.8381536 7.43 T
358.2861853 -54.3672524 7.85 T
358.5535193 -59.5419910 7.04 T
358.9325535 -53.8188691 7.38 T
359.1831684 -57.1484126 7.52 T
359.3678352 -58.9644343 7.98 T
359.5566022 -57.1966960 7.68 T
359.6297871 -57.2809294 6.78 T
359.7621303 -59.5309558 7.92 T
359.7691081 -56.5757252 7.90 T
334.5650000 -53.6277778 5.37 B
335.6829167 -45.9477778 6.62 B
335.7833333 -45.9286111 5.62 B
337.3175000 -43.4955556 3.97 B
337.4395833 -43.7494444 4.11 B
340.6537500 -47.2105556 5.98 B
340.6795833 -44.2477778 6.07 B
341.5333333 -48.9788889 6.62 B
341.6179167 -49.6858333 6.48 B
343.4079167 -48.5980556 6.04 B
348.5275000 -62.7000000 6.12 B
349.2404167 -62.0011111 5.66 B
350.9762500 -53.8083333 6.15 B
352.2541667 -63.1108333 5.68 B
356.0500000 -64.4044444 5.72 B
357.4362500 -62.8394444 6.59 B
359.3329167 -62.9563889 5.97 B
359.3966667 -64.2983333 5.00 B
359.9791667 -65.5772222 4.50 B
