81.6632380 -13.8594603 7.12 T
81.7465182 -2.3606525 6.57 T
81.7699611 -11.9012773 6.36 T
81.7890707 -1.3673846 7.17 T
81.9407105 -2.1454895 7.48 T
82.2371044 -3.3074721 6.38 T
82.3485276 -3.4464500 5.92 T
82.3558754 -7.2608960 6.65 T
82.5864765 -7.4348072 6.28 T
82.7507681 -10.0830459 7.01 T
82.8370705 -6.7083689 6.18 T
82.9827417 -7.3015834 4.57 T
83.0292996 -6.7083025 7.64 T
83.1722939 -1.5918472 5.31 T
83.2378692 -4.5664852 7.65 T
83.2805972 -1.7173714 6.67 T
83.5405902 -1.9018012 7.07 T
83.5621212 -2.8816806 6.64 T
83.6004206 -4.8042890 6.81 T
83.6350522 -4.4874911 7.57 T
83.6799666 -4.3921313 7.74 T
83.7248030 -4.1104213 6.69 T
83.7458410 -4.3542771 7.53 T
83.7542097 -6.0092745 5.51 T
83.7611819 -6.0019917 4.70 T
83.7699145 -4.7318225 7.30 T
83.7958715 -5.9269191 7.42 T
83.8156172 -6.0327515 7.12 T
83.8185738 -5.3899798 5.06 T
83.8411225 -4.4941518 6.52 T
83.8429947 -4.4242968 6.22 T
83.8454411 -5.4160290 5.03 T
83.8464409 -4.8383485 4.61 T
83.8464409 -4.8383485 7.50 T
83.8600278 -5.4168549 6.19 T
83.8607160 -15.7378900 6.79 T
83.8793934 -4.3640631 6.43 T
83.8806955 -5.2673939 6.87 T
83.8890062 -4.8375186 7.16 T
83.8996092 -3.2528576 6.38 T
83.9145075 -4.8560105 5.27 T
83.9753036 -5.6285128 7.33 T
84.0259581 -7.3964316 7.37 T
84.0260495 -4.4257602 7.11 T
84.0626077 -5.6479199 6.50 T
84.1487322 -6.0647507 5.71 T
84.2866858 -11.7756584 6.10 T
84.3639984 -5.9383999 5.99 T
84.3950374 -1.4221331 7.27 T
84.4031600 -4.9341062 7.12 T
84.4724136 -4.8140367 6.17 T
84.5638310 -4.1083520 6.87 T
84.6582144 -6.5739694 5.91 T
84.6654861 -8.4710118 7.08 T
84.6967113 -2.5945989 6.34 T
84.7210903 -7.2131477 4.79 T
84.7600099 -5.1944806 7.56 T
84.8175767 -17.8494321 6.42 T
84.8785573 -9.7066935 6.46 T
84.8797851 -3.5647025 6.01 T
84.9857028 -1.9267189 7.55 T
85.0563990 -1.4625524 7.63 T
85.0821375 -3.4271076 7.05 T
85.0841226 -2.4356101 7.59 T
85.1554110 -2.8252144 6.17 T
85.1924652 -10.4086644 6.42 T
85.2349067 -1.5071750 6.97 T
85.3433502 -6.9351849 7.62 T
85.4184142 -2.8963925 6.49 T
85.4229234 -16.7257890 6.18 T
85.4601326 -12.3108594 7.18 T
85.7246625 -6.7957653 6.01 T
85.9138337 -8.9377410 7.59 T
86.1319294 -4.6957787 7.35 T
86.1384463 -6.8642257 6.79 T
86.7824625 -16.2381382 6.26 T
86.8619890 -10.5330652 6.11 T
86.8640799 -15.2521642 7.25 T
86.9448912 -6.4349228 7.68 T
87.0434208 -8.3836389 7.28 T
87.1459780 -4.0960714 6.04 T
87.1895222 -1.5017146 7.19 T
87.4021194 -14.4839483 5.68 T
87.8400281 -11.6462316 7.31 T
87.8416015 -7.5180025 5.31 T
88.0060260 -15.5060759 7.10 T
88.0321795 -9.0416927 5.97 T
88.4235835 -5.7048253 7.08 T
88.5986469 -15.7319824 7.19 T
88.6445927 -4.0647350 6.52 T
88.7258317 -9.1811579 7.26 T
88.8536358 -4.8257987 7.08 T
88.8758807 -4.6166615 5.99 T
88.8972892 -4.7887615 6.27 T
89.4148928 -15.4060816 7.17 T
89.6286786 -10.8398411 7.55 T
89.7546182 -9.3821400 6.17 T
89.7680257 -9.5585480 5.05 T
89.9072942 -1.4440943 6.60 T
90.0140152 -3.0747272 4.67 T
90.0735381 -12.9003620 6.24 T
90.4600271 -10.5979611 4.99 T
90.5450606 -7.2895398 7.11 T
90.6409583 -14.4970682 6.29 T
90.8294875 -2.4786753 7.13 T
91.0465793 -13.6895025 7.06 T
91.0544201 -14.0840535 6.99 T
91.0562403 -6.7089223 5.22 T
91.1783460 -1.5805791 6.96 T
91.2463286 -16.4844567 4.99 T
91.3627678 -10.2424246 5.92 T
91.4820232 -13.2477788 7.22 T
91.5387433 -14.9351688 4.67 T
91.6613689 -4.1938713 5.34 T
91.7161887 -11.1735928 6.61 T
91.7343450 -3.3411556 6.88 T
91.7439391 -6.2029033 6.61 T
92.0264814 -15.9014398 7.00 T
92.1059377 -11.1462993 6.92 T
92.1903327 -7.9364817 6.68 T
92.1985637 -6.8213294 6.56 T
92.3937317 -14.5844282 5.68 T
92.4014706 -5.7114187 6.19 T
92.5692178 -15.0593728 6.88 T
92.7550224 -6.7542652 6.14 T
92.7591998 -7.2842472 7.59 T
92.8406202 -15.7931721 6.79 T
92.9321002 -4.6654704 6.21 T
93.1226558 -13.6236009 7.56 T
93.1856437 -2.5048262 6.62 T
93.1929712 -17.7631999 6.47 T
93.2312464 -8.7291060 6.88 T
93.4758536 -3.7412413 5.93 T
93.4844680 -6.8231684 7.45 T
93.4879020 -7.2480319 6.77 T
93.6529142 -4.5684645 5.79 T
93.7138476 -6.2748939 4.12 T
93.7278245 -8.8042187 7.18 T
93.8485545 -11.9043569 6.61 T
93.8588925 -9.0357534 6.07 T
93.8738070 -4.9149231 6.01 T
93.9370981 -13.7184959 4.99 T
93.9435178 -6.2084631 7.46 T
94.0319966 -16.6180050 5.93 T
94.1732592 -12.0475056 7.06 T
94.3963060 -10.7249754 6.79 T
94.4237569 -16.8158948 5.29 T
94.5726827 -5.6543350 6.87 T
94.7107839 -9.3901600 5.49 T
94.7829301 -8.5860005 6.21 T
94.9217510 -17.5262605 7.23 T
94.9282938 -7.8229028 5.22 T
94.9795633 -7.2506503 7.61 T
94.9889759 -13.9930032 6.67 T
94.9982842 -2.9444981 5.09 T
95.0283948 -7.8721145 6.98 T
95.0678084 -2.0546660 7.56 T
95.0712571 -10.8823335 7.26 T
95.1668105 -9.8910323 6.90 T
95.2105145 -4.5957086 6.78 T
95.2428276 -6.6919796 7.59 T
95.3315386 -16.8037554 7.51 T
95.3529637 -11.7732684 5.59 T
95.4287193 -9.6828770 7.33 T
95.7561305 -3.2769604 6.53 T
95.7754209 -3.5157857 7.17 T
95.8267249 -14.8354222 7.00 T
95.8450009 -4.6876065 6.66 T
95.9281690 -16.4671366 6.60 T
96.0426450 -11.5302871 5.34 T
96.0857256 -12.9619159 6.10 T
96.0880156 -16.2246137 6.98 T
96.1414205 -1.4183382 6.77 T
96.3947063 -2.9914468 6.56 T
96.4121241 -4.8323245 7.30 T
96.4463548 -3.8890418 6.42 T
96.4951430 -7.8950252 6.42 T
96.5548640 -7.3614379 7.36 T
96.6434892 -4.5974237 6.11 T
96.6648733 -1.5075048 5.86 T
96.6869265 -7.5120265 6.32 T
96.7536246 -4.3556817 6.45 T
96.9035590 -15.3060934 7.48 T
96.9898460 -4.7621681 5.01 T
96.9958949 -13.1605958 7.06 T
97.1560081 -17.4659320 5.89 T
97.1787421 -6.9700564 7.54 T
97.2059200 -7.0345839 5.00 T
97.3679910 -11.4642919 7.47 T
97.4079250 -17.0112909 7.06 T
97.6144172 -4.6968432 7.45 T
97.6240910 -14.9543614 6.77 T
97.6453270 -13.1481482 6.12 T
97.8462979 -12.3921375 5.30 T
97.8509578 -12.5597036 6.76 T
97.9003714 -5.3687348 7.43 T
97.9585410 -8.1583697 5.57 T
98.0631051 -7.4079229 7.29 T
98.0963694 -5.8690739 5.63 T
98.2468403 -8.9641232 7.37 T
80.8270833 -8.4158333 5.90 B
80.9866667 -7.8080556 4.14 B
81.2566667 -10.3291667 5.61 B
83.8162500 -5.3872222 6.73 B
83.8170833 -5.3852778 7.96 B
83.8220833 -5.3877778 6.70 B
83.8583333 -5.9100000 2.77 B
86.5116667 -4.2683333 6.34 B
86.7387500 -14.8219444 3.55 B
86.9391667 -9.6697222 2.06 B
88.6816667 -11.7738889 5.66 B
89.1012500 -14.1677778 3.71 B
89.5487500 -0.9941667 6.22 B
92.9658333 -6.5502778 5.05 B
94.7033333 -15.0247222 6.06 B
95.9000000 -9.8744444 6.19 B
97.2041667 -7.0327778 4.60 B
97.5470833 -10.0813889 5.93 B
98.1954167 -11.1663889 6.24 B
100.4850000 -9.1672222 5.19 B
