159.7904963 -25.8518248 7.24 T
159.9268845 -22.5306174 7.23 T
160.0003800 -23.6249953 7.83 T
160.4692156 -26.0467091 7.37 T
160.5570317 -13.7887832 6.85 T
160.5918958 -20.6032062 7.73 T
160.6306196 -13.9744552 6.41 T
160.7180898 -23.5490392 6.90 T
160.7266312 -22.5091121 7.99 T
161.1169122 -23.9853367 6.77 T
161.3867477 -25.0259964 7.41 T
161.5354328 -23.4326121 7.73 T
161.5719778 -26.7260175 7.40 T
161.6032152 -13.4598477 7.26 T
161.6110399 -15.0340988 7.41 T
161.6188579 -19.7605343 7.29 T
161.6364996 -18.8740781 7.59 T
161.6768106 -26.0478429 6.82 T
161.6919061 -26.3971059 7.72 T
161.6937501 -25.5338888 7.55 T
161.7167865 -17.2970123 5.44 T
161.7431535 -15.7319172 7.24 T
161.8698724 -13.9793405 7.98 T
161.9012719 -15.6270585 7.74 T
161.9080447 -15.2620179 6.66 T
161.9173371 -15.2440527 7.59 T
161.9285421 -15.1097363 7.09 T
162.0220462 -26.3984816 7.95 T
162.2770660 -15.1646229 7.79 T
162.3124099 -26.8150528 7.80 T
162.6046136 -15.1047373 7.59 T
162.7255525 -14.8912082 7.53 T
162.7746872 -18.3321770 6.58 T
162.9115007 -22.0716543 7.94 T
163.1632800 -17.0310039 7.83 T
163.1691261 -16.5885118 7.69 T
163.1834598 -11.4225978 7.69 T
163.2347136 -17.2766741 7.21 T
163.2679406 -20.6298772 7.10 T
163.3735873 -20.1402225 5.29 T
163.3875356 -15.4462018 6.47 T
163.4860845 -12.4346267 7.40 T
163.4941504 -26.7460450 7.49 T
163.5740259 -13.7579733 5.74 T
163.6181862 -20.2339201 7.94 T
163.7981315 -20.6649414 6.57 T
163.8103030 -12.1216911 7.79 T
163.8679201 -26.9789776 7.21 T
163.9396757 -16.3669193 7.55 T
164.1912574 -17.4530061 7.98 T
164.4783593 -22.0208680 7.54 T
164.7366081 -19.6052429 6.97 T
164.8172600 -17.6233114 7.64 T
164.8505817 -26.7684545 7.66 T
164.8785889 -16.3537599 6.08 T
164.9405656 -18.2979800 4.20 T
164.9774957 -15.4297306 7.75 T
165.0486668 -14.0835729 6.04 T
165.1565293 -19.3427817 7.18 T
165.1835948 -25.7173919 7.83 T
165.2145881 -12.5585980 7.78 T
165.2396740 -15.7928952 6.48 T
165.3454792 -12.0595000 7.99 T
165.3705742 -16.9465850 7.64 T
165.6023582 -26.8323007 6.24 T
165.6110751 -21.4111613 7.38 T
165.7706290 -25.5749279 6.74 T
165.8114921 -11.3041236 5.62 T
165.8191921 -27.5179671 7.72 T
165.9022616 -13.4349396 6.44 T
165.9754330 -19.6499208 6.67 T
166.2227574 -11.7595932 7.97 T
166.3316007 -27.2936603 4.96 T
166.4901139 -27.2879652 5.70 T
166.6084314 -16.5311603 7.34 T
166.6259288 -13.4176812 7.43 T
166.6367027 -21.1668764 7.33 T
166.6729996 -13.0032880 6.55 T
166.7145396 -23.5557965 7.75 T
166.8363959 -15.3595356 7.86 T
166.9153572 -12.5860408 7.87 T
167.0419741 -21.5184916 7.63 T
167.2376601 -19.4165075 6.92 T
167.2715558 -20.5135485 7.71 T
167.3291697 -11.6778113 7.58 T
167.5208277 -25.6076806 7.37 T
167.5497077 -11.3606441 7.79 T
167.6329476 -25.9965098 7.34 T
167.7066765 -13.1144334 7.76 T
167.7680696 -11.2658191 7.74 T
167.9733841 -20.1478355 7.98 T
167.9908398 -26.8060014 6.53 T
168.0068695 -26.1370788 7.11 T
168.1263999 -18.5000118 6.11 T
168.1450890 -21.7493125 6.54 T
168.2108772 -13.9337511 7.14 T
168.2355203 -12.7854669 7.23 T
168.3019411 -26.4650099 7.32 T
168.4204840 -22.9987239 7.31 T
168.5149487 -15.4353560 7.84 T
168.5437707 -16.8858527 7.21 T
168.6578343 -26.0753511 7.74 T
168.8229197 -19.6374871 6.89 T
168.8484602 -11.5883872 7.11 T
168.9156559 -12.5926559 6.77 T
168.9269276 -22.9158279 7.09 T
169.0639432 -20.6901164 7.78 T
169.2018066 -14.5084187 7.51 T
169.2167426 -27.2395967 7.37 T
169.4461399 -22.1460094 7.57 T
169.6520300 -24.3432186 6.82 T
170.0487723 -19.5783344 7.60 T
170.0532561 -13.8845364 7.68 T
170.2866740 -14.0809703 7.47 T
170.3602912 -23.9944238 7.89 T
170.3780868 -12.6982939 7.92 T
170.4413850 -22.1052528 7.32 T
170.5669130 -25.1947871 7.96 T
170.7372615 -20.6254728 7.49 T
170.8259876 -23.7063255 7.26 T
170.8390892 -18.7801740 5.12 T
170.8817410 -17.6209313 7.87 T
170.9702390 -26.9578981 7.76 T
171.1006162 -22.0871687 7.73 T
171.1976502 -22.8327538 7.43 T
171.3128566 -18.6071780 7.05 T
171.4240241 -27.5486980 7.98 T
171.4262017 -14.5373036 7.31 T
171.4748321 -13.7513389 6.74 T
171.5078982 -20.5824710 6.73 T
171.6415102 -21.3564918 6.87 T
171.7600267 -19.2008367 7.36 T
171.7890237 -12.3565967 5.98 T
171.7948718 -15.6498415 7.78 T
171.8376980 -24.1697367 7.65 T
171.8502671 -18.5196814 7.66 T
171.8710089 -24.0859297 7.73 T
171.8753443 -12.4362767 7.48 T
171.9064385 -25.8606942 6.86 T
172.0547152 -15.8862596 7.19 T
172.0971300 -23.8268615 7.41 T
172.1864277 -26.3597172 7.89 T
172.2040848 -22.3958274 7.85 T
172.2175577 -16.5949269 7.71 T
172.3116772 -17.3581508 7.85 T
172.4104953 -24.4639728 5.82 T
172.4388967 -25.0019543 7.27 T
172.4974372 -17.8861067 7.87 T
172.5858931 -25.7985894 6.69 T
172.6617445 -13.0505911 7.10 T
172.7342433 -20.2002704 7.90 T
172.9472023 -20.7762536 6.29 T
173.0642027 -12.3965122 7.50 T
173.0964321 -26.7466775 6.36 T
173.2408608 -23.4438071 7.47 T
173.3119109 -16.2806071 6.11 T
173.5156995 -16.0459631 7.16 T
173.7282920 -12.0872252 7.34 T
173.7986453 -20.5579713 7.92 T
173.8866860 -12.4119820 7.19 T
174.1185212 -16.8506341 7.14 T
174.1898077 -24.4393266 7.15 T
174.2331903 -20.9684516 7.92 T
174.2491286 -22.9477654 6.66 T
174.3341300 -12.3477860 7.27 T
174.5200572 -18.1916558 7.42 T
174.6672296 -13.2012651 5.54 T
174.7251452 -21.1738534 7.91 T
174.7520661 -24.7225889 6.49 T
174.8428424 -24.8964310 7.72 T
174.8762630 -13.1852665 6.92 T
174.9596159 -16.6202765 6.37 T
174.9627625 -14.4686055 6.20 T
175.0009280 -26.6407763 7.98 T
175.2903971 -17.7056221 7.11 T
175.2950964 -16.6832680 7.70 T
175.3421843 -26.6669426 7.58 T
175.4914597 -24.3859539 6.92 T
175.5100243 -17.0163772 7.66 T
175.5146487 -20.2945056 6.31 T
175.8456004 -19.8234157 7.22 T
175.8775988 -15.0428162 6.90 T
175.9451818 -21.0382047 7.36 T
176.0987476 -20.6958090 6.86 T
176.1909346 -18.3508619 4.81 T
176.3669751 -21.4741652 7.87 T
176.5413683 -24.8737074 7.79 T
176.6161344 -24.9764329 7.74 T
176.6216195 -24.4844100 7.54 T
176.8326588 -25.9614181 7.36 T
176.8443631 -18.3809990 6.95 T
176.8620592 -19.1959763 7.95 T
176.9716120 -15.4617669 7.95 T
177.0388573 -16.5486515 7.94 T
177.1083920 -23.0904854 7.50 T
177.1271334 -25.0859293 7.97 T
177.1733633 -14.3449210 6.96 T
177.1875984 -26.7498366 5.29 T
177.6543455 -27.2778879 6.59 T
177.7711920 -27.0802726 7.29 T
158.9120833 -18.5691667 6.49 B
162.4062500 -16.1936111 3.11 B
164.9437500 -18.2988889 4.08 B
167.1829167 -28.0805556 5.44 B
167.9145833 -22.8258333 4.48 B
169.8354167 -14.7786111 3.56 B
170.8412500 -18.7800000 5.09 B
171.2204167 -17.6838889 4.08 B
