30.7998622 60.7038894 7.50 T
33.4233648 58.5605697 6.53 T
33.7212840 54.5316923 7.84 T
33.9909663 47.8116169 6.49 T
34.1499832 49.8198473 7.73 T
34.1933018 57.0293385 7.41 T
34.2154594 57.0552468 6.52 T
34.2398848 56.7187888 7.51 T
34.3911354 58.0196920 7.50 T
34.4967971 51.7818557 7.95 T
34.5002415 57.8998482 5.88 T
34.5189550 57.5163059 6.11 T
34.5472669 48.1481580 7.29 T
34.7685401 57.1355136 6.66 T
34.7948976 46.4722009 6.23 T
34.8081061 57.1692240 6.74 T
34.8194224 47.3799322 5.31 T
34.8435257 48.9559132 6.46 T
34.9075634 52.5614258 7.17 T
34.9351799 60.0295034 6.95 T
35.0376340 50.9578525 6.70 T
35.1731050 47.3107438 6.14 T
35.1787982 55.9090736 6.83 T
35.2429095 50.1512908 5.55 T
35.3044514 54.5100603 6.93 T
35.4809759 57.2429110 6.50 T
35.5893142 55.8456560 5.24 T
35.7517502 57.3869992 7.10 T
35.8183387 46.1398993 7.59 T
35.8345201 52.0830134 6.66 T
35.9655464 55.3648623 6.38 T
36.1040639 50.0063239 5.29 T
36.3051504 55.2545165 7.63 T
36.3167896 56.6098319 6.29 T
36.3612217 60.0052462 7.65 T
36.4061756 50.2785429 4.89 T
36.4174387 61.5495863 7.06 T
36.5769483 57.2283239 7.45 T
36.8566727 59.1050090 7.50 T
36.8943642 48.2317792 7.69 T
36.9660543 50.5694045 6.21 T
36.9992142 52.5493122 7.88 T
37.3543949 55.5363040 6.72 T
37.7119499 55.5477967 7.00 T
37.8150788 46.3948359 7.13 T
37.9723816 57.6976521 7.16 T
37.9763431 46.5852555 7.05 T
38.0368140 50.2170373 7.72 T
38.0513749 55.4578317 6.79 T
38.1660070 61.7340638 7.46 T
38.3064448 59.9993702 7.63 T
38.3285657 52.3089072 6.67 T
38.6677649 50.0657284 6.97 T
39.4006114 50.2373578 7.36 T
39.7435959 62.5913487 6.65 T
39.7652678 62.5753853 7.56 T
39.7872827 46.2033926 7.91 T
40.0050690 62.6018431 7.43 T
40.0873702 49.5601992 6.61 T
40.0909800 52.8039948 7.66 T
40.2822016 56.2700336 7.45 T
40.3047112 47.5713088 7.73 T
40.4207138 58.9773837 7.14 T
40.4280149 55.4815075 7.70 T
40.6021725 62.3584575 7.41 T
40.6493088 61.5931348 7.06 T
40.7485936 53.5259075 5.96 T
40.7577919 48.2652302 6.44 T
40.7622016 55.1058730 5.74 T
40.7886412 58.8894267 7.60 T
41.1387020 46.8408069 6.95 T
41.6493991 54.0777194 7.20 T
41.7903272 60.5707702 6.58 T
41.9808951 55.6133726 6.93 T
42.2092079 49.1838034 7.54 T
42.3780729 57.0842981 6.35 T
42.3964768 47.1424197 7.71 T
42.6382499 52.2829980 7.54 T
42.6657450 48.2907257 7.88 T
42.6744053 55.8954007 3.94 T
42.7832784 60.4177421 7.39 T
42.9236326 46.8417853 5.96 T
42.9407640 58.3142764 6.46 T
43.1666075 48.8163920 7.04 T
43.2165409 52.9973809 6.95 T
43.2165409 52.9973809 7.25 T
43.2399805 60.4713058 7.25 T
43.3378655 48.5698971 6.37 T
43.5041658 47.1608191 6.82 T
43.5945713 51.1668249 6.66 T
43.6346797 48.1450328 7.75 T
43.9082782 48.3401040 7.16 T
43.9890506 61.5213452 5.63 T
44.1387249 47.1640075 6.18 T
44.4078625 61.1287176 7.70 T
44.4750609 46.6610894 7.61 T
44.5559516 53.7934091 7.71 T
44.9473379 61.2899553 6.86 T
44.9575715 47.2208256 5.58 T
45.0176435 55.1878783 7.35 T
45.2231644 52.3519076 6.17 T
45.2241072 59.6658553 7.33 T
45.6019508 54.3631357 7.22 T
45.7184043 47.1101602 6.79 T
45.9520174 60.3123668 7.29 T
45.9863500 47.8484347 6.50 T
46.0496734 61.7014928 6.71 T
46.3848907 56.7061521 4.88 T
46.4175621 56.0688274 6.22 T
46.9472991 47.3087143 6.39 T
47.0162941 52.2133583 6.32 T
47.1088564 57.0122474 6.71 T
47.1124852 51.1662909 7.02 T
47.2118000 58.3475390 7.49 T
47.2257668 62.3846223 6.53 T
47.2789244 49.6127067 4.11 T
47.7507412 53.1432214 7.41 T
47.8822159 60.6349883 7.32 T
47.9290176 52.1633007 6.89 T
47.9957693 46.1284526 6.98 T
48.0469306 46.3858141 7.23 T
48.3496175 48.1768285 6.02 T
48.4599785 49.5687191 7.16 T
48.5163440 47.8025731 7.74 T
48.5222014 59.5634636 7.19 T
48.6399033 61.7156189 7.89 T
48.7109659 47.1549919 7.94 T
48.9102497 61.1279242 7.59 T
48.9498535 57.1406142 5.88 T
48.9532290 50.9556605 6.72 T
49.0508216 50.9375384 5.17 T
49.2048086 51.2180378 7.18 T
49.2489590 60.0674638 7.49 T
49.4141237 46.9489002 7.52 T
49.4305834 50.3608181 7.52 T
49.6574753 50.2220043 5.14 T
49.7820382 50.0947988 5.02 T
49.9471308 48.6277685 7.65 T
50.0263253 50.9685953 7.07 T
50.0988925 51.6181953 7.28 T
50.3094812 48.8294616 7.84 T
50.3294396 61.9991041 6.77 T
50.4706180 49.0705006 5.98 T
50.8051730 49.2130988 5.29 T
50.9474169 48.6042448 6.99 T
51.2172657 47.9149602 7.65 T
51.4500630 53.9212519 6.55 T
51.4822046 53.3226210 7.47 T
51.4892924 49.1205786 6.05 T
51.5068771 51.4190436 7.38 T
51.5186816 49.7455991 7.16 T
51.5454579 48.3838561 7.50 T
51.6646347 50.8463251 7.63 T
51.7027564 60.4049615 7.59 T
51.7095650 47.9159516 7.73 T
51.7717600 48.2053466 6.84 T
51.9125958 49.5997603 6.92 T
51.9826345 47.7357567 7.25 T
52.0130092 49.0627068 4.96 T
52.0985531 60.2555400 6.50 T
52.2182404 49.8482194 5.56 T
52.2237919 49.0701211 7.47 T
52.2820621 48.3027283 7.37 T
52.3420645 49.5087993 4.71 T
52.3420645 49.5087993 7.34 T
52.3597280 46.9376970 6.23 T
52.4584918 47.9766443 7.66 T
52.4663292 49.2132743 7.31 T
52.5457087 59.3656082 6.42 T
52.6125110 47.0632455 7.06 T
52.6437106 47.9953183 4.49 T
52.6541966 48.1034514 5.81 T
52.7770477 50.4813457 7.40 T
52.8720984 49.2097483 6.28 T
52.8882746 47.8622576 6.76 T
52.9543174 49.4010780 6.42 T
52.9750280 48.7349681 6.61 T
53.0360540 48.0233283 5.44 T
53.3384491 47.9499366 6.63 T
53.3843637 58.7649669 6.43 T
53.4122872 54.9748520 5.98 T
53.4219316 57.8689496 6.43 T
53.5542337 48.6173023 7.38 T
53.7537553 60.0416109 6.79 T
53.9938993 47.0908770 6.87 T
54.0914087 55.8867563 6.82 T
54.1225881 48.1924491 4.29 T
54.4338920 56.7393823 6.56 T
54.5543120 49.0829943 7.18 T
54.5651082 47.5768101 7.44 T
54.5825237 56.9324989 6.26 T
54.6123445 49.2055663 6.87 T
54.9384669 56.3830201 6.52 T
55.3002079 58.8445309 6.87 T
56.1704294 46.0996695 6.13 T
56.1713476 50.5427534 7.57 T
56.2453447 61.4636148 7.69 T
56.4607822 55.0636255 6.86 T
58.0858968 62.3447680 6.75 T
59.2846537 61.1088522 5.25 T
30.5754167 54.4875000 5.04 B
32.5325000 53.8430556 6.31 B
41.0500000 49.2283333 4.12 B
43.5645833 52.7625000 3.95 B
43.9870833 61.5211111 5.59 B
44.1033333 64.3325000 6.24 B
44.2108333 51.2608333 6.22 B
45.2175000 52.3516667 5.28 B
46.1991667 53.5063889 2.93 B
46.8291667 64.0577778 5.89 B
47.2666667 49.6133333 4.05 B
47.3741667 44.8572222 3.80 B
48.1100000 47.7258333 6.33 B
51.0808333 49.8611111 1.79 B
52.2670833 59.9402778 4.21 B
52.4787500 58.8786111 4.54 B
52.5008333 55.4519444 5.09 B
56.8841667 55.9225000 6.10 B
57.3316667 57.1180556 6.46 B
