58.9322456 -17.6989857 7.76 T
59.1153383 -13.5975112 6.58 T
59.1321536 -10.8530032 6.62 T
59.1583260 -9.7508096 6.21 T
59.5077529 -13.5092135 3.13 T
59.6583085 -2.6515159 7.72 T
59.6668478 -3.6651671 7.19 T
59.7180326 -5.4710291 5.95 T
59.8755485 -12.5746492 5.76 T
60.3837177 -1.5497347 5.24 T
60.5719620 -1.6328977 7.77 T
60.9947597 -6.0518818 7.86 T
61.0369153 -16.5891127 6.51 T
61.0947428 -12.7921910 5.73 T
61.1243093 -6.1728294 7.98 T
61.2224064 -2.4271794 7.06 T
61.4855851 -8.8561567 6.27 T
61.7457818 -15.9893921 7.87 T
61.7515296 -10.0013949 6.95 T
61.8155107 -9.7578787 6.88 T
61.8719443 -6.0072444 6.92 T
62.1939740 -8.6702980 7.14 T
62.2645345 -15.8908893 7.59 T
62.3243048 -16.3858490 5.41 T
62.3352038 -7.9292604 7.23 T
62.4206202 -7.8921928 7.12 T
62.4377600 -12.5608882 7.72 T
62.4548108 -3.5734570 6.85 T
62.5938570 -6.9239262 5.55 T
62.6196141 -15.0287352 7.69 T
62.6859209 -4.8757598 7.43 T
62.6993277 -8.8198023 5.81 T
62.7704400 -5.2707604 7.97 T
62.8566699 -15.9683564 7.16 T
62.9664846 -6.8370692 4.07 T
62.9843430 -8.8374557 6.55 T
63.0012575 -17.2750603 6.50 T
63.0224230 -13.2230876 7.95 T
63.0846624 -4.4102300 6.88 T
63.1377326 -2.5119385 7.54 T
63.2344398 -6.3890419 6.88 T
63.2605390 -4.3119739 7.92 T
63.5986210 -10.2572660 5.03 T
63.7510771 -16.1809239 7.01 T
63.8614185 -16.4451714 6.84 T
64.1393849 -6.7276531 7.96 T
64.1500153 -10.0856092 7.50 T
64.3300021 -6.4722143 6.05 T
64.5592176 -14.6387887 6.97 T
64.7541192 -17.8508727 7.41 T
64.8790604 -8.1196011 6.94 T
64.9723690 -14.5914890 7.86 T
64.9735798 -12.3990930 6.83 T
64.9874613 -4.4389925 7.89 T
65.0379631 -16.4373453 6.79 T
65.0605712 -3.7533432 7.96 T
65.0639083 -2.6285813 7.17 T
65.1615899 -6.2463374 6.25 T
65.1785025 -7.5924973 5.82 T
65.2566936 -3.7188855 7.52 T
65.3768036 -6.0734472 7.34 T
65.3965636 -8.1086320 7.48 T
65.4063220 -6.2842335 6.44 T
65.5424975 -4.6771164 7.94 T
65.8322498 -7.7045169 7.30 T
65.9199190 -3.7458272 5.17 T
65.9634577 -14.0153994 7.98 T
66.1910315 -9.2235436 7.71 T
66.3224802 -5.6519532 7.57 T
66.4149333 -1.4110369 6.85 T
66.4247292 -2.2324291 7.47 T
66.4263219 -9.9266509 6.84 T
66.4323991 -5.1530990 7.45 T
66.6101952 -10.5511941 7.89 T
66.6712692 -6.4039935 7.59 T
66.6919352 -6.8824757 7.30 T
66.8361423 -5.8440656 7.75 T
66.9478576 -11.1242843 7.09 T
67.0168236 -12.0020845 7.56 T
67.0298251 -15.1801297 6.79 T
67.0450339 -12.2652813 8.00 T
67.1632956 -11.9584336 7.73 T
67.2285036 -11.0584000 7.77 T
67.2788432 -13.0483819 5.55 T
67.3443987 -14.0535095 7.84 T
67.5417971 -13.5923668 6.33 T
67.7587439 -4.9608371 7.95 T
67.8055818 -4.8605034 7.86 T
67.8576032 -13.6444919 6.26 T
67.9881354 -12.6326296 7.22 T
68.0894453 -5.0392208 7.68 T
68.1565842 -3.2096370 5.73 T
68.2761624 -12.5436262 6.79 T
68.3420453 -10.7851361 6.21 T
68.3817711 -6.9879427 6.74 T
68.4102947 -8.2557067 6.61 T
68.4350214 -5.3100706 6.78 T
68.4780092 -6.7389540 5.72 T
68.5483183 -8.2313324 5.39 T
68.5488213 -8.9709594 5.40 T
68.5590194 -6.8380411 6.22 T
68.8054671 -9.7370913 7.64 T
68.8090261 -9.7364380 6.71 T
68.8379906 -8.2916942 7.80 T
68.8398604 -4.7365064 7.95 T
69.0069749 -3.6116701 6.32 T
69.0080110 -2.2303406 7.66 T
69.0801379 -17.4442930 8.00 T
69.2085849 -8.4604799 7.07 T
69.4008215 -2.4739482 5.24 T
69.4284305 -2.6466683 7.26 T
69.4991863 -13.0290104 7.33 T
69.4996655 -13.0324583 7.85 T
69.5178971 -17.8161514 7.71 T
69.5446094 -14.3050222 4.02 T
69.5446094 -14.3050222 6.95 T
69.5484419 -13.2583758 7.37 T
69.6423568 -9.3431733 7.71 T
69.7189879 -8.2249549 7.26 T
69.7227386 -12.1232373 5.01 T
69.8329123 -14.3599779 5.58 T
70.2708588 -6.7475366 7.18 T
70.3915938 -14.6880080 7.46 T
70.4250817 -12.4756890 6.66 T
70.6681380 -5.7573070 7.13 T
70.7820436 -6.4711015 7.40 T
70.8950126 -8.7945159 6.78 T
70.8967175 -8.7964043 6.74 T
70.9409735 -10.6821782 7.95 T
71.0221858 -8.5035620 5.76 T
71.1412611 -16.0648505 7.60 T
71.4581778 -2.9086337 7.26 T
71.4985801 -6.9888079 7.58 T
71.5275480 -12.9753044 7.99 T
71.5395730 -11.5611654 7.66 T
71.6008010 -2.9548711 6.32 T
71.9020658 -16.9333929 5.56 T
72.0576277 -9.5067119 7.14 T
72.1356119 -16.3292369 5.82 T
72.1535794 -5.6755973 5.84 T
72.1620971 -16.1663135 7.42 T
72.3063536 -4.9864701 7.13 T
72.3291238 -9.0094003 7.42 T
72.4252358 -13.7707500 6.32 T
72.4276546 -6.4169667 7.84 T
72.5283568 -15.8045045 6.84 T
72.5486950 -16.2168257 5.14 T
72.6162306 -3.8652352 7.49 T
72.9134920 -10.2903604 7.22 T
72.9190146 -8.4012466 7.17 T
72.9227534 -11.9475234 7.57 T
73.0818977 -7.8958578 7.41 T
73.0869840 -7.7094302 7.41 T
73.0920574 -3.1730193 7.59 T
73.1021958 -13.2704669 7.84 T
73.1452473 -10.4886731 7.82 T
73.2235072 -5.4525514 4.39 T
73.6135906 -5.4206363 7.43 T
73.6167440 -3.2259252 6.58 T
73.7784751 -16.7407162 5.79 T
73.8277717 -16.4174735 5.81 T
73.8913413 -6.1076475 7.67 T
73.9399907 -7.8938000 7.99 T
73.9941580 -14.8736877 7.68 T
74.0203264 -5.3228385 7.84 T
74.0525378 -17.7363183 7.47 T
74.1007662 -5.1713616 5.46 T
74.1094800 -15.3806768 7.68 T
74.1863591 -4.7811178 7.95 T
74.1996134 -16.1351198 7.45 T
74.2448714 -8.4588628 6.91 T
74.4359259 -13.7049972 7.58 T
74.4361830 -14.2320139 6.11 T
74.4516946 -4.6550816 7.77 T
74.4765287 -6.1023840 7.25 T
74.5435536 -16.7801382 6.68 T
74.5455490 -2.2126564 6.35 T
74.6096010 -3.7326461 7.03 T
74.6512401 -14.7840297 7.40 T
74.6862032 -17.8066673 7.19 T
74.7547821 -16.3751383 5.75 T
74.7743390 -2.1365866 7.54 T
74.8606992 -9.1662361 7.25 T
74.9603668 -10.2641601 5.48 T
74.9824945 -12.5379618 4.80 T
75.0492589 -6.3009939 7.83 T
75.1657926 -2.0660450 6.34 T
75.1685596 -13.5036525 7.49 T
75.2076239 -5.7606165 6.35 T
75.2625351 -11.2080687 7.33 T
75.3597596 -7.1739339 4.75 T
75.3682655 -10.6493512 7.51 T
75.4484014 -10.9337650 6.85 T
75.5041904 -5.5012547 6.67 T
75.6578417 -8.8942246 7.34 T
75.6894238 -4.2101245 5.99 T
75.7028504 -8.2094435 7.79 T
75.7579906 -8.6631927 7.11 T
75.9671991 -14.3702191 6.38 T
75.9860311 -14.5562024 6.84 T
63.8179167 -7.6527778 4.43 B
69.0795833 -3.3525000 3.93 B
72.1512500 -5.6738889 5.78 B
77.0841667 -8.6650000 5.78 B
77.2866667 -8.7541667 4.27 B
