337.4392147 -43.7491914 4.33 T
337.5658866 -42.2910816 6.91 T
337.6788531 -44.0935835 6.94 T
337.7457163 -48.3159394 7.72 T
337.7502442 -49.4344745 6.88 T
337.9491463 -46.5798006 7.29 T
337.9935452 -43.5480515 7.61 T
338.0477878 -43.2630167 7.01 T
338.4781387 -44.6906148 6.89 T
338.6991997 -45.7844250 7.81 T
338.8950352 -38.7241280 7.80 T
339.1224974 -40.5831280 6.29 T
339.1626503 -48.3060590 6.87 T
339.1799388 -43.4710209 6.83 T
339.2456169 -40.5914482 5.88 T
339.4487629 -39.8571004 6.65 T
339.5194592 -46.7101642 7.73 T
339.6042381 -34.7076022 7.91 T
339.7314547 -38.4774699 6.72 T
339.7355344 -39.1549604 7.06 T
339.9926097 -35.1748827 7.22 T
340.0306824 -49.5986618 7.48 T
340.2207642 -45.5065264 7.94 T
340.6536936 -47.2128463 6.06 T
340.6681025 -46.8846159 2.29 T
340.6798063 -44.2478091 6.17 T
340.8209576 -40.0093934 7.90 T
340.8749933 -41.4149331 4.95 T
340.8761964 -40.1289736 7.77 T
341.2046153 -40.7683608 7.18 T
341.4196638 -46.5474076 5.65 T
341.5354606 -48.9791307 6.70 T
341.6187210 -49.6875096 6.62 T
341.6824574 -46.9393712 6.64 T
341.7881822 -41.6918109 6.98 T
341.8177145 -39.4564468 7.97 T
341.8293652 -34.1615509 6.42 T
341.8611183 -44.9650821 7.28 T
341.8675784 -34.8260186 7.38 T
341.9459640 -38.2225886 6.77 T
342.0300832 -37.7566473 7.56 T
342.1258417 -43.4465163 7.17 T
342.1699938 -34.7730646 7.71 T
342.2724764 -39.8734301 7.93 T
342.3683982 -34.9843827 7.87 T
342.5407684 -41.4914033 7.86 T
342.7591400 -39.1568816 5.57 T
342.8347334 -41.5820867 7.63 T
342.9408515 -35.8886674 7.51 T
343.0381106 -38.9521572 7.72 T
343.0449567 -34.6342638 7.87 T
343.0772310 -47.5752257 7.40 T
343.1086264 -39.3005449 7.98 T
343.1100760 -45.9916446 7.42 T
343.1132224 -47.9930523 7.60 T
343.3151695 -45.1477812 6.97 T
343.3777742 -39.4198270 7.45 T
343.4101124 -48.5987914 6.09 T
343.7972245 -46.6794832 7.65 T
343.8124474 -36.3885736 6.56 T
343.8145130 -48.4914066 6.71 T
343.8151651 -48.4653880 7.14 T
343.8761139 -46.3281636 7.57 T
343.9772068 -41.0965985 6.84 T
343.9846261 -42.5523856 7.27 T
344.0482198 -38.0765702 7.84 T
344.1989453 -47.9692069 5.74 T
344.4724103 -37.9350518 7.40 T
344.4937360 -45.1585827 7.77 T
344.6458064 -35.5239291 6.21 T
344.6524172 -45.5190323 7.78 T
344.8119758 -45.1891788 7.31 T
345.0121156 -46.4923059 7.88 T
345.1004574 -41.1514801 7.19 T
345.1987472 -49.4517043 7.35 T
345.2338325 -48.9433428 7.70 T
345.2838416 -45.2054702 7.50 T
345.4442731 -44.8411036 7.58 T
345.6139334 -45.3040308 7.25 T
345.6326213 -49.6980397 7.84 T
345.6423278 -36.4210878 6.64 T
345.7368894 -47.8484120 6.63 T
345.7991962 -47.2558062 7.85 T
345.8688801 -43.0792799 7.83 T
345.8740359 -38.4334364 7.42 T
345.8747807 -34.7489172 5.16 T
345.9275566 -40.8170389 7.04 T
345.9986116 -41.4785465 5.92 T
346.2634625 -43.0271712 7.83 T
346.4279824 -43.0784092 7.46 T
346.4904899 -39.4188262 7.84 T
346.6627722 -43.5038788 7.78 T
346.7193323 -43.5204327 4.45 T
346.7193323 -43.5204327 6.60 T
346.7237054 -38.8922609 5.70 T
346.7894459 -49.6061298 6.48 T
346.8576230 -34.2095260 7.66 T
347.2671660 -45.5117159 7.56 T
347.4863844 -42.8614064 5.88 T
347.5407509 -40.5918325 6.13 T
347.5803097 -42.7536324 7.72 T
347.5909234 -45.2469022 3.99 T
347.5994356 -40.0331637 7.39 T
347.7311218 -33.6242357 7.88 T
348.0126339 -43.9876529 7.29 T
348.3140827 -49.6186458 6.91 T
348.7451670 -41.1060893 5.90 T
349.1658251 -44.4892247 6.04 T
349.2073959 -41.1942897 6.60 T
349.3731555 -45.2319573 7.83 T
349.5016885 -48.1130661 7.38 T
349.5422475 -40.8251174 5.59 T
349.6920634 -47.4354079 6.58 T
349.8496589 -36.1303931 7.91 T
349.8578482 -39.1586609 7.05 T
349.9251181 -41.0832351 7.23 T
349.9301071 -33.7082728 6.50 T
349.9990431 -47.5401125 6.97 T
350.1052842 -43.1495392 7.85 T
350.3694108 -44.9107956 7.77 T
350.5588720 -43.1867739 7.40 T
350.8270109 -41.6011140 7.16 T
350.9394288 -43.1243540 6.28 T
350.9952943 -43.6002465 7.58 T
351.1107822 -37.2009726 7.35 T
351.3098241 -36.1854907 7.87 T
351.9045709 -33.6287040 7.58 T
352.0029070 -35.5444750 6.47 T
352.1045218 -38.6455365 7.45 T
352.2537817 -44.4981711 6.57 T
352.4594373 -45.8944908 7.93 T
352.6417450 -41.9893065 6.91 T
352.6427084 -36.9574155 7.87 T
352.8627419 -44.8437223 6.13 T
352.9652185 -41.7523139 6.70 T
353.1694915 -45.1213944 6.92 T
353.2434352 -37.8180710 4.35 T
353.4437868 -36.2638744 7.29 T
353.7102921 -42.6842926 6.68 T
353.7267604 -35.0853865 7.20 T
353.7693877 -42.6150593 4.71 T
353.9524552 -38.9539073 7.80 T
354.1426388 -44.8929826 6.93 T
354.4631086 -45.4924103 4.74 T
354.5113390 -41.5642591 7.93 T
354.7327697 -45.6119786 7.05 T
354.8668629 -46.6376115 6.53 T
355.0000040 -47.3265049 7.17 T
355.2542577 -37.8682349 7.82 T
355.4887446 -42.2690137 7.22 T
355.7745269 -46.3120455 6.74 T
355.7799851 -36.7849493 7.48 T
355.9755528 -45.4629739 6.95 T
356.0084061 -45.0831120 6.19 T
356.0472349 -40.6859232 7.62 T
356.0653325 -43.0240159 7.79 T
356.5060773 -40.1827865 6.33 T
356.6361028 -44.8287938 7.61 T
356.6391845 -41.5872280 7.34 T
356.8331540 -48.2768995 6.96 T
357.2010442 -47.6500457 6.75 T
357.2327245 -46.8420836 7.16 T
357.4775894 -42.3007978 7.44 T
357.6485816 -47.3767596 6.61 T
357.7543618 -48.6594820 6.98 T
357.7617574 -41.5999650 7.91 T
357.8350651 -36.0350333 7.93 T
357.8402579 -42.3726535 7.60 T
357.9146586 -34.6917754 6.80 T
357.9293106 -40.8280633 6.78 T
357.9440432 -42.6728607 7.34 T
358.6639427 -40.2998612 6.08 T
359.1792245 -42.1956382 7.92 T
359.3328910 -46.1101099 7.77 T
359.7906376 -42.2367269 6.80 T
347.4887500 -42.8605556 5.81 B
349.7058333 -32.5319444 4.41 B
351.7879167 -50.1572222 6.20 B
356.0058333 -45.0833333 6.09 B
356.8166667 -50.2266667 5.18 B
359.7325000 -52.7458333 5.13 B
