327.9934822 -30.3164214 7.92 T
328.3111884 -36.8969438 7.07 T
328.4253361 -28.6719794 7.90 T
328.4830079 -37.3649985 2.97 T
328.5795767 -36.0617259 6.89 T
328.8377503 -33.0064460 7.54 T
328.9822034 -30.6060338 6.52 T
329.0946800 -37.2537114 5.45 T
329.1249604 -25.4995153 7.81 T
329.1628389 -31.3901534 7.89 T
329.2315676 -35.3598327 7.44 T
329.2590248 -37.7468066 6.21 T
329.2590564 -26.4798266 7.69 T
329.2594784 -37.6588138 7.28 T
329.3335011 -37.7643426 7.54 T
329.6601887 -32.3554653 7.92 T
329.8236559 -22.8717144 7.46 T
329.8241370 -23.8336147 7.04 T
329.8775166 -29.0566949 7.17 T
329.8950048 -27.6305789 7.26 T
329.9488278 -28.6189340 7.45 T
329.9814155 -31.5258581 7.04 T
330.1762087 -23.2976619 7.87 T
330.2094197 -28.4537597 5.70 T
330.2094197 -28.4537597 6.77 T
330.2463976 -36.5565383 6.84 T
330.3641982 -33.8362999 7.37 T
330.5186195 -34.3831266 7.78 T
330.5197993 -35.5461983 7.49 T
330.5549482 -23.6166915 7.61 T
330.6372154 -32.1336082 6.69 T
330.6719462 -27.3675852 7.06 T
330.7858113 -27.0512896 7.78 T
330.8198868 -31.4452575 7.37 T
330.8220112 -29.9047083 7.18 T
330.9130176 -29.3465731 7.36 T
331.0413499 -21.7798909 7.88 T
331.0993341 -29.9165146 6.64 T
331.1255126 -25.8830779 6.85 T
331.1532893 -26.8224269 5.93 T
331.1629647 -28.4348832 7.09 T
331.5565521 -29.0709370 7.58 T
331.5606411 -28.7042994 7.58 T
331.7234538 -29.6133718 7.91 T
331.8130951 -22.2405654 6.93 T
331.9063248 -24.3939747 7.94 T
331.9345228 -28.1475920 7.17 T
332.0614212 -23.7321039 7.94 T
332.0808893 -34.5563701 7.20 T
332.0964389 -32.9886416 4.50 T
332.1080925 -34.0441443 5.15 T
332.1777817 -33.1255358 6.41 T
332.1912506 -25.7705649 7.14 T
332.2250316 -32.4932960 7.97 T
332.2485625 -36.0562736 7.56 T
332.3709057 -23.6590853 6.46 T
332.4819847 -34.0147981 5.40 T
332.5008560 -28.2922867 6.46 T
332.5397633 -32.5483189 4.99 T
332.6348788 -33.8277197 7.65 T
332.6564679 -37.7502636 7.12 T
332.8620357 -38.0464044 7.88 T
332.8632081 -27.1525934 6.99 T
332.9085105 -34.4651743 7.06 T
333.1538192 -27.0851727 7.52 T
333.2393468 -26.3279692 6.21 T
333.2724405 -26.4965194 7.75 T
333.3502670 -37.4841442 7.82 T
333.4356346 -25.1808475 5.64 T
333.4714561 -34.7598393 7.69 T
333.5782861 -27.7668933 5.41 T
333.6972121 -24.0047852 6.92 T
333.7951703 -25.9669205 7.96 T
334.0302866 -23.0092810 7.44 T
334.1563533 -25.8982367 6.27 T
334.2498570 -23.1406539 6.29 T
334.2919610 -34.7610435 6.96 T
334.3233146 -27.3903399 7.17 T
334.3809727 -23.1145950 7.74 T
334.4072539 -31.7659466 7.21 T
334.5478955 -22.2986702 7.67 T
334.5707548 -36.5958847 7.36 T
334.6206400 -23.3314430 7.36 T
334.8326371 -28.2086024 7.02 T
334.9497765 -27.3887582 7.89 T
335.0039857 -22.0191094 7.80 T
335.1850284 -34.5167686 7.06 T
335.4795748 -25.3652947 7.68 T
335.4901081 -34.5200466 7.47 T
335.5191962 -34.4887542 7.47 T
335.8129257 -25.8428544 7.96 T
335.8791985 -24.7626807 5.63 T
336.1412405 -23.3674614 7.48 T
336.1615635 -33.2699593 7.94 T
336.1936214 -26.8601010 7.21 T
336.2760164 -37.8294509 7.46 T
336.5406673 -29.0823969 7.97 T
336.5441831 -28.0126369 7.48 T
336.5446825 -23.6824605 6.27 T
336.8798828 -31.5543960 7.76 T
336.9137136 -26.4188734 7.23 T
337.1763459 -33.7705907 7.75 T
337.2054415 -22.0703176 7.41 T
337.2805791 -36.9699833 7.74 T
337.3150859 -30.0234451 7.77 T
337.3577687 -28.6596784 7.34 T
337.3851178 -33.8512425 7.66 T
337.4425471 -27.1073398 5.99 T
337.4685442 -23.8558685 7.97 T
337.7243397 -26.0742251 6.55 T
337.7547364 -31.0259436 7.47 T
337.8768284 -32.3462073 4.28 T
337.8781044 -32.3545439 7.12 T
337.9388835 -35.2904552 6.70 T
338.3214166 -35.1388659 7.24 T
338.3803961 -35.4453982 7.89 T
338.3898793 -29.6649098 7.53 T
338.4403418 -33.8764546 7.97 T
338.5086549 -35.6037355 7.96 T
338.5218006 -32.1421986 6.66 T
338.6125792 -34.6753018 6.96 T
338.9017268 -23.9911333 6.08 T
338.9490702 -30.3357276 7.87 T
339.1473703 -31.6640352 5.93 T
339.1634794 -31.6417256 7.55 T
339.5095748 -33.4704918 7.57 T
339.5490545 -27.4433370 7.96 T
339.5518759 -25.6567090 7.85 T
339.6042381 -34.7076022 7.91 T
339.6858022 -28.7482999 6.57 T
339.7144648 -33.0812541 5.67 T
339.9347761 -28.3259224 6.42 T
339.9442595 -28.3484814 7.50 T
339.9926097 -35.1748827 7.22 T
340.0281598 -29.9458612 7.46 T
340.0921469 -30.6601751 6.02 T
340.0933405 -32.6386123 7.88 T
340.1641157 -27.0436276 4.16 T
340.1835236 -29.6745933 7.96 T
340.2324220 -31.9899295 7.49 T
340.2682303 -23.5215868 7.16 T
340.3457982 -25.3502513 7.42 T
340.3587873 -27.2571410 7.81 T
340.4755882 -30.0285591 7.88 T
340.5921461 -29.3611638 6.35 T
341.3856352 -25.2368793 6.55 T
341.4265435 -26.9794068 7.92 T
341.7270580 -33.1824525 6.92 T
341.7907344 -32.6760202 7.67 T
341.8293652 -34.1615509 6.42 T
341.8675784 -34.8260186 7.38 T
341.9459640 -38.2225886 6.77 T
341.9849119 -25.9127456 6.41 T
342.0300832 -37.7566473 7.56 T
342.1173092 -27.5650524 6.93 T
342.1699938 -34.7730646 7.71 T
342.3214442 -23.0925646 7.06 T
342.3683982 -34.9843827 7.87 T
342.4965136 -32.8056318 6.37 T
342.8236316 -23.7653052 7.67 T
342.8371829 -29.5364037 6.09 T
342.9408515 -35.8886674 7.51 T
343.0449567 -34.6342638 7.87 T
343.1311208 -32.8758282 4.50 T
343.1758842 -29.1816981 7.81 T
343.3477841 -23.9292764 7.98 T
343.3616463 -28.4157804 7.83 T
343.5808540 -24.9799091 7.54 T
343.7286476 -22.3702273 6.82 T
343.8124474 -36.3885736 6.56 T
343.9645998 -31.6333159 6.23 T
343.9871975 -32.5394411 4.32 T
344.0482198 -38.0765702 7.84 T
344.1026808 -31.5665421 6.60 T
344.4287557 -27.9661113 7.74 T
344.4405364 -33.1964696 7.95 T
344.4519387 -26.1099741 7.68 T
344.4724103 -37.9350518 7.40 T
344.6458064 -35.5239291 6.21 T
344.6942865 -23.4493716 7.99 T
344.8989334 -29.4622854 5.54 T
345.0243793 -25.1646737 5.80 T
345.0811137 -26.1547631 7.56 T
345.1033050 -25.6271078 6.42 T
345.3311987 -28.8540920 5.70 T
345.3461942 -22.7910507 6.29 T
345.3940786 -22.4197233 7.47 T
345.6423278 -36.4210878 6.64 T
345.7944720 -31.1428459 7.93 T
345.8747807 -34.7489172 5.16 T
345.9091012 -26.8132556 7.02 T
345.9346331 -30.4447179 6.89 T
346.0151919 -22.7100746 7.71 T
346.0478069 -22.2353415 7.58 T
346.1675716 -32.8199973 7.90 T
346.2089974 -27.1360790 6.99 T
346.3142104 -24.3497494 7.16 T
346.3567779 -22.4868712 7.70 T
346.7419156 -30.0481719 6.62 T
346.8576230 -34.2095260 7.66 T
332.5366667 -32.5483333 4.92 B
335.3983333 -21.5983333 5.13 B
337.1633333 -39.1319444 5.47 B
338.6733333 -20.7083333 5.20 B
344.1000000 -31.5655556 6.48 B
344.4129167 -29.6222222 1.16 B
347.0875000 -28.8233333 5.60 B
347.6941667 -29.5250000 6.51 B
