59.2573804 6.0395405 6.08 T
59.9196211 10.3303521 6.39 T
59.9232718 1.7948027 7.28 T
60.1537071 17.2964690 6.31 T
60.1700114 12.4902725 3.39 T
60.4423025 9.9980321 5.69 T
60.6217619 3.8471934 6.91 T
60.7412443 8.1400066 7.37 T
60.7485315 9.2074719 6.96 T
60.7891118 5.9892895 3.89 T
60.8291960 3.0778126 7.17 T
60.9358754 5.4355787 5.29 T
60.9868915 8.1974404 5.48 T
61.0085734 3.8406171 7.99 T
61.0420744 2.8261464 5.40 T
61.4231587 10.0371498 6.84 T
61.5957910 14.4026039 7.36 T
61.7967102 12.2680288 7.71 T
61.9257903 15.1626752 6.11 T
61.9777551 16.5305327 7.62 T
61.9976183 17.3398193 6.10 T
62.2063562 17.2914061 7.65 T
62.2566465 13.3982011 5.93 T
62.3636199 6.7247131 6.74 T
62.4288819 3.3223234 6.53 T
62.7298235 15.9465881 7.19 T
62.7641608 16.6469927 7.02 T
62.7937498 15.6261970 7.76 T
62.8354366 5.5230804 5.74 T
63.0686688 9.6500826 7.62 T
63.1309735 17.2773392 6.21 T
63.3802018 8.8901099 6.54 T
63.3879255 7.7160861 5.33 T
63.3941831 10.2123273 6.25 T
63.4577384 12.7535933 6.36 T
63.4848509 9.2636232 5.05 T
63.4848509 9.2636232 7.32 T
63.5042727 11.0272211 7.49 T
63.5783998 12.3477313 6.82 T
63.6438584 10.7013545 7.16 T
63.6509249 10.0113239 5.20 T
63.7538288 10.7480335 7.71 T
63.7783429 3.2464396 7.51 T
63.7858340 3.9573107 7.72 T
63.8568006 6.1989483 7.01 T
63.8628613 4.0093876 7.37 T
63.8693000 6.1861989 6.38 T
63.8837055 8.8922229 4.27 T
63.9435941 15.4005584 6.35 T
64.2027366 16.2142437 6.70 T
64.2974862 5.0244844 7.01 T
64.6026510 9.4870629 6.56 T
64.7456784 1.7503693 7.84 T
64.9491023 15.6275028 3.75 T
64.9793339 16.5224444 6.93 T
64.9911856 14.0350870 5.61 T
65.0692671 7.8536512 7.97 T
65.1519890 15.0953119 5.28 T
65.1717639 6.1305150 5.86 T
65.2048484 9.2248947 6.54 T
65.2203510 13.8643020 6.21 T
65.3956534 14.4096744 6.63 T
65.4389019 13.5849333 7.38 T
65.4430844 2.3892307 6.99 T
65.5153910 14.0770595 5.75 T
65.6847779 15.0559597 7.31 T
65.7344254 17.5423378 3.86 T
65.7408563 2.8996468 7.57 T
65.8203189 11.3776873 6.95 T
65.8551268 16.7770945 5.66 T
65.9658005 9.4609244 5.11 T
66.0247211 17.4439332 4.81 T
66.0934486 17.0787869 7.00 T
66.1752329 10.0463642 7.24 T
66.4061719 15.9408659 6.49 T
66.4730607 17.4475674 7.56 T
66.4895040 5.1501674 7.41 T
66.5871354 15.6181164 4.50 T
66.5879479 8.5902320 6.05 T
66.6515106 14.7135959 4.79 T
66.7533581 2.0790548 6.34 T
66.8427494 7.0624736 7.61 T
66.8698598 11.2122396 5.87 T
66.9002234 15.5890403 7.46 T
67.0122518 10.0720641 7.51 T
67.0153396 1.8586300 6.25 T
67.0222148 8.1547447 7.01 T
67.0981807 14.7408572 5.93 T
67.1099057 16.3598042 5.09 T
67.1339530 1.3806969 5.52 T
67.1444385 15.9620062 3.94 T
67.1662938 15.8707131 3.41 T
67.2096893 13.0475106 5.03 T
67.2497328 16.1589336 6.64 T
67.3363023 17.5447459 7.07 T
67.4285654 10.5218814 6.78 T
67.4505745 17.6775667 7.79 T
67.5093840 10.2617200 6.58 T
67.5365528 15.6376700 5.70 T
67.6408150 16.1938587 4.79 T
67.6563817 13.7242768 5.42 T
67.6627208 15.6917076 5.48 T
67.6956727 16.1485231 6.54 T
67.7388630 10.7516940 7.08 T
67.9602959 5.7643157 6.67 T
67.9663550 15.8513732 6.04 T
68.0207432 5.4100661 6.41 T
68.4087747 16.3232511 6.61 T
68.4450013 13.2517729 6.66 T
68.4506909 9.4134237 6.13 T
68.4628272 14.8442621 4.67 T
68.5343596 5.5685755 5.68 T
68.9139360 10.1604740 4.27 T
69.0389090 8.2258633 7.82 T
69.0817601 11.4124948 6.76 T
69.1703191 15.8692013 6.68 T
69.2295961 15.2609971 7.39 T
69.2842153 10.8417580 7.56 T
69.4052729 4.9827448 7.66 T
69.4764257 7.3176282 6.98 T
69.5398846 16.0331757 5.81 T
69.5400762 12.5107386 4.28 T
69.6509804 8.1751191 7.63 T
69.7762434 7.8709591 5.40 T
69.7857240 13.0025847 7.25 T
69.7886493 15.7994301 5.09 T
69.8193121 15.9178591 4.69 T
70.0142321 12.1975106 5.42 T
70.5572677 2.9899001 7.28 T
70.5627783 9.6334096 6.80 T
70.7469480 14.8146280 6.78 T
71.1082440 11.1460517 5.41 T
71.5076748 11.7055426 5.37 T
71.6906166 9.0174092 7.30 T
71.7778623 10.0516744 7.22 T
71.8247708 5.7881162 6.77 T
72.1152407 2.7158558 6.61 T
72.1644050 3.6492873 7.29 T
72.1721548 16.6338000 7.61 T
72.1859275 3.5884244 6.16 T
72.2342806 3.6896452 7.00 T
72.3883240 2.2017146 7.74 T
72.4629568 6.9613510 3.22 T
72.4880834 15.5309953 7.79 T
72.5150296 8.4078185 6.84 T
72.5551492 3.6835347 7.55 T
72.5720659 6.9499629 7.24 T
72.6003494 17.2024495 7.17 T
72.6529997 8.8999817 4.34 T
72.7028188 16.2102913 7.33 T
72.7107090 7.9940889 7.43 T
72.8014971 5.6051075 3.64 T
72.8027543 11.0679411 6.81 T
72.9307630 9.9750324 6.13 T
72.9588184 13.6550337 6.33 T
72.9884002 9.8725246 6.88 T
73.1331870 14.2503022 4.94 T
73.1712054 12.3846595 7.27 T
73.3100721 8.5560565 7.71 T
73.3450655 2.5081228 5.52 T
73.4243021 6.0168408 7.55 T
73.4825470 1.5693163 6.61 T
73.5132208 17.0268149 7.30 T
73.6717868 12.0256407 7.46 T
73.6824564 12.3519492 7.20 T
73.6953004 11.4261279 5.20 T
73.6989541 7.7789293 5.46 T
73.7241246 10.1500270 4.66 T
73.7283718 16.3864548 7.15 T
73.7348055 8.5999559 7.04 T
73.8315152 16.6202071 7.18 T
73.9589714 15.0401996 5.76 T
73.9673792 13.6308924 7.81 T
73.9836965 4.6692621 7.07 T
73.9929999 5.3989384 6.49 T
74.0043027 1.6254099 6.90 T
74.0368224 7.9044233 6.47 T
74.0456226 2.0435075 7.71 T
74.0588865 3.1757860 7.35 T
74.0923302 13.5141874 4.20 T
74.1826417 8.8224236 7.51 T
74.2470403 3.2861207 7.33 T
74.3430123 17.1536339 5.64 T
74.6370760 1.7139660 4.62 T
74.7383749 14.5495521 7.43 T
74.7475838 14.5432160 6.06 T
74.9352432 15.9165395 6.80 T
75.1356474 3.6146876 6.95 T
75.1410795 14.3841627 6.82 T
75.1414602 3.6156622 6.59 T
75.1776048 10.9133511 6.80 T
75.1974307 4.5674184 6.81 T
75.2750864 3.7173028 7.22 T
75.4485578 11.3752147 7.18 T
75.5000893 1.6089040 6.50 T
75.5030531 1.6114986 7.71 T
75.6091681 2.0480558 7.97 T
75.6856455 3.4576833 7.29 T
75.7566041 12.0597140 7.28 T
75.7587125 9.3823968 7.55 T
63.8716667 6.1866667 6.31 B
64.9062500 10.1213889 6.31 B
66.3725000 17.9280556 4.29 B
68.3870833 18.0166667 6.25 B
68.9800000 16.5091667 0.85 B
72.4600000 6.9613889 3.19 B
76.9095833 9.4719444 6.17 B
76.9704167 8.4983333 5.34 B
77.3316667 9.8294444 5.43 B
