0.1133786 -16.6972198 7.49 T
0.2614301 -5.8350584 7.84 T
0.2804278 -5.8743781 7.79 T
0.4380895 -16.5314708 7.95 T
0.4561542 -3.0275652 5.08 T
0.4903681 -6.0143283 4.58 T
0.5111582 -2.7661857 6.96 T
0.5711752 -13.4072207 6.96 T
1.0828077 -16.5294021 5.89 T
1.1254546 -10.5095997 5.12 T
1.2271092 -16.8548363 7.64 T
1.3338257 -5.7070609 4.73 T
1.3560721 -3.8518736 7.70 T
1.3601557 -14.4224632 7.50 T
1.3678014 -7.6656610 7.12 T
1.3803974 -9.6179213 7.18 T
1.5707083 -10.7784818 7.85 T
1.8260364 -17.3868817 6.22 T
1.9339779 -2.5486614 6.41 T
2.0007982 -7.5445244 7.90 T
2.0504502 -2.4477341 6.35 T
2.0680855 -14.8245540 7.10 T
2.0728409 -8.8243335 6.09 T
2.1289584 -6.7921210 7.94 T
2.1396908 -17.5784586 6.29 T
2.1798865 -2.2226134 7.16 T
2.4792770 -2.5613583 7.06 T
2.5143631 -8.9740738 7.12 T
2.5788559 -5.2487706 5.95 T
2.6794303 -12.5801342 5.96 T
2.7229020 -13.9027556 7.84 T
2.7903664 -3.3214594 6.85 T
2.8155416 -15.4696733 4.95 T
2.8976391 -3.0781052 7.84 T
3.0125629 -13.8132899 6.66 T
3.2297481 -3.3816256 7.59 T
3.2851259 -7.6822462 7.69 T
3.3069411 -17.1846161 7.68 T
3.4817757 -17.5453363 7.33 T
3.5054044 -3.9089466 7.52 T
3.5433890 -7.1995479 7.38 T
3.6018572 -2.1981777 7.34 T
3.6155006 -7.7804986 5.33 T
3.6162622 -14.4325739 7.00 T
3.6693987 -14.8054907 6.73 T
3.7004174 -14.1779938 6.84 T
3.7272877 -9.5696354 5.74 T
3.7319796 -3.0275650 6.84 T
3.8175538 -6.1385264 7.87 T
3.8185508 -16.7563975 7.72 T
3.9651712 -5.6010952 7.71 T
4.1413711 -13.4040984 7.18 T
4.4515365 -1.8627084 7.20 T
4.4978678 -13.4556511 6.58 T
4.5773841 -2.0148157 7.33 T
4.6770999 -8.0539100 6.53 T
4.8568834 -8.8241555 3.67 T
4.9022395 -7.2248463 7.08 T
4.9619187 -2.4786627 7.05 T
5.0125513 -17.7004786 6.87 T
5.0442977 -13.0613843 6.95 T
5.2683766 -2.9095645 7.02 T
5.3048627 -3.3114204 7.42 T
5.5592102 -5.1920493 7.13 T
5.7183017 -12.2090564 6.46 T
5.7498191 -6.4631075 7.62 T
5.7688079 -15.9423677 6.62 T
5.9165373 -3.0590512 7.87 T
5.9989020 -17.8101168 7.48 T
5.9994071 -3.4753840 7.41 T
6.1233191 -2.2193299 6.20 T
6.1370363 -4.6478157 7.80 T
6.3459882 -17.4280477 7.21 T
6.4692503 -8.3514974 7.52 T
6.7727008 -5.0039690 7.17 T
6.7787839 -9.8732089 7.39 T
6.8361390 -8.6588429 7.94 T
7.0025329 -11.6589096 7.49 T
7.1389998 -11.2373039 6.94 T
7.2936851 -11.5979136 7.53 T
7.3097913 -15.0653182 7.84 T
7.3164310 -5.9118771 7.84 T
7.3725634 -3.4692408 7.10 T
7.4133396 -2.8406732 7.05 T
7.4671858 -14.8643313 6.18 T
352.7267500 -15.9825236 7.95 T
352.7547054 -6.2882747 6.53 T
352.8823754 -4.0886027 6.55 T
352.9627498 -11.9479638 7.80 T
353.0528481 -11.5446225 6.85 T
353.1079028 -10.9987421 6.88 T
353.2311193 -3.0168080 7.10 T
353.3078997 -12.6093187 7.11 T
353.3696207 -4.4013761 6.97 T
353.4231319 -2.2446991 7.79 T
353.5285953 -14.2294430 7.97 T
353.7059828 -15.2465539 6.10 T
353.7677842 -7.6773618 7.52 T
353.8114452 -3.8535462 7.27 T
353.8656684 -10.5551438 7.35 T
353.8668887 -16.5837044 7.76 T
353.8836356 -7.4643299 6.51 T
353.9243829 -15.2993020 7.40 T
353.9895110 -10.6876989 7.61 T
354.0008937 -8.7664053 7.23 T
354.0727690 -7.1173401 7.88 T
354.3381235 -13.3381643 7.92 T
354.4150588 -13.0600763 5.77 T
354.5131460 -15.0958014 6.50 T
354.5267089 -1.3355924 7.74 T
354.5518629 -8.6276543 6.99 T
354.9464396 -14.2224916 5.01 T
354.9606132 -5.5469160 7.82 T
355.2034159 -7.9144694 7.20 T
355.2875878 -11.6806130 6.03 T
355.4409568 -17.8165367 4.91 T
355.4637999 -5.9864617 7.76 T
355.6160264 -15.4481684 5.41 T
355.6812409 -14.5453200 4.48 T
355.6991272 -11.3286726 7.35 T
356.1354444 -3.1755531 7.33 T
356.3416764 -13.6819945 7.95 T
356.4682989 -14.7548462 7.52 T
356.4966258 -13.4543126 7.88 T
356.5783725 -13.3643211 7.85 T
356.6433110 -8.9973016 7.30 T
356.7120000 -8.8971342 7.43 T
356.8160047 -11.9117095 5.85 T
356.9104364 -5.8254608 7.69 T
356.9137211 -4.4616156 7.60 T
356.9839808 -13.9173913 7.60 T
356.9861990 -2.7615656 5.59 T
357.0383231 -16.6994553 7.59 T
357.1176317 -11.5087005 7.75 T
357.1353379 -6.3805455 6.24 T
357.3820409 -15.8614657 6.35 T
357.3858456 -5.5530795 7.90 T
357.5244240 -11.1033259 6.82 T
357.5622558 -9.9736474 6.06 T
357.6120098 -14.5789262 6.81 T
357.6154898 -14.9837630 7.50 T
357.6281642 -13.1106708 7.20 T
357.6389183 -14.4016385 5.87 T
358.1243491 -14.2512309 5.99 T
358.1723497 -16.3748368 7.82 T
358.1868489 -8.8949299 7.87 T
358.1981003 -12.0170743 7.64 T
358.2109297 -8.9969088 5.88 T
358.2320051 -3.1557562 6.06 T
358.3080199 -11.0155693 7.77 T
358.5127039 -9.2899474 7.39 T
358.6610035 -1.9463236 7.77 T
358.7667985 -9.4605491 6.76 T
358.8567012 -17.8255117 7.83 T
358.9355531 -9.0623580 7.37 T
358.9401927 -13.1530270 6.72 T
358.9544722 -13.9664168 7.37 T
359.3925327 -9.6484269 7.96 T
359.5889871 -15.8475364 6.40 T
359.6431143 -14.1249886 7.27 T
359.6678984 -3.5564313 4.99 T
359.8806369 -2.8437565 7.16 T
359.8969438 -1.8497337 7.52 T
359.9195761 -5.8934162 6.66 T
7.5098807 -3.9574177 5.90 T
7.6696105 -9.4078452 7.62 T
7.7493664 -10.0848294 6.91 T
7.9198992 -1.7937609 7.06 T
351.5829665 -12.9504051 7.78 T
351.7378807 -15.2477541 6.95 T
351.8120107 -2.6374536 7.71 T
351.8586412 -12.9303573 7.46 T
351.9853760 -15.2992976 6.89 T
352.0222893 -11.4498859 6.47 T
352.0302888 -12.2124114 7.69 T
352.1945325 -5.3895254 7.16 T
352.2524882 -9.2662573 6.36 T
352.3623517 -1.7913585 6.47 T
352.3848018 -4.5341910 6.38 T
2.8162500 -15.4680556 4.89 B
4.6741667 -8.0527778 6.46 B
5.7158333 -12.2094444 6.39 B
349.4758333 -9.1825000 4.39 B
349.7404167 -9.6108333 4.98 B
355.9562500 -15.2844444 6.36 B
0.5304167 -14.6761111 7.10 B
0.9350000 -17.3361111 4.55 B
