157.8831898 46.8741238 7.43 T
158.1187242 44.1816807 7.38 T
158.2872329 39.2214422 7.30 T
158.3067128 40.4255936 4.74 T
158.4633056 49.1869813 7.56 T
158.5871081 49.1071479 7.27 T
158.7860325 41.9088337 7.11 T
158.8010364 40.8759411 7.90 T
158.8805126 45.6536000 7.34 T
159.0895264 36.3267228 6.34 T
159.2948154 46.5478615 7.31 T
159.4676375 34.0786647 6.56 T
159.7171771 36.0155398 7.92 T
159.7800495 37.9097174 5.90 T
159.9554578 39.4046708 8.00 T
159.9608047 37.8387945 7.70 T
160.0310333 46.8405867 7.29 T
160.8846002 46.2034468 5.21 T
160.9851803 49.8009483 7.15 T
161.0001546 46.2062680 7.35 T
161.1362437 49.4387800 7.89 T
161.1825746 41.7145947 7.66 T
161.3355055 45.5663445 6.98 T
161.3471855 41.3074291 7.15 T
161.6237765 44.1031910 7.98 T
161.7261207 43.0268640 7.45 T
162.0032605 39.7421332 6.92 T
162.0103598 41.1099388 7.10 T
162.0316311 44.8018525 7.88 T
162.0979646 37.5703139 6.99 T
162.2382473 43.9269765 7.89 T
162.3572937 41.3899736 7.88 T
162.3765539 43.0676431 7.95 T
162.5334603 36.0980183 7.90 T
163.1364879 45.7779365 7.47 T
163.1462988 38.3340175 7.70 T
163.1764439 40.1708364 7.29 T
163.3286070 34.2131088 3.90 T
163.3812130 49.2312494 7.82 T
163.4810764 47.6712723 7.80 T
163.4951223 43.1898169 4.66 T
163.6396728 41.3388645 7.72 T
163.6861707 36.7585444 7.44 T
163.7420010 34.0345183 5.84 T
164.0605976 42.0075628 6.16 T
164.2771384 41.3503798 7.54 T
164.7519003 45.1976129 7.04 T
164.8639494 40.4306136 5.10 T
164.8871491 36.0927965 6.17 T
165.0613639 45.5262865 5.62 T
165.0852462 42.9109661 6.09 T
165.1750978 42.7313364 6.81 T
165.2012177 43.9119690 7.86 T
165.2094835 39.2119736 5.09 T
165.2635856 47.6822783 7.77 T
165.3364643 46.5636735 7.10 T
165.4220322 38.0084477 7.91 T
165.4404997 36.6785802 7.49 T
165.8296997 35.9401401 7.66 T
165.9117036 44.3290845 7.44 T
165.9706878 38.9608492 8.00 T
166.0755018 38.8682433 7.17 T
166.1295665 38.2413577 6.04 T
166.1822832 38.2466517 7.56 T
166.4415074 44.3015503 7.59 T
166.4508551 38.3942519 7.06 T
166.6915674 44.1154410 7.57 T
166.9028108 36.7848263 7.74 T
167.1488714 36.0108709 7.43 T
167.3291666 36.3092481 5.94 T
167.4098369 43.2076842 6.09 T
167.4153162 44.4983078 3.11 T
167.5535609 35.3351326 7.88 T
167.6137078 47.7983322 7.29 T
167.6587086 42.4266559 7.79 T
167.9528831 42.8306058 7.24 T
168.0613844 36.8926748 7.56 T
168.0939263 34.7842710 7.06 T
168.1328800 35.8131306 6.48 T
168.1840195 35.8300826 7.32 T
168.4169311 41.0889419 6.47 T
168.4485830 49.8562263 7.52 T
168.4758507 39.9770400 7.96 T
168.7628916 37.5785938 7.72 T
168.7792494 45.0610662 7.70 T
168.8698032 47.4794734 7.58 T
168.9318725 45.8551840 7.95 T
169.1735613 49.4761783 6.00 T
169.2228834 41.7255800 7.90 T
169.3295169 47.9361887 7.94 T
169.6203182 42.3161689 7.03 T
169.7017603 35.4893610 6.79 T
169.9224499 38.1004447 7.25 T
170.1326958 44.9981305 6.77 T
170.3996746 40.4306323 7.29 T
170.5075961 41.0275264 7.99 T
170.6671932 35.0262818 7.60 T
170.6733801 40.1754951 6.63 T
170.7062859 43.4826203 5.09 T
170.9717686 37.2347839 6.97 T
171.1438304 48.6057188 6.96 T
171.3818928 42.6336649 7.93 T
171.9145128 46.2920331 7.97 T
171.9358840 37.9376078 7.33 T
171.9598245 45.1851182 7.00 T
171.9822126 44.5658005 6.93 T
171.9870771 44.8783871 7.01 T
172.1262960 43.9660350 7.75 T
172.1492220 39.3081010 7.74 T
172.2123640 42.7929833 7.30 T
172.2175848 48.2311625 7.97 T
172.2447764 41.1782023 7.81 T
172.2667284 39.3370429 5.35 T
172.5689680 37.9537223 7.24 T
172.5819105 47.2445711 7.53 T
172.6033864 46.6577114 6.44 T
172.6161858 43.5789379 6.75 T
172.6244339 48.9356346 7.38 T
172.6292925 43.1737625 6.00 T
172.7087531 41.2862177 7.03 T
172.7185745 47.9284360 6.50 T
172.7924780 48.7893915 6.63 T
172.9742901 41.4399141 7.43 T
173.0521021 36.2470631 6.70 T
173.2096935 38.8644806 7.89 T
173.2585442 34.0513584 7.37 T
173.3069798 38.8563841 7.87 T
173.4835244 36.8153099 6.49 T
173.5302309 48.5679518 8.00 T
174.4029430 44.7163118 6.83 T
174.4665142 49.8089473 7.97 T
174.5844435 43.6252223 5.59 T
174.6345628 33.6257619 6.42 T
174.6392971 46.8340129 6.12 T
174.6818278 45.1085101 6.53 T
174.7079669 39.1726174 7.51 T
174.7350622 40.2518655 7.82 T
174.9579544 45.1565611 7.56 T
175.0202360 42.0256437 7.72 T
175.2624709 34.1992570 5.39 T
175.3357920 44.0075798 7.98 T
175.4434502 41.2373303 6.96 T
175.9050357 41.7223867 6.81 T
176.0677397 44.4908870 7.82 T
176.1217059 48.5164368 7.28 T
176.3957032 35.8944914 7.14 T
176.5112661 47.7795830 3.82 T
176.9581630 49.8230049 7.14 T
177.4229052 34.9317958 5.78 T
177.6512362 43.6588119 7.98 T
177.7421070 33.6042526 7.27 T
177.7798197 36.8351510 7.68 T
178.0595266 49.9318612 7.22 T
178.4483092 33.6151606 7.03 T
178.4599225 40.9125201 6.85 T
178.6650477 48.9325700 7.41 T
178.7740492 46.4768339 6.68 T
178.7973216 46.4698169 6.97 T
178.8080916 36.7560884 6.67 T
178.8445336 38.7567509 7.13 T
179.0148189 40.6474183 7.02 T
179.0946461 42.0138401 7.15 T
179.2776469 40.2889902 7.23 T
179.3094527 40.3433578 6.65 T
179.6314631 47.7654358 6.97 T
164.8666667 40.4302778 5.05 B
169.5454167 31.5291667 4.87 B
169.6195833 33.0941667 3.48 B
169.7829167 38.1855556 4.78 B
171.6062500 33.4505556 6.32 B
172.7204167 47.9291667 6.42 B
174.4708333 50.6183333 6.14 B
174.6870833 45.1086111 6.44 B
178.4575000 53.6947222 2.44 B
