47.2200836 -24.8867977 7.36 T
47.3064910 -26.7155866 7.67 T
47.6478057 -23.7383802 6.48 T
47.6735582 -20.1115145 7.73 T
47.7721792 -13.2642109 6.43 T
47.8195282 -16.0250217 6.38 T
47.8780590 -13.5250786 7.73 T
47.9446815 -14.9258137 7.86 T
48.0641113 -20.6195794 7.01 T
48.2323482 -26.2588029 7.90 T
48.2512771 -20.0265495 6.88 T
48.3419997 -27.5737682 7.04 T
48.4043952 -13.6393563 7.68 T
48.7080429 -14.4433697 7.95 T
48.7510761 -26.1006005 6.25 T
48.7704734 -13.8280880 7.46 T
48.8133766 -20.0190798 7.00 T
48.8151237 -12.9872376 7.89 T
48.8723960 -18.1751150 7.32 T
48.9411478 -16.8288342 7.94 T
48.9730375 -14.7998450 7.92 T
49.0637666 -11.9860023 7.33 T
49.3225182 -23.5202229 6.76 T
49.4619628 -26.3524895 7.64 T
49.5921778 -22.5110158 4.98 T
49.6719896 -14.2538908 7.91 T
49.6721406 -18.5601511 5.88 T
49.7065359 -15.5513711 7.78 T
49.8795133 -21.7576684 3.91 T
49.8954688 -24.1230476 5.82 T
49.9439538 -18.8442316 7.06 T
50.1165122 -24.1147636 7.71 T
50.1860201 -26.2869075 6.96 T
50.1886277 -26.6063608 6.47 T
50.3498727 -23.6352804 5.59 T
50.4249677 -20.3247618 6.68 T
50.4953744 -15.4587290 7.39 T
50.5678959 -25.5877999 6.36 T
50.5683134 -21.1003117 6.86 T
50.8178418 -11.3470402 7.64 T
50.8221066 -17.4392700 6.81 T
50.8544563 -14.8754267 7.66 T
50.8650487 -14.2205251 7.90 T
51.0161995 -26.0369056 7.89 T
51.0324252 -20.9315288 7.27 T
51.0679193 -24.3006997 7.23 T
51.1025677 -13.9928976 7.02 T
51.1044953 -15.6544602 7.59 T
51.2529340 -14.1159578 7.89 T
51.3030132 -21.0723315 7.91 T
51.4025161 -27.2724823 7.50 T
51.5939156 -27.3171423 6.04 T
51.6005894 -15.3631987 7.59 T
51.9222396 -14.3666346 7.24 T
52.0039368 -11.2868916 5.85 T
52.0397234 -12.7539588 7.55 T
52.1144879 -13.2095360 7.29 T
52.3571098 -19.5541074 7.41 T
52.3965535 -23.4755012 6.93 T
52.4001559 -12.6747133 5.60 T
52.4544466 -22.5053683 6.90 T
52.5558921 -11.6468359 6.86 T
52.6668875 -19.4356219 7.54 T
52.7044468 -18.4663952 7.53 T
52.7955987 -13.4988568 7.73 T
52.8569632 -16.7788481 7.68 T
52.9028891 -12.7347968 7.95 T
52.9738829 -25.6142323 6.39 T
53.1100198 -24.6163323 7.05 T
53.4380550 -15.1287148 7.11 T
53.6592699 -12.2982948 7.73 T
53.7187177 -25.5826273 6.59 T
53.7656661 -24.3071301 7.54 T
54.0541874 -18.5507244 7.93 T
54.0727268 -17.4671313 5.22 T
54.1041852 -19.3766841 7.36 T
54.4394048 -15.4850973 7.15 T
54.5855144 -11.2012632 7.93 T
54.7056640 -20.2157049 7.87 T
54.8785278 -18.9982449 7.89 T
54.9029423 -17.3651995 6.97 T
55.0476100 -15.2266270 6.44 T
55.0519362 -19.5927051 7.05 T
55.1681358 -19.4727645 6.94 T
55.2158949 -12.6155017 7.63 T
55.3080030 -11.8022038 6.53 T
55.3432033 -19.5843926 6.59 T
55.3932850 -14.2994437 7.40 T
55.4762995 -14.3632223 7.05 T
55.4977985 -24.6524429 6.83 T
55.5175163 -17.1460459 7.84 T
55.6855644 -18.7141892 7.57 T
55.9826339 -19.1099220 7.19 T
56.2192047 -23.3807291 7.63 T
56.3338745 -20.5241180 7.46 T
56.3804062 -15.3732870 7.74 T
56.3878448 -25.9154684 7.00 T
56.5359216 -12.1012164 4.61 T
56.6743556 -25.3570647 7.28 T
56.6868623 -24.8558350 7.78 T
56.7109452 -23.2530312 4.27 T
56.7339227 -14.4783328 7.63 T
56.9155452 -23.8743688 5.24 T
56.9958966 -26.3285678 6.99 T
57.1076921 -13.3068376 7.72 T
57.1124486 -23.6967594 7.93 T
57.1485805 -20.9030855 6.00 T
57.2507634 -26.0327053 7.00 T
57.5578611 -18.7460696 7.38 T
57.6462605 -11.9954802 7.81 T
57.8798331 -21.2815001 6.70 T
57.8854424 -17.1668897 7.82 T
57.9811637 -11.9680033 7.53 T
58.1448312 -15.7414889 7.81 T
58.2071146 -22.2760586 7.13 T
58.2380102 -18.4596326 7.85 T
58.3039032 -18.4344467 6.32 T
58.3773386 -14.9705885 7.11 T
58.4281550 -24.6122554 4.60 T
58.4883872 -13.9947399 7.80 T
58.4990248 -12.4493543 7.46 T
58.5000531 -23.1389485 6.78 T
58.5725068 -27.6686209 7.02 T
58.7065390 -17.0100746 7.99 T
58.7442632 -14.9059996 7.33 T
58.8167253 -12.0992958 6.03 T
58.8993413 -25.9269127 7.46 T
58.9009913 -26.2152267 7.64 T
58.9322456 -17.6989857 7.76 T
58.9429540 -19.4331380 7.59 T
59.1153383 -13.5975112 6.58 T
59.1201894 -25.1830822 6.96 T
59.2997278 -24.6315548 7.27 T
59.5077529 -13.5092135 3.13 T
59.6427761 -23.7952785 7.92 T
59.8554652 -20.3330773 7.38 T
59.8755485 -12.5746492 5.76 T
59.9439205 -17.9121159 7.63 T
60.0012585 -19.2468538 7.18 T
60.0318919 -12.4228580 7.94 T
60.3007314 -22.2758798 7.42 T
60.3380065 -26.5167901 7.58 T
60.4589000 -18.3673109 7.69 T
60.4671353 -20.4750496 7.89 T
60.4810388 -21.0207170 7.39 T
60.6279066 -19.4984606 7.96 T
60.6787631 -27.4830670 7.46 T
60.6960948 -22.5949866 7.03 T
60.8157599 -21.4172706 7.72 T
60.8530992 -20.1438001 6.42 T
60.8706175 -24.4602647 7.49 T
60.8910291 -25.8479312 6.77 T
60.9033080 -20.1589484 7.14 T
61.0369153 -16.5891127 6.51 T
61.0742875 -19.4692785 7.70 T
61.0947428 -12.7921910 5.73 T
61.1705344 -20.3819446 6.24 T
61.2926390 -21.4529421 7.99 T
61.4073951 -27.6512225 5.62 T
61.4444335 -20.5126375 6.44 T
61.5677327 -19.5135758 7.76 T
61.6538255 -18.0508965 6.75 T
61.7423366 -21.9941591 6.71 T
61.7457818 -15.9893921 7.87 T
62.2645345 -15.8908893 7.59 T
62.3243048 -16.3858490 5.41 T
62.3822662 -26.0206531 7.86 T
62.4377600 -12.5608882 7.72 T
62.4687765 -19.2869565 7.13 T
62.4948001 -19.0029889 7.28 T
62.4961333 -25.0417607 7.09 T
62.6196141 -15.0287352 7.69 T
62.6717349 -25.4269038 7.91 T
62.6842833 -11.3313647 7.89 T
62.6845411 -25.0964487 7.42 T
62.7404368 -14.3631331 7.86 T
62.8566699 -15.9683564 7.16 T
62.8932509 -20.3403826 7.68 T
62.9011428 -20.3558361 5.82 T
63.0012575 -17.2750603 6.50 T
63.0224230 -13.2230876 7.95 T
63.2001103 -23.8211796 6.80 T
63.2634922 -23.1284807 6.81 T
63.4033814 -25.5292299 7.77 T
63.5148124 -15.9930775 7.39 T
63.7510771 -16.1809239 7.01 T
63.8614185 -16.4451714 6.84 T
63.9432325 -23.2375274 6.74 T
63.9452278 -18.6403079 7.15 T
63.9652688 -22.1516577 6.94 T
64.0782199 -17.8748154 7.56 T
64.5592176 -14.6387887 6.97 T
64.5670092 -20.7151416 6.24 T
64.6565752 -22.9694408 6.10 T
64.6955911 -17.7095283 7.68 T
64.7541192 -17.8508727 7.41 T
64.8941072 -25.9563318 7.89 T
64.9267922 -25.0248295 7.02 T
65.3808237 -25.7288585 6.14 T
53.4470833 -21.6327778 4.27 B
54.6987500 -27.9430556 6.01 B
55.8908333 -10.4855556 5.60 B
56.6141667 -29.3380556 5.90 B
56.7120833 -23.2497222 4.23 B
59.9812500 -24.0163889 4.66 B
65.1625000 -20.6397222 5.38 B
67.1625000 -19.4583333 5.96 B
