295.0562077 26.9952925 7.31 T
295.0991763 23.4802501 7.10 T
295.1180321 20.4770375 6.57 T
295.1648997 23.7178968 6.64 T
295.2622981 17.4758418 4.49 T
295.2730497 13.8156161 5.98 T
295.4692313 27.3821542 6.67 T
295.5533879 12.1931979 6.31 T
295.5805773 18.4656705 6.92 T
295.6417790 11.8265272 5.37 T
295.7798687 24.5962590 6.93 T
295.8543636 22.4949546 6.81 T
295.9289383 25.7720205 5.60 T
295.9831821 27.1353561 6.48 T
296.1424788 13.3027085 6.24 T
296.6653347 25.1338132 6.69 T
296.8469871 18.5343456 3.96 T
296.9157001 15.9076587 7.59 T
296.9527163 25.3839224 6.11 T
297.0180817 27.7026913 7.56 T
297.0355437 13.4539751 7.00 T
297.1429613 24.9621773 7.56 T
297.1756427 11.8157148 6.34 T
297.1756427 11.8157148 6.75 T
297.1843614 19.6610367 7.41 T
297.2223009 11.6851318 6.63 T
297.2419489 16.6275858 7.56 T
297.2445393 19.1422071 5.04 T
297.2863518 27.7303472 7.03 T
297.4826882 27.0852157 6.57 T
297.6341360 17.2688204 7.58 T
297.6877475 20.2115121 6.74 T
297.7209185 20.0395607 7.20 T
297.7287829 24.6269405 7.43 T
297.7454981 16.8576745 7.26 T
297.7672905 22.6099481 4.86 T
297.9050298 26.2256343 7.47 T
297.9385689 26.2372566 7.69 T
298.0066393 24.9921349 5.67 T
298.0121271 11.6262434 6.23 T
298.0906807 18.6718139 6.22 T
298.1618030 18.7406459 7.67 T
298.3445871 20.3373336 7.14 T
298.3514243 20.3275512 7.34 T
298.3655215 24.0798028 4.63 T
298.3655215 24.0798028 7.37 T
298.4110064 22.9889265 7.53 T
298.4696023 26.5933339 6.86 T
298.6296165 24.3193895 5.56 T
298.7976893 11.9594449 7.74 T
299.0052701 16.6347711 5.82 T
299.0595913 11.4237534 5.28 T
299.1242827 19.1874381 7.61 T
299.2076781 23.7770318 6.82 T
299.2517409 20.9982272 6.62 T
299.4394369 16.7892751 5.53 T
299.4495954 26.2939934 7.62 T
299.4768468 27.2518987 7.59 T
299.4819989 11.5898681 7.72 T
299.5595377 16.4937266 6.85 T
299.6897203 19.4922954 3.67 T
299.7135298 11.5646015 7.43 T
299.7934460 23.1013180 5.71 T
299.9824006 19.8894749 7.63 T
300.0138083 17.5164381 5.57 T
300.1809551 23.7988593 7.43 T
300.2162209 13.3796925 7.21 T
300.2838939 14.5231445 7.16 T
300.4363556 24.8004194 5.85 T
300.5066730 24.9384090 5.83 T
300.5066730 24.9384090 6.19 T
300.5920446 22.1513978 6.52 T
300.7610913 18.2953084 6.90 T
300.8751100 16.0312045 5.64 T
300.9115483 22.9409217 6.56 T
300.9976026 17.1231137 6.92 T
301.0233757 17.0676243 5.86 T
301.0588199 17.7348171 6.92 T
301.2441428 23.2104150 6.55 T
301.2897665 19.9915647 5.21 T
301.3008235 27.0323044 7.84 T
301.4346313 22.7971388 6.90 T
301.7226436 23.6144229 5.03 T
301.8366250 16.0762533 7.63 T
302.1799175 26.2748426 7.63 T
302.2070116 12.2282474 7.17 T
302.4864299 20.9156289 6.56 T
302.6169666 25.0490391 7.13 T
302.6398718 26.9042490 5.52 T
302.6881310 20.4868019 7.44 T
302.7649218 21.1347786 6.34 T
302.8375678 21.8748614 6.26 T
302.9093713 14.6488324 7.57 T
302.9498898 26.8089229 5.65 T
302.9611171 26.8958890 7.26 T
302.9880514 26.7436330 7.56 T
303.0029411 26.4787448 5.88 T
303.0160596 15.3577885 7.88 T
303.2438929 27.2843474 7.77 T
303.4193290 24.2392515 6.72 T
303.5696052 15.1979761 4.95 T
303.6271439 24.8447098 7.46 T
303.8162679 25.5919139 4.72 T
303.8760084 23.5088678 5.29 T
303.9408521 15.3171263 6.88 T
304.0824941 21.5985494 6.23 T
304.1068264 22.3963799 7.20 T
304.1438846 21.4045591 7.10 T
304.1963007 24.6709871 5.41 T
304.2906916 15.8726065 7.48 T
304.5710869 25.6482748 6.96 T
304.7169340 21.2100844 7.10 T
304.7539202 20.4639596 7.48 T
304.8382840 14.3707823 6.88 T
305.0008050 13.5480366 5.98 T
305.0645011 15.5430986 6.83 T
305.0855067 14.5692957 6.27 T
305.1754596 22.2767407 7.05 T
305.3145699 15.1042243 6.59 T
305.4828894 13.5924368 7.50 T
305.5142989 24.4460553 5.51 T
305.7187155 14.5510738 6.21 T
305.8305907 15.3620073 7.25 T
305.9771143 16.0468515 6.77 T
306.1944445 25.1794575 7.46 T
306.2622512 13.3862036 7.45 T
306.2950163 21.4885582 7.05 T
306.4189147 21.4095917 5.78 T
306.5050686 19.8656165 6.56 T
306.5965050 17.3155272 6.33 T
306.8091121 20.4764330 6.54 T
306.8369653 23.7906749 6.91 T
306.9307455 14.4560054 7.72 T
306.9479863 26.1465339 7.52 T
307.0799619 18.7691268 6.97 T
307.0870113 20.1130027 6.88 T
307.2635033 16.2542674 7.41 T
307.2865392 12.6810721 6.93 T
307.3379528 20.0876645 6.59 T
307.5198983 19.6675572 6.84 T
307.5304306 19.4301044 7.30 T
307.5602036 19.4209998 6.80 T
307.7429431 20.6065070 6.22 T
307.7754395 15.8075996 6.86 T
307.7996960 11.2592828 7.38 T
307.8044198 11.2605917 7.12 T
307.8835586 21.8950531 6.88 T
307.9678109 16.9916740 7.22 T
307.9928334 25.8048591 6.40 T
308.0264814 22.0140801 7.71 T
308.0377390 22.8243150 6.60 T
308.0611430 20.8595308 7.40 T
308.1823092 16.7672060 6.95 T
308.4881220 13.0274480 5.39 T
308.5416337 20.9851482 6.45 T
308.7047132 13.4645876 7.47 T
308.8275382 14.6742798 4.66 T
308.9747574 25.4787256 7.64 T
309.0349129 25.8827281 6.42 T
309.2695925 26.4618791 5.57 T
309.3879426 14.5948778 3.68 T
309.4549044 11.3776100 5.42 T
309.4782728 18.2689708 6.36 T
309.6310417 21.2012050 4.80 T
309.6330426 24.1159097 5.03 T
309.6458266 23.6804513 6.04 T
309.6816338 24.7779783 7.40 T
309.6832942 13.3151277 5.85 T
309.7707066 15.8381035 5.95 T
309.7945827 21.8175386 6.07 T
309.8804334 26.6976822 7.18 T
309.9665306 11.2502056 6.45 T
310.1477144 15.6435437 6.82 T
310.1491634 21.9270060 7.35 T
310.1762753 26.0790636 6.76 T
310.1888667 19.9374674 6.50 T
310.2252423 17.5711244 6.78 T
310.3174904 14.5828806 6.14 T
310.4070278 13.8088049 6.83 T
310.4242200 24.1824564 6.90 T
310.4653606 20.7136762 7.46 T
310.4924504 17.5217674 6.34 T
310.8333291 25.8247270 7.06 T
310.8646023 15.0743127 4.45 T
310.9487211 23.7910952 6.91 T
311.0001969 21.4006984 7.17 T
311.1619797 13.5552975 7.59 T
311.1949080 20.4894333 7.00 T
311.2185333 25.2694589 5.05 T
311.2276137 12.3126534 7.01 T
311.4383072 22.9208741 7.70 T
311.6619459 16.1228533 5.03 T
311.6643849 16.1230512 4.36 T
311.6859147 24.4626229 7.40 T
311.9490081 26.1779570 7.05 T
311.9688659 27.5953574 7.05 T
312.1335677 23.0117450 7.46 T
312.2711675 25.6703494 7.65 T
312.5229264 27.3777518 7.16 T
313.0315341 27.0965839 4.66 T
293.6454167 19.7733333 5.00 B
294.1570833 20.3327778 7.14 B
294.5729167 20.7827778 6.48 B
295.0241667 18.0138889 4.37 B
300.8183333 18.5005556 5.96 B
301.0258333 17.0700000 5.80 B
301.3604167 15.5002778 6.34 B
302.0270833 16.6641667 6.42 B
303.5604167 28.6947222 5.18 B
303.9420833 27.8141667 4.52 B
304.3812500 29.1480556 6.22 B
304.8716667 13.2169444 6.21 B
305.0891667 17.7930556 5.80 B
309.9095833 15.9119444 3.77 B
310.1883333 19.9352778 6.45 B
311.3675000 18.0902778 6.38 B
312.6541667 18.0513889 6.52 B
