0.6736654 82.9731861 7.30 T
4.2634504 84.9550020 7.83 T
8.8986637 83.6316848 7.99 T
9.5592405 84.6748756 7.18 T
9.8999337 84.7479135 7.96 T
11.2795343 75.9372010 7.27 T
12.1951677 78.4671186 7.21 T
12.5192562 81.9671865 7.50 T
12.7365979 77.9534414 6.78 T
13.1206096 79.8404749 7.73 T
13.7247714 83.7073078 5.60 T
14.4755066 75.4937100 7.50 T
14.8165526 83.1020867 7.93 T
15.1278492 80.5454907 6.71 T
15.5778945 81.8755439 6.92 T
15.9200893 84.6067886 6.76 T
16.2084147 74.3721161 6.81 T
16.3686929 81.9614644 7.94 T
17.1946044 86.2570251 4.36 T
17.2996734 80.0113209 6.34 T
18.0733630 79.6739377 5.59 T
18.3524030 73.9206303 7.82 T
19.0496249 71.7438449 6.12 T
19.1262250 74.0111214 7.88 T
19.1269160 79.9103908 6.31 T
19.1509368 74.0268052 7.05 T
19.6766655 72.8777932 7.11 T
19.6924893 72.4013699 7.00 T
19.7818455 80.8618436 7.55 T
19.8710632 80.8942656 6.68 T
20.0802393 77.5712366 6.42 T
20.3799720 74.5801273 7.22 T
20.4953808 76.7100722 7.26 T
20.4981091 76.2385780 6.40 T
20.9448551 78.7260876 6.11 T
21.0338479 72.8471097 7.23 T
21.3688293 74.1153114 7.78 T
21.4432125 70.9798017 6.33 T
21.6187968 77.6786261 7.79 T
22.2631257 74.2042843 7.32 T
22.8098358 70.2641219 5.87 T
23.1356766 70.0193368 6.95 T
23.8888682 72.4419571 7.50 T
23.8888682 72.4419571 7.81 T
24.3430502 74.3009294 6.58 T
24.6285622 73.0399525 5.39 T
25.1314311 81.4298123 7.13 T
25.2215997 77.9689221 6.71 T
25.6528976 70.1742101 7.97 T
25.7341663 70.6224444 5.17 T
25.9517247 74.6043887 6.70 T
26.1853937 75.8720600 7.28 T
27.4700652 80.8864654 7.12 T
27.8110184 81.3745625 7.42 T
27.9519629 75.5893308 6.99 T
28.0446682 70.7515646 7.69 T
28.6736864 78.1962445 6.79 T
28.8637633 76.2246144 7.49 T
29.0166739 80.9079582 7.24 T
29.2961558 71.7248664 7.23 T
29.4703788 75.3359093 6.72 T
29.7074360 73.1520288 7.02 T
30.4880753 70.9071152 4.65 T
30.4880753 70.9071152 6.74 T
30.5394275 75.5020984 6.77 T
30.6641038 78.9112398 7.98 T
30.7374472 77.9162326 6.17 T
30.7929443 73.8506124 6.20 T
31.0785713 71.2113955 7.72 T
31.2842206 77.2809373 5.31 T
31.3811933 76.1149246 5.32 T
31.5108320 74.5837147 7.52 T
31.7893266 74.8696816 7.68 T
31.8855288 80.6648436 7.58 T
32.2334897 79.3459902 7.05 T
32.2904898 71.5505167 6.63 T
32.3540712 81.2959859 6.05 T
32.6262625 81.4819329 6.99 T
33.1216181 79.6934270 7.15 T
33.2072998 79.6916860 6.47 T
33.3391544 74.0274800 6.36 T
33.9852731 79.1790973 7.09 T
34.1931136 83.5611538 6.56 T
34.7479504 85.7366974 7.08 T
35.2791353 80.7266312 7.89 T
35.7702706 70.3431588 7.91 T
36.0643949 79.7705960 7.97 T
36.2113511 76.1321119 7.62 T
36.9625205 72.1331789 7.78 T
36.9804216 73.7123737 7.31 T
38.3608059 70.9564730 7.89 T
38.4181416 77.6680435 7.74 T
38.4948103 71.2938376 6.67 T
39.0342947 79.7288858 7.56 T
39.3632749 83.8345977 6.82 T
39.5078618 72.8183508 5.27 T
39.5396795 75.5278864 7.98 T
40.4846491 71.6263852 7.15 T
41.6454333 85.7991574 7.84 T
41.6664972 75.4078889 7.21 T
41.9490830 81.4480157 5.93 T
43.1778551 74.7377609 7.67 T
43.2287392 73.2772212 7.32 T
43.8249660 80.1066613 7.33 T
43.8683255 73.3710554 6.71 T
44.0644575 75.2022427 7.95 T
44.0712219 75.6516943 7.92 T
44.7351578 77.0798963 6.97 T
46.0711008 75.1495214 7.15 T
46.3455517 73.9451542 7.53 T
46.5314102 79.4185872 5.72 T
47.2017990 72.5485827 7.95 T
47.5168970 76.0976793 7.71 T
47.9258639 81.4707148 5.93 T
47.9727169 82.9036916 7.16 T
47.9846871 74.3931362 4.84 T
48.1719861 74.1968947 7.78 T
48.3648674 74.2962114 7.36 T
48.7812970 73.8679555 6.73 T
48.9380397 80.1299855 6.82 T
49.3395718 78.8749959 6.78 T
49.9872648 75.2373618 7.35 T
50.0839473 77.7343623 5.47 T
50.2639860 73.6990615 7.01 T
50.2837843 77.0673367 7.85 T
50.7413635 71.2802499 7.62 T
50.8878739 71.4185341 7.99 T
51.0228603 74.1700403 6.97 T
51.3610916 71.6846705 7.61 T
51.6695063 72.2056912 7.15 T
52.0145493 78.4786873 7.82 T
52.5255129 75.2591218 7.96 T
52.5808974 71.8638913 6.60 T
52.8683741 71.8594181 7.91 T
53.0884603 84.9101859 5.71 T
53.8014395 73.3467761 6.56 T
54.8543695 75.7396794 6.36 T
55.6492834 77.1704860 7.89 T
56.2798567 74.5426916 6.84 T
56.5578425 71.6181871 7.07 T
57.1686284 78.1190986 7.12 T
57.3076076 70.8706404 5.41 T
57.3749086 80.3225642 7.30 T
57.5899745 71.3320020 4.61 T
57.9325649 70.5080068 7.52 T
58.6957570 83.5448699 7.65 T
59.1248508 71.8215680 6.34 T
59.1508868 74.0800884 6.90 T
59.5110445 72.7245763 6.76 T
60.7961239 78.2026547 7.09 T
60.8786268 81.5763775 7.70 T
60.9374866 81.8744968 7.33 T
61.4996612 79.7867445 7.95 T
61.5502993 76.4149300 7.79 T
61.7955436 73.9999561 6.60 T
61.8541830 75.1731191 7.27 T
61.8580553 74.6362594 6.91 T
61.9384328 80.9764504 7.96 T
62.2628123 71.3436704 7.61 T
62.2984658 78.9557338 7.75 T
62.3419591 73.5706427 6.81 T
62.5112395 80.6986371 5.26 T
63.0585830 79.0300324 7.05 T
63.4369192 72.1259377 6.15 T
64.4653432 80.5358330 6.49 T
64.8701463 74.6358139 7.46 T
65.0117375 78.0795346 7.06 T
65.2249564 81.9776511 7.46 T
65.3319704 76.1059907 6.73 T
65.5257278 81.6319184 7.62 T
66.7627957 80.8240397 5.54 T
66.7648841 71.7812416 7.58 T
67.0548423 83.8078539 5.49 T
67.1734921 79.7017351 7.86 T
67.4027774 80.9318153 7.17 T
67.4988945 83.3410131 5.57 T
68.0722915 77.6230592 7.89 T
68.3784602 72.5280401 5.96 T
68.6597816 70.3464547 7.94 T
68.8523969 85.5271882 6.61 T
69.2198480 80.8820955 7.41 T
69.4247984 71.8942963 7.93 T
69.4311159 78.9863157 7.40 T
69.5373139 71.4698136 7.67 T
70.1127057 76.5675815 7.72 T
71.3102909 79.6569854 6.67 T
71.5044089 76.6101954 6.51 T
71.5314190 84.0295210 7.42 T
72.2107866 75.9403832 5.99 T
73.2353513 75.7090572 7.29 T
74.9052779 83.1961853 7.64 T
75.0863789 81.1942599 5.24 T
75.2247238 77.7755170 7.78 T
75.4265993 84.8725920 7.71 T
75.5828356 74.2696169 6.23 T
77.5056222 75.6815532 7.28 T
78.6478674 76.4727470 6.41 T
82.9521499 85.9380427 6.53 T
84.3130883 83.8613093 7.14 T
85.9528871 85.6684208 6.69 T
2.3341667 79.7147222 6.01 B
9.9470833 82.4938889 6.40 B
13.7212500 83.7072222 5.62 B
17.1862500 86.2569444 4.25 B
23.4600000 89.0155556 6.46 B
19.0562500 87.1452778 6.25 B
18.0695833 79.6738889 5.64 B
20.4962500 76.2388889 6.38 B
37.9529167 89.2641667 2.02 B
30.8587500 72.4213889 3.98 B
31.2808333 77.2813889 5.38 B
42.2312500 69.6341667 6.18 B
42.9945833 68.8886111 5.80 B
47.9283333 81.4705556 5.95 B
50.0820833 77.7347222 5.45 B
53.0837500 84.9111111 5.61 B
62.5062500 86.6261111 5.86 B
71.5012500 76.6111111 6.49 B
82.9500000 85.9386111 6.51 B
80.6395833 79.2311111 5.05 B
82.3570833 77.9775000 6.56 B
