180.6013614 -62.4133933 7.33 T
180.7347248 -62.1752879 6.78 T
180.8859109 -61.0983021 7.57 T
181.1956220 -61.9968066 7.40 T
181.2854043 -61.1796641 6.76 T
182.7697645 -61.2775361 6.12 T
182.8791957 -51.3597293 6.32 T
182.9125879 -52.3685394 3.92 T
182.9478044 -50.9569352 7.67 T
183.1046426 -60.0678022 6.85 T
183.1795454 -60.0407118 7.61 T
183.5072717 -59.3968785 7.86 T
183.5603558 -58.8766221 7.76 T
183.5605132 -53.9200897 7.78 T
183.7858804 -58.7489939 2.72 T
184.3801862 -48.9259033 6.87 T
184.5280138 -61.4699532 7.51 T
184.5461244 -52.3063049 6.82 T
184.7481748 -55.1430848 5.20 T
184.7976845 -61.1363654 7.78 T
184.9823275 -48.3166272 7.39 T
185.2248867 -47.4545669 7.14 T
185.2957414 -56.7740433 7.75 T
185.3378723 -60.4005805 3.73 T
185.3379026 -62.2816355 6.66 T
185.6943889 -52.2931348 6.63 T
185.7055271 -57.6762093 5.35 T
186.0888353 -47.3729568 6.60 T
186.5043240 -49.5881357 6.92 T
186.6320150 -51.4507063 4.78 T
186.6944888 -48.9136837 6.33 T
186.8186586 -55.7349840 7.15 T
186.8700615 -58.9917170 5.65 T
187.0096066 -50.2307168 3.86 T
187.1067299 -61.7948596 6.35 T
187.1374311 -56.4092773 6.25 T
187.2284350 -61.8709299 6.91 T
187.4379877 -59.0240231 7.30 T
187.4759045 -56.5248596 5.96 T
187.5813287 -60.9898989 6.75 T
187.8197114 -57.0814345 6.45 T
187.9178981 -59.4239460 5.56 T
187.9681197 -58.2905784 7.14 T
188.0073175 -56.2883727 7.43 T
188.0074676 -53.3157685 7.76 T
188.1236579 -59.8968319 7.76 T
188.3004322 -52.0829247 6.54 T
188.3327271 -54.9811782 7.63 T
188.3355286 -57.7163700 7.76 T
188.4924110 -56.5707760 7.57 T
188.4946495 -49.9100914 6.43 T
188.5363613 -50.0602697 7.25 T
188.8691461 -61.8420494 6.30 T
188.8742231 -61.7409100 6.65 T
189.1938074 -50.3354874 6.40 T
189.4239392 -48.5413475 3.85 T
189.4628795 -57.8656191 7.57 T
189.5298727 -55.9312891 7.13 T
189.6327640 -47.9428574 7.77 T
190.0913657 -49.4013602 7.09 T
190.3252028 -48.8175233 7.91 T
190.3451150 -46.1452015 5.99 T
190.3774294 -48.9598294 2.82 T
190.3774294 -48.9598294 2.88 T
190.4853968 -59.6858433 4.90 T
190.6129319 -61.0185938 7.22 T
190.6465344 -48.8132864 4.77 T
190.6630859 -54.5384404 7.08 T
190.7069569 -55.9470849 6.05 T
190.7878750 -56.1763062 5.97 T
190.8671769 -58.9027226 6.54 T
191.1453566 -57.2870124 6.65 T
191.4099954 -60.9817219 4.80 T
191.4251681 -50.1804068 7.17 T
191.5942696 -56.4888887 4.59 T
191.8994307 -60.0809965 7.27 T
191.9129247 -58.2976568 6.97 T
192.0100048 -59.5932749 7.17 T
192.5489857 -60.4005529 6.78 T
192.5807353 -48.4595004 6.26 T
192.6380452 -52.2346115 7.64 T
192.7408809 -52.7874981 5.72 T
192.8248232 -60.3297852 5.77 T
193.0221943 -48.0942605 6.31 T
193.0947230 -49.5988162 7.86 T
193.1022683 -53.8299174 6.39 T
193.1279044 -52.6673114 7.83 T
193.2017379 -52.5309872 7.67 T
193.2663176 -54.9524416 6.06 T
193.2780219 -48.9434612 4.47 T
193.2997506 -53.2255578 7.08 T
193.3411921 -60.3284923 5.80 T
193.4066725 -60.3570712 6.89 T
193.4537743 -60.3762289 5.96 T
193.4991593 -60.3354155 6.80 T
193.5915110 -58.4306440 6.83 T
193.6481043 -57.1779939 3.94 T
193.6533990 -57.1687768 4.95 T
193.6628624 -59.1467979 4.58 T
193.7602735 -62.5589219 7.72 T
193.9880013 -56.8358053 5.37 T
194.1641833 -47.6863175 7.39 T
194.2422511 -54.5874137 6.48 T
194.2484894 -59.7425073 7.41 T
194.2678572 -51.1988506 5.15 T
194.5415245 -54.1857776 7.36 T
194.5447809 -47.0649957 6.85 T
195.1313137 -60.3753713 7.09 T
195.3952665 -60.6714139 7.39 T
195.8883409 -49.5273338 4.83 T
196.1252453 -48.1328514 7.61 T
196.2772448 -47.1171343 6.48 T
196.5692984 -48.4634069 4.67 T
196.7274139 -49.9063267 4.23 T
196.8511017 -59.8605363 6.12 T
196.9091172 -53.4598879 5.69 T
197.0040221 -56.3848463 7.28 T
197.0049767 -56.6841027 7.46 T
197.3339054 -51.6825940 7.72 T
197.3647043 -48.5246910 6.89 T
197.7431177 -52.5670218 6.01 T
197.9813835 -61.1173225 6.81 T
198.0728444 -59.9206799 4.58 T
198.2072127 -61.5452022 7.30 T
198.2320325 -59.8172620 6.26 T
198.3469572 -50.6999499 5.90 T
198.5497001 -58.6840216 6.02 T
198.6792066 -48.9576051 5.95 T
198.8293717 -57.2588427 7.78 T
199.0274437 -57.0615358 7.06 T
199.4357408 -47.5899251 6.62 T
199.5750142 -57.3003358 7.09 T
199.6450564 -51.2858353 6.17 T
199.6797343 -49.8782933 7.34 T
200.1455593 -59.7728482 6.24 T
200.1572824 -52.7479276 5.42 T
200.2013707 -55.8006760 6.05 T
200.2397278 -46.8798772 5.87 T
200.2928532 -51.6711731 7.54 T
200.4526526 -55.4170745 7.88 T
200.4877194 -51.2823558 7.11 T
200.4968762 -49.9127105 7.74 T
200.5308260 -60.1849915 6.91 T
200.5678138 -52.1829638 5.85 T
200.6492492 -60.9721774 6.15 T
200.6576350 -60.9885271 4.49 T
200.7188086 -47.9432603 6.27 T
200.7607417 -48.5628091 6.35 T
200.9663502 -49.8229864 6.57 T
201.0356974 -53.7931936 7.39 T
201.0910485 -53.9996021 7.58 T
201.1500726 -51.5045727 7.00 T
201.3008427 -51.8417950 7.87 T
201.3373260 -51.8897596 7.18 T
201.4358270 -47.8191256 7.60 T
201.5070664 -51.4794740 7.12 T
201.5690622 -48.7867074 6.68 T
201.7360474 -53.7868818 7.61 T
201.7764636 -49.1437390 6.30 T
201.8360103 -49.3813024 6.24 T
202.0061238 -61.0625303 7.30 T
202.0994517 -55.7800744 7.35 T
202.2287677 -62.1022849 6.79 T
202.3552077 -51.1651939 5.04 T
202.4004407 -47.8759380 6.94 T
202.4337384 -54.0029456 7.64 T
202.8788677 -46.7353283 7.54 T
202.8891082 -61.5823765 6.73 T
203.6204049 -48.2722197 6.31 T
204.2982702 -47.0156048 7.73 T
204.3037326 -61.6925552 5.72 T
204.3475652 -46.4279820 5.87 T
204.5369377 -50.3500059 6.62 T
204.7038567 -57.6227572 6.12 T
204.7251880 -55.0245060 7.38 T
204.9402523 -54.1482560 7.33 T
204.9982304 -49.9498469 6.04 T
205.1119550 -53.8602106 7.81 T
205.2901218 -59.2278447 7.70 T
205.4359566 -54.5593996 5.20 T
205.5041825 -58.7871402 5.37 T
205.6690114 -61.7378372 6.88 T
205.7337135 -56.7679970 5.97 T
205.9885833 -59.2360656 6.48 T
206.0066549 -59.2360381 7.60 T
206.0663935 -51.0125720 6.42 T
206.3624904 -48.7914750 6.82 T
206.5320325 -52.5140597 7.63 T
206.5600520 -54.6835232 6.44 T
206.5683029 -46.3665716 7.56 T
206.5749426 -62.4516063 6.63 T
206.6641886 -51.4329349 4.74 T
206.7936850 -52.2693700 6.93 T
206.8657398 -50.2492236 5.94 T
206.9092202 -50.3207155 5.60 T
206.9188322 -50.1251710 7.30 T
207.3090910 -62.1033511 7.66 T
207.3123540 -60.7526153 7.53 T
208.6803460 -61.3345439 7.17 T
209.3371945 -62.4893576 6.74 T
180.3708333 -57.5036111 6.16 B
180.7562500 -63.3127778 4.33 B
181.0800000 -63.1655556 4.72 B
181.2379167 -60.9691667 5.96 B
181.4716667 -65.5472222 6.33 B
181.5962500 -65.7091667 6.06 B
181.7204167 -64.6136111 4.15 B
182.1025000 -60.8472222 6.22 B
183.0916667 -62.9508333 5.92 B
183.5700000 -64.4086111 6.22 B
184.6087500 -64.0030556 4.04 B
185.3400000 -60.4011111 3.59 B
185.4895833 -56.3747222 5.92 B
186.6287500 -63.1225000 4.86 B
186.6495833 -63.0991667 1.33 B
186.6520833 -63.0994444 1.73 B
186.8525000 -63.7891667 6.00 B
187.0787500 -64.3413889 6.04 B
187.1391667 -56.4077778 6.15 B
187.7912500 -57.1133333 1.63 B
187.9825000 -63.5061111 5.95 B
188.8708333 -61.8419444 6.22 B
190.7095833 -63.0586111 5.31 B
191.4079167 -60.9811111 4.69 B
191.9300000 -59.6886111 1.25 B
196.3783333 -52.1150000 6.43 B
198.5616667 -59.1033333 4.92 B
204.9716667 -53.4663889 2.30 B
205.7275000 -50.7905556 6.41 B
208.0200000 -52.8116667 5.25 B
208.4295833 -53.3736111 5.89 B
209.0825000 -54.1319444 6.14 B
209.1375000 -54.7044444 6.00 B
