213.5225571 54.6374825 7.68 T
213.8206312 52.5359106 6.57 T
213.9996588 56.6885221 6.73 T
214.0192888 50.1704064 7.84 T
214.0348951 56.7127325 7.16 T
214.0398679 51.3677913 4.76 T
214.0493133 51.3768430 7.39 T
214.0942310 46.0893000 4.18 T
214.1275015 55.2981362 7.01 T
214.1864821 53.2635584 7.88 T
214.2638194 54.5425215 7.10 T
214.3379087 51.3073472 6.20 T
214.4422691 51.8583662 7.12 T
214.4497617 55.4253314 6.88 T
214.4549056 48.0017464 6.37 T
214.6296019 52.0333064 6.93 T
214.7189968 48.5920569 7.13 T
214.7327792 54.8637315 6.49 T
215.4994057 53.5212196 7.52 T
215.5052005 51.1116038 7.95 T
215.6203838 60.9651862 7.48 T
215.6575397 59.7796211 7.77 T
215.9023675 49.4049278 7.33 T
216.0223037 49.5324105 7.26 T
216.0305593 46.7697591 7.99 T
216.1614311 47.8302673 7.68 T
216.2967544 51.8482466 4.10 T
216.3168483 53.5844951 7.17 T
216.7145928 56.0364256 7.52 T
216.9014287 59.7227094 7.78 T
216.9278028 58.3346353 7.81 T
216.9319272 49.3965992 7.45 T
217.1546137 49.8445603 5.68 T
217.2415082 60.3864332 7.54 T
217.3011553 47.9899640 7.88 T
217.4303764 48.8955739 7.94 T
217.9277761 60.2257602 6.29 T
217.9595456 51.0212677 7.50 T
218.1289821 55.3979216 5.90 T
218.3682951 52.9103342 7.36 T
218.4685867 55.2360921 7.99 T
218.5205701 46.7865409 6.51 T
218.5688830 57.0638148 6.53 T
218.6246042 59.8577154 7.83 T
218.6646607 49.3686675 5.92 T
219.1196800 49.5262893 7.81 T
219.2257230 54.8552891 7.55 T
219.2340147 48.2219295 7.84 T
219.5025293 51.5784300 7.08 T
219.5636004 54.0232156 5.82 T
219.6556143 54.8531719 7.48 T
219.8507498 53.4399760 7.24 T
220.0428875 57.7132488 7.92 T
220.0692549 48.7093072 7.91 T
220.2551801 57.9567624 7.53 T
220.2592227 52.2353486 7.29 T
220.5030627 52.0053448 7.59 T
220.5145364 61.2616999 6.33 T
220.5970301 54.8033218 7.69 T
220.8373369 53.7939177 7.41 T
221.0153020 61.0980782 6.92 T
221.1432457 60.0536659 7.70 T
221.5974528 56.6164033 6.72 T
221.6249952 50.3982888 7.82 T
221.7610731 59.7101846 7.35 T
221.8478871 47.9094670 7.95 T
222.2774979 54.2314749 7.20 T
222.3277306 46.1157287 5.81 T
222.3850649 51.3744837 6.53 T
222.3974167 46.5734939 7.59 T
222.4216206 48.7216034 6.31 T
222.4216206 48.7216034 6.67 T
222.5563885 52.4149666 7.21 T
222.7016232 57.4111419 7.93 T
222.8586625 59.2948420 5.64 T
223.0135907 46.4762834 6.90 T
223.0231889 52.5893695 7.71 T
223.0860370 48.6705257 7.71 T
223.1300742 55.7452077 7.18 T
223.4235879 55.0102242 7.95 T
223.5269893 59.5147721 7.38 T
223.6406738 46.5935446 7.46 T
223.7857728 53.6833341 7.85 T
223.9034798 52.5671587 7.93 T
224.0970724 49.6270277 5.69 T
224.2842717 48.3959949 7.76 T
224.3355550 57.6489534 7.27 T
224.5767395 50.1042084 7.97 T
224.6638274 61.6669583 7.23 T
224.8883443 53.8708085 7.57 T
224.8943161 53.8601855 6.86 T
225.0998287 55.6182743 7.20 T
225.1470181 50.5780692 7.86 T
225.1612371 47.2775346 6.33 T
225.3595862 49.1946658 7.38 T
225.3626839 60.2045222 5.92 T
225.6303614 51.6194080 7.37 T
225.8400529 56.0346031 6.98 T
225.8612120 60.0255733 6.84 T
225.9429710 47.6541043 5.20 T
225.9443786 47.6546718 6.09 T
226.0732551 59.5350544 7.42 T
226.3486272 55.6774866 7.75 T
226.3570299 48.1511512 5.58 T
226.5094372 57.7520924 7.85 T
226.5701643 54.5563986 5.36 T
226.5765464 59.8248324 7.72 T
226.7132142 53.3159447 7.93 T
226.8354961 52.7427569 7.47 T
226.8941030 52.9936282 7.87 T
227.0632246 57.6568420 7.90 T
227.0813835 50.0548341 6.44 T
227.1375914 53.2626640 7.48 T
227.3434181 57.1115278 7.50 T
227.8502976 59.0538844 7.73 T
227.8956744 49.9030227 7.89 T
227.9873882 56.0251638 7.94 T
228.1092420 52.9302062 7.75 T
228.1820416 48.5810322 7.28 T
228.2411239 56.0465025 7.55 T
228.2513716 49.7752802 7.38 T
228.4958030 47.9689264 7.49 T
228.9615103 50.9381728 6.56 T
229.1667217 60.0993413 7.79 T
229.4099011 47.7387438 7.77 T
229.5662338 58.7941661 7.43 T
229.6897718 58.5035949 6.99 T
229.8275277 61.3748357 7.45 T
229.8506070 50.2147369 7.62 T
229.9679850 62.4745437 6.75 T
229.9986289 60.3397996 7.76 T
230.0206666 60.3805931 7.64 T
230.0215667 51.9585873 5.66 T
230.2654885 53.9286339 7.66 T
230.3617791 52.3444847 7.70 T
230.5312485 55.6903239 7.96 T
230.6553861 62.0468488 5.98 T
231.0702380 60.5505107 7.42 T
231.1473597 54.2124578 6.89 T
231.2322953 58.9661630 3.42 T
231.2611697 55.6110015 7.89 T
231.2827596 47.0606197 6.87 T
231.3843854 50.5941215 7.87 T
231.6170585 52.0526672 7.28 T
231.6343324 54.0202213 6.44 T
231.8121627 50.6195761 7.82 T
231.9204243 62.2755253 6.55 T
231.9640470 60.6701913 6.08 T
232.1635838 61.7266992 6.91 T
232.1847897 47.2015544 6.15 T
232.2133458 57.4462079 6.96 T
232.2366659 55.1951694 6.44 T
232.3375159 62.0994809 6.47 T
232.3471885 47.7134474 6.86 T
232.5401550 46.3861348 7.77 T
232.9412342 59.7206390 7.99 T
233.7996510 49.9941449 7.07 T
233.8118240 49.6983329 7.54 T
233.8172832 53.9221677 6.10 T
233.8346459 59.6792098 7.95 T
233.9872651 54.6304864 5.77 T
234.0172577 52.0703308 6.73 T
234.3830009 54.5085879 5.97 T
234.4805679 50.0806369 7.79 T
234.5683964 46.7969163 5.78 T
234.6424702 50.4230627 5.93 T
234.6615806 55.8991481 7.29 T
234.6764080 57.5206885 7.98 T
234.7272064 57.4617074 7.55 T
234.7452788 46.9264395 6.96 T
234.7895796 57.9244543 6.57 T
235.0804257 48.0554516 7.82 T
235.7108258 52.3610848 5.47 T
236.0234569 52.9057347 7.85 T
236.0876017 52.9839394 7.44 T
236.1741738 58.4339375 7.41 T
236.3729038 55.2510238 7.74 T
236.4290535 57.2633390 7.83 T
236.4495690 59.3118317 7.87 T
236.6435185 55.4752715 6.08 T
236.6605638 56.7702450 7.91 T
236.6672425 62.5992083 5.20 T
236.8577027 59.4858619 7.96 T
236.8826835 59.5684871 6.67 T
236.9081239 55.3767074 5.91 T
237.3137561 60.5274000 7.97 T
237.3199259 56.2360738 7.43 T
237.7919101 52.9069460 6.89 T
237.8683590 57.1421408 7.52 T
238.0687175 55.8270496 5.91 T
238.9563735 58.9119325 6.30 T
239.0101539 54.9523693 7.79 T
216.2991667 51.8508333 4.05 B
217.1575000 49.8447222 5.59 B
218.5662500 57.0652778 6.48 B
224.0958333 49.6286111 5.63 B
224.3958333 65.9325000 4.60 B
225.7775000 44.6444444 6.65 B
225.9475000 47.6544444 4.76 B
239.4475000 54.7497222 4.95 B
