22.5254368 47.0070185 5.37 T
23.3913835 40.9013175 7.46 T
23.5693088 37.2370464 5.88 T
23.9598757 33.8344853 6.66 T
23.9702648 41.0764257 6.51 T
24.0130278 47.1144024 7.05 T
24.1131900 48.7226603 6.35 T
24.1947609 48.3154473 7.44 T
24.2756905 49.0755858 7.62 T
24.3216424 46.9486846 7.86 T
24.4368083 48.4128589 6.86 T
24.4987264 48.6275099 3.72 T
24.6324396 45.3997100 6.37 T
24.7753969 41.1610037 7.28 T
24.7821389 36.5432066 7.23 T
24.8372918 44.3862319 5.11 T
24.9020155 45.8763471 6.69 T
24.9926235 41.6667250 6.95 T
25.0173926 40.6836154 6.78 T
25.1452095 40.5769016 4.94 T
25.1661147 43.2974310 5.66 T
25.2529188 49.1039327 7.46 T
25.4533300 42.6124849 5.03 T
25.5149279 35.2455608 5.61 T
25.5161609 43.6399995 7.21 T
25.6532955 48.4163497 7.68 T
25.8199981 45.3226886 6.44 T
25.9710659 49.6564492 7.42 T
26.0574092 48.2112779 7.00 T
26.0965642 37.6682736 7.18 T
26.1612384 36.9381378 7.32 T
26.3351551 35.7124603 7.54 T
26.5796353 43.7056541 7.46 T
26.7106572 38.7486695 7.81 T
26.8631377 43.0803554 7.86 T
26.9501968 46.2293882 6.37 T
27.1631063 37.9526973 6.04 T
27.3144530 47.8968292 6.47 T
27.3144530 47.8968292 7.22 T
27.6248953 38.3025045 7.62 T
27.7214264 35.8448889 7.18 T
27.7608545 47.4194623 7.26 T
27.8241663 38.8355796 7.91 T
27.9315673 46.3386507 7.99 T
28.0928183 37.4290058 6.95 T
28.1392632 44.8123787 7.72 T
28.2945646 37.3209352 7.58 T
28.3221738 40.7297674 5.54 T
28.7244821 40.7016123 6.39 T
28.7405548 37.1281872 6.40 T
28.9421407 42.8442154 7.60 T
28.9770853 37.2777613 6.07 T
29.0404484 37.2519001 5.79 T
29.1340770 41.8920540 6.96 T
29.4821889 40.7600595 6.92 T
29.4848872 41.6945346 6.74 T
29.4968938 47.0954761 6.61 T
29.5939133 43.6219398 7.64 T
29.6396757 49.2046235 5.81 T
29.6936793 36.6026740 7.33 T
29.9428886 49.4785228 7.27 T
30.0728500 38.5974867 7.48 T
30.5835398 46.8423842 7.07 T
31.4420622 39.7597106 7.60 T
31.5072530 41.5327810 6.89 T
31.5435450 46.8596290 7.50 T
31.5475896 49.1563084 7.91 T
31.6026652 38.8997381 7.94 T
31.9695493 35.5536447 7.57 T
32.1231292 37.8588161 4.80 T
32.1399656 44.4591206 6.49 T
32.2205249 39.3486985 7.64 T
32.2653660 41.9654389 7.13 T
32.2971105 45.8408138 7.64 T
32.3870745 34.9870451 3.02 T
32.4110034 42.8574528 7.38 T
32.4175435 42.0083177 7.71 T
32.7200299 39.0394709 6.05 T
32.7236653 39.0432056 6.71 T
33.2296542 40.6677420 7.28 T
33.3053195 44.2315579 5.00 T
33.3723099 40.7901032 7.38 T
33.5094300 47.4839308 6.56 T
33.5094300 47.4839308 7.21 T
33.6933065 46.6873876 6.90 T
33.7188604 48.7822895 6.85 T
33.9909663 47.8116169 6.49 T
34.0078075 42.6968370 7.94 T
34.1499832 49.8198473 7.73 T
34.2721841 34.2227036 4.93 T
34.2813638 45.8383546 7.66 T
34.3289507 33.8468612 4.00 T
34.5472669 48.1481580 7.29 T
34.6508666 40.2786994 7.26 T
34.7948976 46.4722009 6.23 T
34.8194224 47.3799322 5.31 T
34.8435257 48.9559132 6.46 T
34.9055501 39.8348594 6.61 T
35.1731050 47.3107438 6.14 T
35.2609281 37.0698790 7.66 T
35.2611550 42.9438605 7.26 T
35.3984624 44.5998497 7.21 T
35.7089774 41.3956769 5.83 T
35.7103594 43.5176720 7.74 T
35.7262161 41.4798748 7.42 T
35.8183387 46.1398993 7.59 T
35.8222008 38.2527067 7.12 T
36.0451353 39.3460380 7.80 T
36.0690180 39.8286049 7.34 T
36.1040639 50.0063239 5.29 T
36.3157718 37.1188395 7.33 T
36.5497378 40.8860944 7.86 T
36.7019108 35.6141753 7.04 T
36.8698482 41.0481714 7.98 T
36.8943642 48.2317792 7.69 T
37.0421235 38.8410397 7.07 T
37.2813996 37.3296168 6.80 T
37.3222817 38.2252242 7.30 T
37.4426491 46.0313391 6.84 T
37.5518194 38.9515479 7.58 T
37.5696966 33.8333280 6.37 T
37.6974055 36.1170976 7.83 T
37.8150788 46.3948359 7.13 T
37.8673984 37.4539782 7.73 T
37.9763431 46.5852555 7.05 T
38.0260793 36.1473593 5.32 T
38.0928848 40.2723430 6.83 T
38.0968017 40.0852576 7.65 T
38.1850332 39.5498146 7.75 T
38.2188639 34.5423095 5.95 T
38.2328944 37.3333354 7.53 T
38.2892243 42.8957946 7.23 T
38.4282360 34.3411912 7.70 T
38.5347297 38.7349846 6.79 T
38.5739024 35.1498695 7.37 T
38.6677649 50.0657284 6.97 T
38.6802928 34.0842507 7.64 T
38.7989589 49.8602921 7.80 T
38.8082778 40.5966317 7.87 T
38.8663827 39.6641711 6.33 T
38.8914408 44.6399579 7.55 T
38.9113884 37.3121835 5.87 T
38.9452949 34.6872287 5.57 T
38.9588728 34.7252277 6.75 T
39.0787480 40.2047935 7.50 T
39.1508997 42.4003765 6.78 T
39.2394539 38.7325445 5.96 T
39.2576404 42.0623923 7.36 T
39.3369509 39.8960415 6.50 T
39.4768718 38.9184182 7.63 T
39.5740322 37.7264170 6.25 T
39.6165851 38.0891148 6.28 T
39.7152095 39.1501578 7.83 T
39.7872827 46.2033926 7.91 T
40.0873702 49.5601992 6.61 T
40.1539475 44.0911602 7.33 T
40.3047112 47.5713088 7.73 T
40.5619890 40.1928012 4.96 T
40.6230051 40.2611185 7.56 T
40.7212900 37.1738884 7.93 T
40.7577919 48.2652302 6.44 T
40.8865783 46.9815133 7.93 T
40.8980947 43.5378167 6.80 T
40.9331414 41.4978295 7.62 T
41.0215123 44.2970047 5.53 T
41.0479285 35.1148608 7.22 T
41.1387020 46.8408069 6.95 T
41.4629684 40.9110433 7.71 T
41.4979285 40.6117085 7.72 T
41.7434296 35.9834962 6.38 T
41.7645822 35.5543316 6.42 T
41.7852398 42.1754091 7.75 T
41.8798034 44.2721551 6.54 T
41.9786936 44.2062547 7.82 T
42.0585961 43.6224993 7.43 T
42.2092079 49.1838034 7.54 T
42.2947914 47.2178190 6.78 T
42.3612445 33.9362822 7.36 T
42.3619780 37.3264119 6.50 T
42.3964768 47.1424197 7.71 T
42.6469575 36.9475189 6.50 T
42.6476625 38.3179882 4.25 T
42.6657450 48.2907257 7.88 T
42.8785579 35.0593558 4.74 T
42.9236326 46.8417853 5.96 T
42.9703732 44.8941423 6.68 T
43.1666075 48.8163920 7.04 T
43.3378655 48.5698971 6.37 T
43.4279754 38.3369775 5.39 T
43.5041658 47.1608191 6.82 T
43.5605142 42.5882828 6.94 T
43.6346797 48.1450328 7.75 T
43.9082782 48.3401040 7.16 T
44.1293550 49.7926414 7.83 T
44.1387249 47.1640075 6.18 T
44.3141605 46.0199159 7.96 T
44.4750609 46.6610894 7.61 T
44.5375537 42.1111725 7.97 T
44.7060526 43.3642542 6.76 T
44.9575715 47.2208256 5.58 T
24.1991667 41.4055556 4.09 B
25.4466667 42.6136111 4.95 B
26.1104167 46.1397222 6.35 B
28.0391667 50.7927778 5.79 B
28.2116667 51.4747222 6.26 B
29.0387500 37.2516667 5.67 B
30.7416667 33.2838889 5.50 B
30.9750000 42.3297222 2.26 B
30.9779167 42.3308333 4.84 B
32.8541667 31.5263889 6.23 B
33.4012500 51.0658333 5.31 B
33.9841667 33.3588889 5.28 B
34.2633333 34.2241667 4.87 B
34.3891667 44.3069444 6.70 B
35.2425000 50.1513889 5.59 B
