126.4139195 -17.4394211 6.56 T
126.4815616 -14.9294273 5.97 T
126.6742312 -12.5347638 5.65 T
126.8153100 -3.5254829 7.86 T
126.8217277 -6.4099281 6.66 T
126.8618321 -14.9352159 6.64 T
126.8955798 -5.1491456 7.25 T
126.9202998 -4.4151262 6.87 T
127.0825265 -8.8165377 6.56 T
127.0964051 -4.2858777 7.98 T
127.0990777 -13.5550617 7.97 T
127.1214227 -2.5172053 6.45 T
127.2124887 -9.7485527 6.04 T
127.4609749 -10.4663082 7.25 T
127.5791141 -2.3803103 7.90 T
127.6018557 -7.0401510 7.52 T
127.6050689 -13.4684393 7.32 T
127.6185191 -12.6336963 7.79 T
127.6491029 -10.1975210 7.70 T
127.7640392 -15.1847281 7.87 T
127.7657758 -14.0120770 7.51 T
127.9403422 -8.8539816 7.96 T
128.1387064 -15.0299558 6.41 T
128.1470410 -5.8995516 6.96 T
128.1566113 -14.4179461 6.75 T
128.1592794 -3.1789659 7.62 T
128.2951412 -5.2227391 6.81 T
128.3237448 -5.3281861 7.39 T
128.3896330 -16.1095838 6.67 T
128.5065318 -2.1514320 5.79 T
128.5125827 -1.5688237 7.54 T
128.5388246 -9.9527084 7.66 T
128.6566853 -2.7546279 7.63 T
128.8673631 -7.9821911 5.71 T
129.0952991 -13.1512389 7.99 T
129.3632076 -4.9339769 6.29 T
129.3901710 -12.5855301 6.71 T
129.4576828 -6.8065935 6.82 T
129.4710379 -12.7059113 7.23 T
129.4888388 -8.8817602 7.08 T
129.5066866 -11.7437558 6.56 T
129.5844313 -6.6623460 6.57 T
129.7344152 -6.8483894 7.17 T
129.7943697 -16.0326452 7.76 T
129.8121668 -12.7375186 6.64 T
129.9731092 -17.3039243 6.85 T
130.0056248 -12.4753710 5.13 T
130.1004282 -14.6968542 7.45 T
130.1722582 -12.1689861 7.86 T
130.2565323 -9.0519851 6.63 T
130.2582784 -14.2931809 7.83 T
130.4305922 -15.9439950 4.98 T
130.4555545 -8.5598229 7.90 T
130.5243719 -17.4295372 7.88 T
130.5406971 -11.9660945 6.47 T
130.6276034 -8.4985392 6.99 T
130.7238973 -9.8056799 6.93 T
130.7817683 -12.4220846 7.64 T
130.8857159 -14.0418117 7.63 T
130.9181416 -7.2337241 4.72 T
131.0167680 -4.2021766 7.32 T
131.2196757 -8.2575478 7.68 T
131.3352651 -2.6012091 7.54 T
131.3368678 -2.6010686 6.89 T
131.4703145 -6.9666228 7.84 T
131.5105623 -2.0483565 5.81 T
131.5284410 -11.0066755 6.42 T
131.5940365 -13.5478114 4.40 T
131.8122127 -1.8969897 5.28 T
131.8393651 -17.0529211 6.57 T
131.8968557 -13.5265699 7.50 T
132.0204254 -6.5590368 6.22 T
132.0632584 -7.9725014 7.98 T
132.3142109 -15.5649735 7.32 T
132.3403975 -3.4431598 5.27 T
132.4188068 -8.6384507 6.84 T
132.4294335 -5.6944809 7.25 T
132.6034726 -4.1984091 7.02 T
132.6509880 -4.6993219 7.04 T
132.7846890 -13.7320082 7.65 T
132.8930663 -7.1773756 5.75 T
132.8930663 -7.1773756 7.41 T
132.9371840 -6.7840842 7.82 T
133.0848737 -12.8093419 6.88 T
133.1283552 -13.2329298 6.24 T
133.1476572 -15.7516372 7.72 T
133.2718196 -16.9527894 6.55 T
133.4015274 -17.3591421 7.41 T
133.5721976 -5.4342888 6.07 T
133.7276882 -7.8184661 7.70 T
133.7396197 -15.7788316 7.23 T
133.7432405 -3.5554692 7.00 T
133.8211041 -11.3718367 6.88 T
133.8449358 -3.1480109 7.13 T
133.8734641 -7.9699900 6.93 T
133.9193331 -2.7906253 7.04 T
133.9291482 -14.0403253 7.91 T
133.9770784 -15.4398141 6.62 T
134.1421258 -16.7089078 6.12 T
134.2066411 -17.4347000 7.40 T
134.3808069 -7.4106507 7.97 T
134.4936637 -4.8595360 6.72 T
134.6846470 -16.1313980 5.87 T
134.9056844 -17.1857283 7.91 T
135.0907864 -9.1245715 7.86 T
135.1369453 -12.1408732 7.41 T
135.1387397 -16.1533104 7.60 T
135.1901677 -9.1914871 7.25 T
135.2234907 -4.5116457 7.69 T
135.2588269 -9.2197576 7.38 T
135.3460035 -3.3682114 7.85 T
135.4082721 -1.4763953 7.37 T
135.6005408 -2.3659869 7.50 T
135.8380137 -4.4415376 7.48 T
135.9307604 -5.1713355 6.81 T
136.1730422 -17.2369970 7.20 T
136.2385301 -10.1216477 7.29 T
136.6244128 -2.5993999 7.41 T
136.8114300 -13.3071433 7.08 T
136.9352890 -10.4906335 7.87 T
136.9498143 -9.8536597 7.83 T
136.9916281 -7.8050621 7.41 T
137.0063968 -2.4763558 7.19 T
137.0771602 -12.0135526 7.80 T
137.1017216 -15.1460294 7.36 T
137.1756355 -8.5895240 5.60 T
137.1855404 -16.2777300 6.60 T
137.2051208 -10.7581625 7.22 T
137.2981152 -12.3577017 5.87 T
137.3089915 -8.1820711 7.83 T
137.3981004 -8.7876929 5.57 T
137.5428722 -16.8625898 7.01 T
137.6032333 -14.9002064 7.83 T
137.6329881 -3.4267383 7.70 T
137.7290904 -15.4593570 7.98 T
138.0036863 -4.5552129 7.57 T
138.0776057 -11.0789177 7.95 T
138.1083995 -7.1097097 6.13 T
138.2383206 -15.4192744 7.47 T
138.5128254 -14.6949470 6.57 T
138.7166371 -1.5871468 6.98 T
138.7210823 -8.7579484 7.28 T
138.8332224 -9.0614205 7.89 T
138.8432482 -8.4827620 6.99 T
138.8538795 -15.0250252 6.32 T
138.8880564 -8.7426365 7.88 T
139.0180227 -8.3505762 7.80 T
139.1144102 -13.8339803 6.84 T
139.1722651 -8.7447487 5.46 T
139.1740544 -6.3531311 5.36 T
139.2376665 -11.1035423 6.58 T
139.2820513 -14.5741070 5.95 T
139.3714789 -11.9622262 7.20 T
139.7416675 -16.8008615 7.01 T
139.7811359 -2.4580908 7.75 T
139.8883038 -15.8349882 5.94 T
139.8908845 -11.3148827 6.63 T
139.9430726 -11.9747702 4.87 T
139.9793308 -13.3058820 7.22 T
140.0874445 -9.6103377 7.03 T
140.1208224 -9.5558769 4.92 T
140.1839219 -7.7302551 7.46 T
140.2316848 -15.6184837 6.36 T
140.4365400 -2.7929024 7.20 T
140.5957469 -6.0606148 7.35 T
140.6344020 -15.2349416 6.83 T
140.7117158 -9.8389018 6.54 T
140.8759617 -16.6662347 7.32 T
141.2216961 -4.2832088 6.97 T
141.2281728 -10.9347957 7.63 T
141.2498754 -17.2187570 7.32 T
141.3500816 -5.1174335 5.76 T
141.3624029 -6.4046048 7.03 T
141.3995240 -5.8768819 7.56 T
141.5929594 -1.4641010 6.14 T
141.7659014 -12.9093998 7.80 T
141.8108907 -9.2237719 6.58 T
141.8967595 -8.6583936 2.14 T
141.9435181 -6.0717129 5.48 T
141.9749107 -14.8687233 7.50 T
142.0854702 -9.9869878 6.94 T
142.1448745 -16.5239232 7.84 T
142.1751322 -10.2711343 7.73 T
142.2893572 -2.7508976 7.28 T
142.3270605 -3.1653756 6.97 T
142.3515230 -2.2051624 6.15 T
142.3613573 -17.5052558 7.10 T
142.3848657 -4.2469688 6.35 T
142.5411031 -6.0021843 7.92 T
142.5930774 -15.5777759 5.99 T
142.7297801 -5.6612921 6.95 T
142.8684453 -12.0627009 7.10 T
142.9125464 -10.5520727 6.16 T
142.9445603 -3.3841298 7.77 T
142.9474726 -7.4960652 7.82 T
142.9654501 -5.0800827 7.70 T
142.9814810 -10.3702123 6.26 T
143.2323483 -13.5167970 6.12 T
143.2579287 -8.5055684 6.22 T
143.3325419 -7.1903604 6.38 T
124.8129167 -10.1658333 6.32 B
133.5745833 -5.4344444 6.00 B
133.8016667 -18.2413889 5.75 B
134.6829167 -16.1327778 5.86 B
134.9162500 -19.2080556 6.18 B
135.4916667 -0.4827778 5.67 B
144.4645833 -9.4244444 6.40 B
144.9475000 -10.5702778 6.31 B
