48.0087454 0.1076985 7.14 T
48.0409374 -0.2453865 7.78 T
48.1098092 6.6608712 5.68 T
48.1946971 -1.1965414 5.13 T
48.4792210 -6.6655920 7.78 T
48.6506067 -2.3327147 7.33 T
48.6768219 -6.7024117 7.30 T
49.0036121 -5.9187394 6.38 T
49.0036121 -5.9187394 7.93 T
49.0257015 -7.9274339 7.49 T
49.0906668 -5.7306117 6.50 T
49.1140039 -4.2874764 7.10 T
49.1699457 -3.5305509 7.54 T
49.1849294 -3.3639784 7.71 T
49.2878450 6.7997031 6.99 T
49.2922973 -4.1398432 7.42 T
49.2995765 1.5580555 7.79 T
49.3610006 7.6557659 7.44 T
49.3876562 7.6900921 7.82 T
49.4390871 3.6810929 7.90 T
49.5950025 -0.9306856 5.60 T
49.5950025 -0.9306856 7.97 T
49.7594861 -2.8438305 7.13 T
49.8420909 3.3707828 4.92 T
49.9373039 1.1990558 7.39 T
50.0075310 1.4836502 6.83 T
50.0088874 -1.5921482 7.77 T
50.2787005 3.6754734 5.79 T
50.5213031 4.2106468 7.61 T
50.5471571 -5.1377309 7.93 T
50.8237511 -7.7954674 6.31 T
50.9012404 0.9095015 6.60 T
50.9124054 4.8820828 6.53 T
51.2904708 -4.4778270 7.34 T
51.3346601 -4.6552157 7.10 T
51.4348400 5.9353135 7.69 T
51.7053553 0.0261915 7.21 T
51.7308263 -7.9824592 7.79 T
51.8078790 2.2800378 7.41 T
51.8831740 5.8701649 7.32 T
51.9068131 7.7504247 7.65 T
52.1793380 4.3570472 7.69 T
52.2658462 3.2487576 6.50 T
52.4125382 -6.8050100 6.10 T
52.6864537 5.5130640 7.70 T
52.6895384 6.1885876 6.03 T
52.6963854 5.3669805 7.12 T
52.6984743 5.1525493 7.56 T
52.7559340 7.1982165 7.74 T
52.7665401 -0.4813586 6.65 T
52.9169736 -3.4976337 7.29 T
53.0109582 -7.8400287 7.56 T
53.0167827 7.5662580 7.76 T
53.0638576 -7.0904197 7.36 T
53.1615339 3.1499782 7.95 T
53.2129847 5.2544195 7.43 T
53.3006010 -1.8606414 7.54 T
53.4079661 -7.4149556 7.61 T
53.4202105 -7.4289496 7.96 T
53.4366305 6.9259717 7.26 T
53.5568082 3.4320640 7.64 T
53.5663993 -6.5206824 7.99 T
53.7043524 6.4175845 6.55 T
53.7249242 -3.4120981 7.54 T
53.7924023 5.7137980 7.54 T
53.9884909 -5.1249468 6.62 T
54.1969304 0.5867458 6.00 T
54.2168047 0.3986496 4.35 T
54.4100419 1.1224975 7.53 T
54.4580196 4.1455683 7.25 T
54.4601337 0.1410448 7.29 T
54.4684354 5.6414633 7.84 T
54.6218859 -7.3922545 5.96 T
54.6788625 2.7277113 7.86 T
54.7275849 -1.5256184 7.40 T
54.7296907 2.7633620 7.22 T
54.7545662 -5.6275082 6.07 T
54.9097017 -3.3934421 6.33 T
54.9351689 -1.5927452 7.62 T
54.9468501 -6.7770337 6.98 T
54.9627800 3.0569135 5.66 T
54.9984101 -1.1212701 6.23 T
55.0391073 -1.8967867 7.39 T
55.0649618 7.5850365 7.47 T
55.0962678 -3.2183087 6.74 T
55.1168960 5.1258354 6.77 T
55.1597248 -5.2107340 5.49 T
55.1999794 -2.3340761 7.08 T
55.5859699 7.5521587 7.81 T
55.6815670 -4.6054539 7.69 T
55.6914899 7.9028313 7.77 T
55.8432760 -2.0700387 7.25 T
55.9782250 -7.8826453 7.76 T
56.1271452 -1.1631219 5.21 T
56.2357701 -0.2967437 5.72 T
56.2612919 2.6209280 6.70 T
56.4186472 6.0499084 5.32 T
56.4332977 7.1888790 7.20 T
56.5390270 6.8031879 6.03 T
56.6053757 7.2440763 7.82 T
56.9480125 -4.8367858 7.57 T
56.9951061 -2.8614081 7.01 T
57.1583262 -4.4214411 7.72 T
57.1627136 0.2278214 6.04 T
57.1979821 -7.0151341 7.31 T
57.3301677 -1.4535315 6.74 T
57.4106763 -2.3287081 7.29 T
57.5374180 6.6204608 7.82 T
57.5679999 -1.5224154 6.54 T
57.5768716 -3.8886879 7.66 T
57.5843596 -5.0762044 7.89 T
57.6747022 1.5639386 6.70 T
57.7658020 1.7249514 7.78 T
58.0009765 6.5347947 5.77 T
58.0327555 -3.5971687 7.78 T
58.0360831 -1.1488775 6.76 T
58.0716020 -0.6555933 6.84 T
58.1286307 -5.0539448 6.78 T
58.1735517 -5.3612565 5.46 T
58.1987833 1.7476970 7.82 T
58.2496174 -4.3712435 7.55 T
58.2848811 -6.6337728 6.54 T
58.3053765 7.7698979 7.52 T
58.3761232 2.1189847 6.71 T
58.6135502 5.1744467 7.46 T
58.6770854 2.0900206 6.91 T
58.7889423 -4.9746546 7.77 T
58.9555091 -4.5271421 7.11 T
59.0242503 -7.6417662 7.62 T
59.1509167 6.7102224 7.88 T
59.1576110 3.0578847 7.15 T
59.2573804 6.0395405 6.08 T
59.4358799 5.7386112 7.87 T
59.5645631 7.6052662 7.79 T
59.5974599 7.4737016 7.73 T
59.6583085 -2.6515159 7.72 T
59.6668478 -3.6651671 7.19 T
59.7180326 -5.4710291 5.95 T
59.9232718 1.7948027 7.28 T
60.3837177 -1.5497347 5.24 T
60.5719620 -1.6328977 7.77 T
60.6217619 3.8471934 6.91 T
60.6540446 -0.2704982 5.44 T
60.6603530 -0.8010918 6.93 T
60.7412443 8.1400066 7.37 T
60.7891118 5.9892895 3.89 T
60.8291960 3.0778126 7.17 T
60.8384291 3.1878851 7.28 T
60.9358754 5.4355787 5.29 T
60.9868915 8.1974404 5.48 T
60.9947597 -6.0518818 7.86 T
61.0085734 3.8406171 7.99 T
61.0408348 -1.1750207 7.99 T
61.0420744 2.8261464 5.40 T
61.1243093 -6.1728294 7.98 T
61.2224064 -2.4271794 7.06 T
61.3099459 -1.0120334 7.05 T
61.3169182 -0.5694051 7.18 T
61.3775316 -7.5971465 7.93 T
61.5747452 -7.8286948 7.65 T
61.6733162 1.6833328 7.88 T
61.8719443 -6.0072444 6.92 T
62.1746372 0.7825884 7.97 T
62.2881912 0.1790765 7.69 T
62.3352038 -7.9292604 7.23 T
62.3636199 6.7247131 6.74 T
62.4206202 -7.8921928 7.12 T
62.4288819 3.3223234 6.53 T
62.4548108 -3.5734570 6.85 T
62.5938570 -6.9239262 5.55 T
62.6859209 -4.8757598 7.43 T
62.7704400 -5.2707604 7.97 T
62.7888922 2.3183024 7.24 T
62.8354366 5.5230804 5.74 T
62.8818810 -0.4225079 6.70 T
62.9171869 5.3229776 7.87 T
62.9664846 -6.8370692 4.07 T
63.0386133 0.7356762 6.67 T
63.0846624 -4.4102300 6.88 T
63.1377326 -2.5119385 7.54 T
63.1810486 5.0308551 7.43 T
63.2344398 -6.3890419 6.88 T
63.2345363 1.9236668 7.49 T
63.2605390 -4.3119739 7.92 T
63.3879255 7.7160861 5.33 T
63.4089790 -1.1497725 6.40 T
63.6045669 1.6591920 7.48 T
63.7783429 3.2464396 7.51 T
63.7858340 3.9573107 7.72 T
63.8568006 6.1989483 7.01 T
63.8628613 4.0093876 7.37 T
63.8693000 6.1861989 6.38 T
63.9080260 0.0041364 7.93 T
64.0061108 0.4536302 7.39 T
64.0681967 7.1591176 7.58 T
64.1393849 -6.7276531 7.96 T
64.2302295 4.5427340 7.89 T
64.2974862 5.0244844 7.01 T
64.3223923 2.5295996 7.34 T
64.3300021 -6.4722143 6.05 T
49.5933333 -0.9302778 5.38 B
49.8404167 3.3702778 4.83 B
52.6545833 -5.0752778 4.73 B
54.2183333 0.4016667 4.28 B
58.5725000 -2.9527778 6.14 B
58.5729167 -2.9547222 4.79 B
60.6529167 -0.2688889 5.38 B
65.3629167 -0.0980556 5.86 B
