104.1075472 9.9565016 5.88 T
104.2086527 11.3917360 7.66 T
104.3566213 11.9075238 6.32 T
104.3708261 2.8879561 7.55 T
104.4210849 1.4912896 7.98 T
104.4832989 6.5491375 7.67 T
104.4908865 2.2921330 7.74 T
104.5274324 14.2286463 7.25 T
104.5559979 14.2491599 7.37 T
104.6619365 7.6221521 6.25 T
104.7375894 3.6023332 6.06 T
104.8339874 7.3168954 6.31 T
104.9198292 3.3651630 7.49 T
105.0659243 16.0789690 5.89 T
105.0753380 15.5352050 6.83 T
105.1040999 1.9315161 6.73 T
105.1545940 12.7233897 7.43 T
105.1629808 16.9590984 7.10 T
105.1637593 12.7399903 7.74 T
105.2910447 11.7745114 6.79 T
105.4227016 4.8180814 6.63 T
105.4802313 5.5571313 6.57 T
105.5729212 15.3358531 5.90 T
105.5766909 12.5817697 7.29 T
105.6065146 17.7556907 6.17 T
105.6386185 16.6743990 6.05 T
105.8034342 9.0229418 7.24 T
105.8093920 14.3359902 7.19 T
105.8245153 9.1383972 5.97 T
105.8940356 2.4372988 7.09 T
105.9086290 10.9517430 5.28 T
105.9151197 10.7702905 7.42 T
106.0675981 1.5074247 7.62 T
106.0840298 1.4884479 6.54 T
106.0852924 15.2385824 7.45 T
106.0942282 4.5720446 7.46 T
106.1279550 8.2484155 7.87 T
106.3944445 14.4730579 7.03 T
106.4128685 9.1857011 5.93 T
106.4509362 11.2240718 7.70 T
106.5725167 17.7443662 7.16 T
106.7398910 13.4028343 7.78 T
106.7768621 4.9105437 6.07 T
106.9562407 7.4710067 5.87 T
107.0918013 15.9300322 5.59 T
107.0930680 7.8813651 7.02 T
107.1249795 10.9252983 7.13 T
107.1923686 16.4950239 7.89 T
107.3740530 1.9201059 7.60 T
107.6224097 6.0722649 7.86 T
107.7077264 9.3778789 7.64 T
107.7980657 3.1916033 6.82 T
107.8203877 15.3319534 7.27 T
107.9640296 5.6546648 6.05 T
108.0310921 5.4742743 6.28 T
108.2006532 15.1783007 7.76 T
108.3428913 16.1587018 5.26 T
108.4707649 16.5801837 7.30 T
108.5574587 7.2294122 7.92 T
108.5835647 3.1114049 5.48 T
108.6356034 12.1157129 5.81 T
108.6398469 8.0333224 7.64 T
108.6412194 5.2706990 7.86 T
108.8124197 5.8184651 7.38 T
108.8754742 9.4973615 7.28 T
108.9144531 7.9777530 5.99 T
109.1855161 16.1473523 6.80 T
109.2506869 9.4629992 7.27 T
109.3013694 11.1263680 7.54 T
109.3240962 6.6809413 6.61 T
109.4104341 9.2913955 6.84 T
109.5229465 16.5401520 3.58 T
109.6680103 14.3633969 7.76 T
109.7739872 10.3149665 7.39 T
109.8432048 2.7406289 6.00 T
109.8632624 10.4436768 7.83 T
109.9489117 7.1425989 5.97 T
109.9981332 2.4603777 7.38 T
110.0285378 15.1428231 6.44 T
110.1819722 3.5816343 6.85 T
110.2053101 9.6534888 7.56 T
110.2525523 10.1955184 7.87 T
110.3181864 15.9876213 7.90 T
110.3373577 13.1647302 7.53 T
110.7557227 15.3589913 6.75 T
110.7732365 17.4095797 7.17 T
110.9999888 10.9061670 7.35 T
111.1151808 15.5171904 6.41 T
111.1440554 9.0954615 7.67 T
111.2423157 11.6694219 5.38 T
111.4120528 9.2760393 5.10 T
111.5100323 14.1029156 7.38 T
111.6155361 10.6080611 6.39 T
111.6717006 11.0087687 6.35 T
111.7879636 11.9549634 6.68 T
111.8582802 15.3163784 7.58 T
112.0086144 6.9417018 5.25 T
112.0404335 8.9256027 4.48 T
112.1747131 2.2833319 7.39 T
112.1968676 15.1097254 6.21 T
112.2971998 12.7599079 6.61 T
112.3058801 14.3583333 7.17 T
112.3245890 3.3802626 7.69 T
112.3281382 6.5821802 6.70 T
112.4491047 12.0064356 4.68 T
112.6089836 13.8648343 7.36 T
112.6150040 7.7192162 7.65 T
112.6400849 5.2546583 7.12 T
112.7356873 8.5519532 7.17 T
112.7864780 11.2028824 6.51 T
112.9519285 17.0855663 5.57 T
112.9969169 12.6610592 6.62 T
113.0110426 2.7253269 6.86 T
113.0247607 1.9144621 5.26 T
113.2772540 15.9824395 7.88 T
113.2985084 3.2906540 5.61 T
113.3525090 15.6390982 6.75 T
113.4018733 15.8265879 5.27 T
113.5204930 10.5679729 6.27 T
113.5569400 10.8243292 7.83 T
113.5662100 3.3716931 5.81 T
113.6333437 12.3046262 7.80 T
113.6924009 2.7254658 6.57 T
113.7389298 3.2768021 6.66 T
113.7628858 5.2967717 7.18 T
113.8549405 7.5798928 6.65 T
113.8882675 3.9875716 7.37 T
114.1184209 2.8676403 7.84 T
114.1318927 7.3504951 7.81 T
114.1439364 5.8623364 5.96 T
114.1991294 6.0746608 7.64 T
114.2738539 16.9042279 6.89 T
114.4233368 1.9283944 6.87 T
114.4593422 14.3405519 6.72 T
114.4622768 14.0413911 6.77 T
114.7126251 7.9662687 7.17 T
114.8691507 17.6745142 5.22 T
115.0291199 5.2309361 6.55 T
115.0291199 5.2309361 6.96 T
115.1965828 13.7712082 6.37 T
115.3964683 3.6246340 5.94 T
115.4657959 13.4803076 5.98 T
115.5133964 14.2084296 5.76 T
115.6400122 17.6925576 7.79 T
115.7093884 1.6095603 7.32 T
115.8797113 3.4853184 7.07 T
115.9062762 6.2848293 7.38 T
115.9728088 15.2575571 7.30 T
116.0316786 2.4053835 6.49 T
116.2524687 15.8949317 7.86 T
116.4484291 2.5598048 7.97 T
116.5673058 10.7681067 5.24 T
116.6550417 1.8576826 7.49 T
116.7518321 4.9251143 7.04 T
116.8853379 9.6335281 7.16 T
116.8879469 8.9722927 7.12 T
116.9585893 7.3413537 7.52 T
117.2456332 4.3336902 6.62 T
117.2578953 13.3718188 6.22 T
117.3845903 12.8141390 6.53 T
117.5946361 5.7651385 7.62 T
117.6311826 14.8414357 7.34 T
117.6978578 3.2770534 6.31 T
117.7021134 5.8594847 6.96 T
117.7128165 4.4598222 6.60 T
117.7607819 7.4380426 7.45 T
117.9248457 1.7668429 5.09 T
117.9949029 5.3497230 7.46 T
118.0942738 3.8431224 7.97 T
118.1755033 3.3837844 7.82 T
118.2723816 15.3773709 7.98 T
118.4898320 16.0360761 7.26 T
118.8777796 8.7215010 7.89 T
118.8809316 8.8622816 5.90 T
118.9484288 10.4433912 7.01 T
119.0833841 10.8647847 7.80 T
119.0950294 4.2541108 7.75 T
119.0995690 4.4855267 6.27 T
119.1156130 11.7489564 7.91 T
119.2368026 11.6882719 7.71 T
119.2475431 15.7900248 5.94 T
119.2666363 2.9508401 7.76 T
119.3161452 8.6410738 6.13 T
119.5245013 7.2134691 6.42 T
119.5850637 2.2253809 5.41 T
119.6263853 2.9358069 6.67 T
119.6310785 16.5186620 6.18 T
119.6882107 5.6232666 6.97 T
119.8959244 13.2420680 6.21 T
120.0784743 8.9743757 7.24 T
120.0896672 12.2136982 7.90 T
120.1518390 12.6417381 6.71 T
120.1970372 17.3086773 5.74 T
120.2045927 12.6784175 6.77 T
120.3076806 4.8799271 5.64 T
120.3762273 16.4552698 5.98 T
120.4613644 8.9141442 6.28 T
120.5662223 2.3352377 4.52 T
120.6779900 14.9493242 7.32 T
120.8689225 12.1809390 6.79 T
103.2058333 8.3802778 5.77 B
103.3437500 10.9963889 6.24 B
103.8941667 8.3247222 6.29 B
105.9650000 12.5944444 5.98 B
111.7875000 8.2894444 2.90 B
114.8254167 5.2250000 0.38 B
116.0583333 12.8594444 6.43 B
122.8191667 9.8211111 6.07 B
