276.6146358 -69.5094216 7.96 T
276.7645904 -69.3812374 7.99 T
277.1582243 -71.7829825 7.83 T
277.8847953 -67.9550896 7.97 T
277.9838577 -59.5625831 7.86 T
278.2306542 -73.9661767 6.00 T
278.3731338 -58.7094445 6.52 T
278.4476185 -71.7685654 7.03 T
278.7618322 -71.3244733 7.85 T
278.9925618 -60.3788945 7.97 T
279.1203743 -69.0821840 7.95 T
279.1480832 -66.8888010 7.83 T
279.1752559 -72.7868756 7.68 T
279.2304568 -58.5861259 7.72 T
279.6765386 -70.2355245 7.68 T
279.7895101 -70.8031947 7.26 T
279.7973393 -64.8633066 7.68 T
279.8203548 -59.1224214 7.25 T
279.9488059 -58.8691701 6.89 T
279.9528221 -59.3016983 7.78 T
280.0131405 -64.7259754 7.62 T
280.0875431 -58.7799777 7.11 T
280.5942046 -64.6432234 6.37 T
280.6250049 -70.3032897 7.24 T
280.6738002 -69.3870646 7.96 T
280.7589200 -71.4290904 4.13 T
280.7947625 -71.2885203 7.96 T
280.9057860 -64.5517047 5.87 T
281.0430518 -58.9805802 7.84 T
281.2983402 -61.0953372 6.19 T
281.3625768 -64.8721835 4.79 T
281.5640992 -72.8140371 6.89 T
281.7179575 -65.2495786 7.23 T
281.8455184 -60.3752120 7.47 T
282.0267326 -62.2302259 7.34 T
282.1573756 -65.0781604 5.73 T
282.2645463 -63.2694921 7.43 T
282.3794782 -58.9477407 7.92 T
282.4323034 -72.9957681 6.20 T
282.4850574 -67.2869946 7.83 T
282.8955633 -60.8959713 7.47 T
283.0417783 -73.6081511 7.82 T
283.3066187 -73.6297844 6.90 T
283.8913330 -71.0676268 7.98 T
284.0970125 -61.8190059 7.17 T
284.1697904 -65.4763742 7.57 T
284.2280208 -62.8018619 6.63 T
284.2375007 -67.2334100 4.44 T
284.3214514 -66.3320698 7.66 T
284.6194813 -64.0018935 7.09 T
284.6502914 -60.2003459 5.28 T
284.8718983 -70.4693972 6.52 T
284.9930719 -71.5349546 7.98 T
284.9940511 -71.9327751 6.78 T
285.0150250 -66.6538913 6.08 T
285.0489134 -60.2037623 6.96 T
285.2708518 -62.8652641 6.96 T
285.6517775 -64.9270007 7.68 T
285.7615492 -62.8998645 7.50 T
285.8732810 -68.7555923 5.93 T
286.0252792 -63.7847355 7.68 T
286.0252792 -63.7847355 7.69 T
286.0273472 -59.7433049 7.96 T
286.2699336 -61.5078067 7.76 T
286.3011072 -73.7791813 7.99 T
286.4909052 -63.7448999 7.48 T
286.9479399 -68.8839965 7.14 T
287.2054056 -59.3324864 7.81 T
287.2381957 -65.5339147 7.58 T
287.4729185 -68.4247126 5.41 T
287.4799241 -68.2999614 7.59 T
287.5344162 -71.5484729 6.75 T
287.6590480 -60.0457786 7.62 T
287.7060824 -64.9912727 7.98 T
287.8522137 -65.8767630 7.24 T
288.1941376 -58.2668987 7.90 T
288.3886172 -62.9230249 6.73 T
288.5475640 -67.4541860 7.21 T
289.1193384 -69.1910082 6.28 T
289.2423204 -67.1669358 7.00 T
289.2521143 -65.2278530 6.38 T
289.2879356 -61.8147228 7.37 T
289.3012015 -66.6610291 5.56 T
289.5843975 -58.8744637 7.94 T
289.7959557 -72.6498965 7.86 T
290.1778321 -74.6599328 7.80 T
290.2038430 -72.6292973 7.97 T
290.8465380 -65.5788849 7.26 T
290.8791492 -69.4069320 7.92 T
291.0224721 -68.3710878 6.48 T
291.0515801 -62.9980151 6.63 T
291.0521906 -68.2589678 7.82 T
291.0757831 -69.1428240 7.65 T
291.0766206 -70.1086641 7.86 T
291.4313419 -62.1876375 7.70 T
291.5905656 -65.1963605 7.97 T
291.5970126 -63.2299623 7.97 T
292.0258483 -69.6313818 6.78 T
292.0458695 -73.0911003 7.07 T
292.4391884 -67.3084541 7.81 T
292.6677723 -59.2216901 7.99 T
292.7546129 -73.9853382 7.39 T
292.7959640 -68.4340070 6.17 T
292.8625622 -66.5536808 7.88 T
293.0498681 -60.2699371 7.53 T
293.2018930 -73.4962661 7.61 T
293.4477812 -63.0585495 7.44 T
293.7904729 -69.9766642 7.96 T
293.9426913 -61.6310769 7.67 T
294.5445002 -63.9154995 7.64 T
294.6217167 -65.9141944 6.79 T
294.8506496 -69.3378496 7.09 T
294.8889850 -58.2317097 7.16 T
294.8947107 -69.6025266 7.05 T
294.9010149 -64.5359345 7.29 T
294.9679551 -66.6857477 6.37 T
295.2202852 -58.2697545 7.21 T
295.4054782 -65.8548437 6.26 T
295.6409774 -59.0109244 7.93 T
295.8906847 -66.9605563 7.73 T
295.9995569 -66.2989097 7.61 T
296.0708279 -74.4558038 7.66 T
296.2918557 -70.0168807 7.87 T
296.4138913 -70.6271085 7.23 T
296.7743207 -62.4540508 6.89 T
297.2808913 -61.8156049 7.36 T
297.3468614 -73.5232215 7.36 T
297.3555856 -72.5032803 5.42 T
297.3680113 -65.9793239 7.55 T
297.4725622 -66.8129891 6.60 T
297.4827944 -62.5669015 7.84 T
297.5106423 -69.3392573 7.39 T
297.5141219 -59.2641117 7.06 T
297.5906955 -61.0610818 6.18 T
297.6869490 -59.1937585 5.48 T
297.7566838 -65.6060740 6.06 T
297.8093882 -72.7955342 7.35 T
298.3223684 -72.4735867 7.73 T
298.4331802 -63.5729755 7.59 T
298.4534229 -71.4062936 7.60 T
298.6683927 -61.1707269 6.23 T
299.2765760 -58.9014398 5.24 T
299.2845997 -72.1138229 7.89 T
299.6354323 -63.1280688 7.86 T
299.6732385 -69.1645848 5.75 T
299.7213995 -68.7630500 6.39 T
299.8426684 -74.1304765 7.56 T
299.9809231 -60.0213983 7.68 T
300.0959890 -66.9506191 5.87 T
300.1498237 -72.9113266 3.94 T
300.2339191 -74.0127260 6.69 T
300.2556985 -64.8093949 6.87 T
300.2561229 -58.3878384 7.62 T
300.3513759 -60.7361114 7.59 T
300.4366983 -59.3760518 5.24 T
300.4692099 -66.9444149 5.47 T
300.4810164 -59.4481318 7.87 T
301.2867304 -63.0618207 7.73 T
301.4002215 -67.3251036 6.15 T
301.8078110 -69.5556996 7.46 T
301.9838151 -70.8150570 7.96 T
302.0851200 -66.3547529 6.63 T
302.2004415 -66.1891364 3.62 T
302.5056122 -63.6587512 7.99 T
302.5425018 -63.6232808 7.01 T
302.6439325 -71.6421013 7.71 T
303.4272971 -61.5500873 7.05 T
303.5270097 -62.4892533 7.25 T
303.6074319 -62.2792376 6.97 T
303.6115780 -63.4155832 6.12 T
303.6457752 -64.4299605 6.94 T
303.8380341 -64.8195410 7.54 T
304.2326269 -59.6437239 7.86 T
304.2904924 -67.4557926 6.75 T
304.5816984 -63.1609173 7.59 T
304.6124691 -72.9795735 6.72 T
304.6244588 -72.8080651 7.04 T
304.6819786 -61.9069876 6.60 T
304.7623460 -63.2312088 6.40 T
305.1597667 -58.7295721 7.23 T
305.2230089 -59.0359152 7.87 T
305.3100832 -73.9775553 7.95 T
305.3655099 -66.7496696 6.56 T
305.4004115 -67.3127422 6.97 T
307.6412352 -64.1903042 7.17 T
308.0025227 -65.8155206 7.53 T
272.8154167 -75.8913889 5.86 B
273.1437500 -73.6716667 5.85 B
273.6004167 -70.7513889 6.73 B
274.5037500 -68.2291667 6.33 B
275.9004167 -75.0441667 5.47 B
287.4695833 -68.4247222 5.33 B
294.6079167 -57.9833333 6.18 B
297.0050000 -56.3625000 5.35 B
299.2404167 -57.9255556 6.53 B
301.3866667 -67.3208333 6.07 B
302.1816667 -66.1819444 3.56 B
302.7800000 -57.5238889 6.37 B
310.4879167 -66.7608333 5.15 B
311.2395833 -66.2030556 3.42 B
