186.2154791 -72.6039664 6.60 T
186.3765399 -69.4767218 7.88 T
186.8700615 -58.9917170 5.65 T
187.0112114 -68.7335645 7.47 T
187.4379877 -59.0240231 7.30 T
187.5728766 -72.9853021 7.11 T
187.9178981 -59.4239460 5.56 T
187.9681197 -58.2905784 7.14 T
188.0424051 -73.0010788 6.00 T
188.1157140 -72.1330161 3.80 T
188.1236579 -59.8968319 7.76 T
188.8187643 -72.7169207 7.63 T
188.8691461 -61.8420494 6.30 T
188.8742231 -61.7409100 6.65 T
188.8832099 -68.3509421 7.50 T
189.1084112 -67.1710150 7.27 T
189.2954981 -69.1358249 2.62 T
189.7180861 -67.1930555 6.26 T
189.9821141 -66.5111790 6.24 T
190.0710141 -71.6452458 7.85 T
190.1322589 -70.5467102 7.44 T
190.4687356 -64.7287356 7.41 T
190.4853968 -59.6858433 4.90 T
190.5208375 -69.4075602 6.46 T
190.6129319 -61.0185938 7.22 T
190.7058607 -66.4577530 7.57 T
190.7092793 -63.0586415 5.33 T
190.8671769 -58.9027226 6.54 T
191.2507783 -69.0299420 7.37 T
191.2584232 -68.8307639 6.24 T
191.4099954 -60.9817219 4.80 T
191.8994307 -60.0809965 7.27 T
191.9129247 -58.2976568 6.97 T
192.0100048 -59.5932749 7.17 T
192.0688985 -67.1312881 7.63 T
192.2600874 -65.5932560 7.32 T
192.3777873 -71.7314895 7.76 T
192.4375816 -71.9862720 5.67 T
192.4808559 -64.6137519 7.65 T
192.5489857 -60.4005529 6.78 T
192.7996425 -69.6452114 7.26 T
192.8248232 -60.3297852 5.77 T
193.0062919 -73.9212454 7.69 T
193.3411921 -60.3284923 5.80 T
193.4066725 -60.3570712 6.89 T
193.4148529 -71.2735772 7.11 T
193.4537743 -60.3762289 5.96 T
193.4991593 -60.3354155 6.80 T
193.5915110 -58.4306440 6.83 T
193.6628624 -59.1467979 4.58 T
193.7602735 -62.5589219 7.72 T
193.8570535 -73.9687241 7.95 T
193.8887025 -68.9976551 7.56 T
194.1317331 -72.1852958 6.05 T
194.2484894 -59.7425073 7.41 T
194.3584477 -67.9607977 6.78 T
195.1313137 -60.3753713 7.09 T
195.3952665 -60.6714139 7.39 T
195.4973659 -69.2293222 7.48 T
195.5728091 -71.5489917 3.74 T
195.7719223 -71.4757478 5.95 T
196.2579717 -64.4416932 6.63 T
196.8511017 -59.8605363 6.12 T
196.8947114 -73.5857413 7.70 T
196.9084674 -65.8777374 7.58 T
197.0297836 -65.3058556 5.66 T
197.9649576 -69.9420176 5.96 T
197.9710485 -63.3030254 6.38 T
197.9813835 -61.1173225 6.81 T
198.0728444 -59.9206799 4.58 T
198.2037455 -66.2267020 5.90 T
198.2072127 -61.5452022 7.30 T
198.2320325 -59.8172620 6.26 T
198.4458191 -64.3133277 7.83 T
198.5077951 -62.6538627 6.94 T
198.5497001 -58.6840216 6.02 T
198.6848486 -63.5810039 7.04 T
198.7909179 -67.8805068 7.24 T
198.8116580 -67.8946454 4.76 T
198.8255449 -70.4779943 7.48 T
198.8548138 -69.6794926 6.51 T
199.1856909 -65.1386105 6.10 T
199.3039587 -66.7834777 5.02 T
199.4804925 -68.4957540 6.77 T
199.4973705 -73.3448418 7.07 T
199.5827243 -63.4491572 6.90 T
199.8289559 -72.0359124 6.20 T
199.9305026 -67.3644090 7.25 T
199.9603667 -61.9691071 7.96 T
200.1455593 -59.7728482 6.24 T
200.1596061 -69.6806247 7.50 T
200.3695504 -67.5369221 7.02 T
200.5262950 -70.5471053 7.63 T
200.5308260 -60.1849915 6.91 T
200.6492492 -60.9721774 6.15 T
200.6576350 -60.9885271 4.49 T
200.7187700 -72.1467767 6.06 T
201.0024488 -64.5357938 4.62 T
201.0562261 -67.3153694 7.81 T
201.3057967 -64.4852871 5.36 T
201.4585493 -70.6272478 5.65 T
201.8262351 -74.6918459 6.60 T
201.8502993 -66.7471598 7.80 T
201.8543118 -62.6491107 7.67 T
202.0061238 -61.0625303 7.30 T
202.0966204 -67.8694623 7.33 T
202.1945538 -69.6272184 6.18 T
202.2287677 -62.1022849 6.79 T
202.2725198 -63.8740518 7.11 T
202.2820621 -64.6758329 6.10 T
202.4772956 -65.5020132 7.72 T
202.8891082 -61.5823765 6.73 T
202.9896916 -65.3219181 6.65 T
203.0162368 -63.0419098 7.50 T
203.1366359 -69.2316713 7.12 T
203.3989381 -65.6327975 6.35 T
203.4584493 -66.0784638 7.18 T
203.6809258 -63.3353640 7.46 T
203.7964188 -62.6308655 6.81 T
203.9447044 -65.3244300 7.97 T
203.9953480 -73.3274778 7.12 T
204.0872780 -63.1457271 7.93 T
204.3037326 -61.6925552 5.72 T
204.5317581 -58.4148685 6.58 T
204.6185169 -64.0556253 7.44 T
204.6892623 -70.4450265 6.26 T
204.7515291 -64.6948927 7.86 T
205.0435996 -64.5765429 5.83 T
205.2901218 -59.2278447 7.70 T
205.5041825 -58.7871402 5.37 T
205.6116745 -69.2469620 7.70 T
205.6690114 -61.7378372 6.88 T
205.9091601 -72.9897113 7.80 T
205.9885833 -59.2360656 6.48 T
206.0066549 -59.2360381 7.60 T
206.0908520 -73.6368589 7.46 T
206.3264943 -66.7546863 7.59 T
206.5749426 -62.4516063 6.63 T
206.6357664 -62.9237244 7.91 T
206.6523961 -62.9096424 6.61 T
206.8918498 -71.2312411 6.82 T
206.9603177 -59.8765528 7.64 T
206.9867020 -63.8621853 7.88 T
207.1666507 -59.4957473 7.32 T
207.3123540 -60.7526153 7.53 T
207.6086700 -59.7480218 7.91 T
207.8619292 -73.1437751 7.14 T
208.1366749 -63.3561543 7.42 T
208.1863036 -59.0961248 7.59 T
208.2459234 -70.0472857 7.15 T
208.2752451 -73.2688759 7.05 T
208.3254846 -66.5124586 7.11 T
208.5164784 -68.5054791 7.91 T
208.6560524 -66.9012339 7.83 T
208.6803460 -61.3345439 7.17 T
208.7043693 -67.6521986 5.88 T
208.9679790 -59.3712521 7.87 T
209.0225259 -63.8916904 7.23 T
209.3371945 -62.4893576 6.74 T
209.4114521 -63.6868970 4.82 T
209.6296152 -65.8010077 6.36 T
209.8387939 -67.8406754 7.42 T
209.9927560 -65.5421765 7.57 T
210.0228611 -62.7822046 7.19 T
210.0716178 -61.4812323 6.51 T
210.0718113 -67.5057990 7.55 T
210.2167335 -66.2690617 5.99 T
210.4741511 -60.2578407 7.23 T
210.8794058 -68.5037537 7.58 T
211.6047833 -59.7159056 6.44 T
211.6599665 -59.7548727 7.68 T
211.9858701 -61.5089693 7.96 T
212.0598545 -63.2077283 6.50 T
212.2342071 -59.2768274 6.34 T
212.6831487 -62.4790151 7.65 T
212.7572544 -69.7194366 6.09 T
212.9499227 -62.0263654 7.72 T
213.5241554 -68.1907924 7.24 T
213.6456701 -66.1541898 6.93 T
213.6651273 -65.7014997 6.73 T
213.7566219 -61.7068116 6.88 T
213.9789862 -68.5404273 7.48 T
214.1611631 -66.5879337 5.73 T
214.2637612 -66.3174469 7.35 T
214.4654122 -63.4134607 7.29 T
214.7123087 -58.6865003 7.28 T
214.9624477 -61.2735213 5.24 T
214.9888427 -73.9684413 6.61 T
215.1447001 -58.5159731 7.80 T
215.4815111 -63.1587979 7.65 T
215.5125244 -58.2912227 7.44 T
215.5687585 -69.0855538 7.41 T
215.6540164 -58.4589889 5.03 T
215.8835625 -66.6451556 6.78 T
216.1345851 -61.3894550 7.71 T
216.1878007 -63.7073898 7.32 T
216.4149353 -66.1730195 6.38 T
216.5507198 -64.4760968 7.66 T
216.7792431 -65.8217294 6.01 T
216.7968869 -66.5680637 6.57 T
180.6191667 -71.4888889 6.42 B
180.6570833 -69.1922222 5.89 B
180.9345833 -74.2138889 6.44 B
181.1612500 -68.3291667 5.35 B
181.1937500 -76.5191667 5.04 B
181.5825000 -68.6508333 6.23 B
181.9575000 -75.3669444 5.18 B
183.1950000 -70.1519444 6.17 B
184.0979167 -72.6147222 6.22 B
184.2750000 -65.6927778 6.06 B
184.3920833 -67.9608333 4.11 B
185.1166667 -65.8427778 6.21 B
185.5304167 -67.5219444 5.15 B
185.5495833 -68.3075000 5.74 B
185.8075000 -67.6316667 6.36 B
186.3220833 -65.7705556 6.30 B
189.8104167 -75.3694444 6.49 B
191.5704167 -68.1080556 3.05 B
195.5675000 -71.5488889 3.62 B
198.8570833 -69.6797222 6.37 B
201.3079167 -64.4852778 5.31 B
204.3008333 -61.6919444 5.63 B
204.7045833 -57.6230556 6.01 B
205.0025000 -70.7883333 6.59 B
205.0454167 -64.5769444 5.79 B
206.7945833 -62.5900000 6.51 B
207.9475000 -69.4013889 5.75 B
210.8591667 -56.2136111 5.92 B
210.9558333 -60.3730556 0.61 B
212.6287500 -70.3055556 6.05 B
214.1425000 -59.9138889 6.39 B
214.9645833 -61.2730556 5.23 B
216.2762500 -68.1952778 5.61 B
217.8187500 -67.7172222 5.83 B
219.4429167 -67.9322222 6.04 B
220.6266667 -64.9752778 3.19 B
222.1850000 -66.5938889 5.91 B
223.6766667 -65.9913889 6.09 B
