231.7294487 -62.7658762 7.76 T
231.8622617 -66.1215435 6.91 T
231.8876383 -64.5316316 5.91 T
232.4646257 -67.4850993 7.35 T
232.8121808 -65.5409998 7.99 T
232.8209134 -65.9433328 7.24 T
233.3620212 -61.2736223 6.72 T
233.3911597 -67.3391043 7.88 T
233.4711162 -62.0831645 7.82 T
233.5599887 -60.8081676 7.18 T
233.8976372 -58.8662328 7.99 T
234.0485222 -65.1148447 7.20 T
234.0540493 -72.8393714 7.29 T
234.0724760 -65.6136669 6.54 T
234.1804763 -66.3173827 4.23 T
234.3934548 -62.6814975 7.67 T
234.7774396 -72.2977664 7.46 T
234.9840913 -59.9096682 6.00 T
235.0474269 -70.2282093 6.43 T
235.0886034 -73.4468204 5.63 T
235.1132787 -74.4433142 7.89 T
235.2351303 -63.1946600 7.49 T
235.2479617 -71.7448512 7.72 T
235.3559925 -65.0683192 7.01 T
235.8827735 -70.2668958 7.67 T
235.9802950 -60.2872539 6.59 T
236.2504537 -59.1239959 7.58 T
236.2528854 -63.2082155 7.79 T
236.2719750 -61.2984880 7.14 T
236.7520557 -62.7959601 7.16 T
236.7801212 -74.0442107 7.65 T
236.9710572 -65.4425572 6.16 T
236.9710572 -65.4425572 6.43 T
237.1767433 -58.8573200 7.97 T
237.2356289 -60.3672338 6.70 T
237.8706200 -64.1817065 7.80 T
238.0127630 -70.8211587 7.96 T
238.1504021 -67.6396929 7.02 T
238.2283775 -59.0622307 7.12 T
238.2369162 -65.1524510 6.56 T
238.2985464 -65.0030609 7.79 T
238.3455328 -62.6066549 6.37 T
238.6871505 -72.6291845 7.95 T
238.7023517 -65.9010867 7.62 T
238.7194208 -60.7436995 6.35 T
238.8731937 -68.6030294 5.22 T
238.8839626 -60.1780653 5.91 T
239.0093392 -60.0614158 7.98 T
239.0241904 -60.4829653 5.76 T
239.4185531 -60.2008774 7.40 T
239.4270973 -67.1360496 7.78 T
239.4765418 -58.2954333 7.96 T
239.6105833 -73.1480251 7.92 T
239.7421497 -65.0376417 5.73 T
239.8488176 -58.7262337 7.09 T
240.1947516 -72.4630981 6.73 T
240.2946257 -63.7765548 6.55 T
240.4708906 -64.4003176 7.79 T
240.5664139 -73.5158726 6.71 T
240.7182453 -62.5417587 6.24 T
240.8452144 -66.6208469 7.68 T
240.9193135 -61.4711352 7.59 T
240.9352496 -60.4984827 7.13 T
240.9720893 -60.7292146 7.76 T
241.0257917 -59.1762222 6.54 T
241.2329986 -65.8591666 7.66 T
241.4337052 -68.4356218 7.68 T
241.4818756 -72.4004508 5.82 T
241.6137331 -63.3413441 7.56 T
241.7568682 -62.7627468 7.69 T
241.9910678 -71.9448477 7.04 T
242.0211850 -58.9709166 6.77 T
242.1373775 -62.9819536 6.86 T
242.3022650 -71.0720529 7.31 T
242.4963982 -62.9675359 6.52 T
242.6119234 -62.9229566 7.44 T
243.0920936 -61.9292527 7.03 T
243.3664304 -64.9857135 7.44 T
243.6152104 -62.7704108 7.70 T
243.8595184 -63.6857627 3.96 T
244.2678090 -67.6353743 7.87 T
244.2717748 -67.9418170 5.96 T
244.3058000 -70.9913215 7.09 T
244.4197191 -71.6728650 7.94 T
244.5978440 -73.0435163 6.57 T
245.0017400 -64.6490044 6.84 T
245.1416875 -68.5367204 7.18 T
245.4053420 -71.8740628 6.70 T
245.7281206 -66.8874127 6.73 T
246.0034799 -58.6060438 7.20 T
246.0182432 -70.1456111 7.16 T
246.3418972 -63.1251670 6.14 T
246.8730573 -69.3261908 6.66 T
246.9707300 -69.8614313 7.20 T
246.9897144 -64.0577791 5.33 T
247.0628965 -58.6000064 5.67 T
247.1208809 -70.0837025 4.96 T
247.3120633 -71.1241668 7.30 T
247.4739411 -60.7824266 7.69 T
247.6762675 -59.9505696 7.66 T
247.7055211 -61.6335540 5.32 T
247.9357204 -64.4734843 6.59 T
247.9635104 -62.2903011 7.81 T
248.2669518 -63.8434283 7.46 T
248.2713136 -60.9036876 7.92 T
248.3953102 -62.1217082 7.06 T
248.5802768 -70.9881712 5.63 T
248.5873406 -62.2743721 7.17 T
248.6739311 -66.0141190 7.32 T
248.9372569 -65.4955781 5.61 T
248.9552372 -71.8944779 6.51 T
249.1330168 -67.0050852 7.12 T
249.1988836 -64.8074557 7.98 T
249.2119817 -65.5863605 7.74 T
249.4952941 -58.6309032 7.39 T
249.6756735 -68.7210595 7.22 T
249.7195599 -60.9906313 6.14 T
249.7645930 -58.2599751 7.09 T
249.9850032 -61.1579034 7.62 T
250.1980724 -72.2994225 6.67 T
250.2036723 -65.4449308 7.90 T
250.2109806 -60.4469684 6.29 T
250.2298614 -58.8689701 7.38 T
250.3460711 -68.2961758 5.87 T
250.6623999 -61.7850513 6.66 T
250.6676069 -70.5806424 7.40 T
250.6955507 -62.3700671 7.15 T
250.7017097 -62.5539814 6.38 T
250.8424870 -67.4325758 6.02 T
251.3627625 -71.8394886 7.66 T
251.3654862 -60.5636522 7.53 T
251.4866570 -61.6637627 6.85 T
251.4878793 -67.7502483 6.90 T
251.5884096 -58.5036654 5.71 T
251.6663851 -67.1097686 5.08 T
251.7316398 -68.1017571 6.55 T
251.8318415 -58.3415820 5.55 T
251.8550805 -59.6695069 7.40 T
252.1665287 -69.0279199 2.05 T
252.2335859 -61.3888564 7.58 T
252.4469655 -59.0415357 3.93 T
252.5365652 -67.0263683 7.98 T
252.9368561 -73.7227320 6.72 T
252.9744813 -65.3755414 6.11 T
253.0729126 -67.6819415 6.47 T
253.3772723 -63.2353208 7.83 T
253.3859668 -70.6006015 7.80 T
253.4570225 -70.1710321 7.21 T
253.8451348 -69.2798472 7.24 T
253.8530159 -63.2697745 6.00 T
253.9269173 -59.4176068 7.46 T
254.0696273 -61.6406734 6.78 T
254.0722533 -60.1605138 7.95 T
254.1367035 -66.1090511 7.94 T
254.2541251 -71.1118657 6.50 T
254.3746169 -60.6002057 6.53 T
254.5644177 -65.2048736 6.56 T
254.5996163 -67.5207473 8.00 T
254.6734294 -61.7421393 7.30 T
254.8912889 -69.2682194 5.87 T
254.9780747 -73.4226048 6.92 T
254.9785848 -59.3302780 7.23 T
255.4474237 -58.9582974 6.25 T
255.4752973 -59.0476460 7.59 T
255.4755526 -62.1410153 7.65 T
255.8178529 -68.8440188 7.98 T
256.8623412 -65.7478836 6.89 T
256.9470886 -63.8367185 7.72 T
256.9584261 -67.1880703 7.38 T
257.2932397 -68.8468936 6.58 T
257.5261191 -61.6755044 6.36 T
257.7552079 -72.8535343 7.84 T
257.9342749 -58.8151268 7.24 T
258.0839825 -70.7215663 6.33 T
258.1426513 -63.6854871 6.91 T
258.2457639 -58.5975928 7.03 T
258.3219736 -67.1971550 5.99 T
258.5670471 -62.7344901 7.12 T
258.9317202 -60.7986230 7.40 T
259.1479555 -74.5333550 6.23 T
259.1619826 -60.9563712 7.42 T
259.3559204 -66.9518863 6.96 T
259.3924209 -60.8448666 7.43 T
259.7146388 -62.8747247 6.62 T
259.8021035 -59.6946863 6.05 T
259.9471377 -74.6059380 7.56 T
260.0519616 -70.0465918 6.67 T
260.1542578 -59.4406371 7.76 T
260.1542578 -59.4406371 7.78 T
260.3058255 -60.0163741 7.53 T
260.4972027 -67.7707177 4.89 T
260.5244402 -70.1232758 5.38 T
260.6989644 -58.4737575 6.87 T
260.9347836 -58.6652815 6.79 T
260.9900282 -65.7022247 6.61 T
261.0044796 -62.8642119 5.65 T
261.0783431 -60.6738795 5.74 T
261.1115070 -60.4137858 7.92 T
261.1910106 -59.2137493 7.26 T
263.2973181 -58.5574664 7.03 T
227.3745833 -67.0841667 5.76 B
229.7275000 -68.6794444 2.89 B
230.1695833 -67.4813889 6.28 B
231.5612500 -68.3091667 5.89 B
234.9854167 -59.9083333 5.95 B
236.9733333 -65.4425000 6.18 B
238.7854167 -63.4305556 2.85 B
240.2766667 -54.5777778 6.13 B
240.8829167 -57.7752778 4.63 B
241.8500000 -56.1913889 6.16 B
242.3275000 -57.9344444 5.57 B
243.9570833 -57.9122222 5.63 B
244.7162500 -57.8997222 6.49 B
247.1170833 -70.0844444 4.91 B
260.0533333 -70.0455556 6.53 B
266.0820833 -72.2208333 6.49 B
269.4241667 -76.1775000 6.07 B
