160.4681997 -8.0562565 7.38 T
160.4740002 -6.5748893 7.48 T
160.5906893 0.8621673 7.65 T
160.6555747 3.5832720 6.64 T
160.7021387 -2.1851577 7.38 T
160.8358029 4.7465131 7.13 T
160.8373042 4.7474428 6.23 T
160.8500448 4.3016465 7.70 T
161.2600979 3.3065120 7.14 T
161.2891093 2.4878354 6.41 T
161.3060746 3.7299482 7.96 T
161.3906292 7.5141832 7.65 T
161.4302329 5.3832546 7.83 T
161.5236238 6.3729531 6.50 T
161.8295186 6.3460711 7.15 T
161.8720738 2.5153067 7.66 T
162.1688640 -1.9588470 6.11 T
162.2880394 -5.4068806 7.71 T
162.3218161 -4.0231184 7.82 T
162.3473215 3.4401869 7.66 T
162.7375885 3.5906797 7.22 T
162.7722076 -3.0927392 6.12 T
162.7998234 2.7070183 7.79 T
162.8268396 -4.7365353 7.29 T
163.0570643 1.0249399 6.38 T
163.1503466 -0.2018145 6.47 T
163.1772754 -6.9877734 7.92 T
163.1893368 2.1123044 7.58 T
163.2026095 -6.8231634 7.24 T
163.2590008 4.9620655 7.82 T
163.3531995 -2.2557248 6.22 T
163.4316228 -2.1291217 5.56 T
163.6897834 5.8478934 7.48 T
163.9272762 0.7369324 5.98 T
164.0059967 6.1853368 6.12 T
164.0208318 -1.6179698 7.56 T
164.0438306 0.4329542 6.80 T
164.1267133 7.3879891 7.47 T
164.1287994 5.2731117 7.81 T
164.1684306 -1.1690264 7.97 T
164.2824286 -0.3121618 6.92 T
164.7088298 -2.2363420 7.79 T
165.0088309 -3.4710706 7.91 T
165.1402912 3.6174037 4.97 T
165.1557306 3.7392662 7.75 T
165.1863532 6.1013079 5.00 T
165.2652328 0.0470590 7.29 T
165.4570513 -2.4848193 4.91 T
165.6382022 -0.0934866 7.60 T
165.6531501 -3.5127165 6.92 T
165.6918798 -6.3937431 7.81 T
165.7412400 -2.6353864 7.30 T
165.8104656 -0.7530558 6.15 T
165.9020869 -0.0008257 6.07 T
165.9219746 7.5818185 7.37 T
165.9587326 -7.6886493 7.49 T
165.9953580 3.6386411 7.92 T
166.0060933 -0.0311095 7.86 T
166.0801606 -1.2782816 6.91 T
166.1716846 -4.2217296 7.68 T
166.2521253 7.3357162 4.66 T
166.5092573 1.2105553 7.19 T
166.5241732 -7.0081957 7.80 T
166.5388334 7.1400598 7.32 T
166.6152059 -0.1111630 7.94 T
166.6462103 1.8801489 7.42 T
166.7152867 6.6980769 7.89 T
166.7234143 1.9549843 5.65 T
167.0570193 3.5333541 7.85 T
167.0706047 -1.9031660 6.76 T
167.0979921 -0.8407835 7.65 T
167.1106269 3.2226816 7.74 T
167.1222795 -2.0683107 7.81 T
167.3065096 -1.3332904 6.82 T
167.4158500 2.4564925 7.78 T
167.5541032 -7.3904659 6.88 T
167.6282895 7.8917059 7.69 T
167.8300874 -1.3945470 7.60 T
168.1933593 -5.1169383 7.94 T
168.2863849 -1.4105247 7.72 T
168.4395022 -0.0694826 5.40 T
168.4702984 2.2682095 6.78 T
168.5079395 8.0600222 5.92 T
168.5781397 5.9636663 7.98 T
168.6353454 5.9927674 7.22 T
168.6573852 -1.2710112 6.75 T
169.0489804 -3.4718438 7.36 T
169.1520587 -3.9668474 6.79 T
169.1647387 -3.6518317 4.48 T
169.2423753 -7.1346232 6.15 T
169.3228418 2.0096666 5.34 T
169.5966967 -5.0682505 7.36 T
169.7287574 1.6500466 6.02 T
169.8143947 0.7233338 7.48 T
169.8404635 -1.6565999 7.91 T
169.8429343 -1.6558485 7.10 T
169.8876606 -0.1892338 7.97 T
170.0660469 0.2741036 7.78 T
170.2329318 2.4222724 7.62 T
170.2456876 4.8803464 7.21 T
170.2835538 6.0292424 4.03 T
170.3177885 -4.3661641 7.67 T
170.3598132 6.6349561 6.76 T
170.4145079 7.2228216 7.73 T
170.4450635 -5.7185653 7.88 T
170.8130819 6.5857411 7.01 T
170.8245503 0.1319955 6.20 T
171.0095886 1.4077602 5.49 T
171.0900815 -5.9105552 7.01 T
171.1879013 2.0965857 7.73 T
171.2420383 -2.2126200 6.78 T
171.2966175 5.7393778 7.56 T
171.3562192 7.9525529 7.61 T
171.4141657 3.3008610 6.76 T
171.4580626 3.8598870 6.39 T
171.6842938 3.0142337 6.55 T
171.6882563 3.0074526 7.50 T
171.8448012 1.3731854 7.66 T
171.8892405 1.3015067 7.52 T
171.8917784 0.9555700 7.28 T
171.9735724 -1.6999224 6.37 T
171.9835040 2.8316386 7.47 T
171.9844377 2.8562060 5.05 T
172.0147253 -0.8979898 7.09 T
172.1035638 2.7825457 7.31 T
172.1958477 1.2038274 7.97 T
172.3105282 -4.4521998 7.50 T
172.3507771 -0.8488064 7.17 T
172.3988109 3.7799960 7.57 T
172.4166234 7.5992068 6.79 T
172.5788400 -3.0035969 4.93 T
172.7128153 -6.7190494 7.71 T
172.8474620 3.0627646 7.53 T
172.9159188 7.8635406 7.93 T
172.9856776 -6.4710598 6.86 T
172.9986619 -1.7823378 7.34 T
173.1980194 -7.8275253 6.09 T
173.3321414 3.3624485 7.42 T
173.4015793 2.4989349 6.68 T
173.4074142 -6.5369520 7.79 T
173.5883541 -5.5270251 6.80 T
173.5903258 3.0595232 5.81 T
173.6887814 -4.9544322 7.89 T
173.6973868 -2.4907168 7.88 T
173.7451512 -4.3615643 6.54 T
174.0606825 3.3008689 7.29 T
174.1417021 6.1057569 6.94 T
174.2372236 -0.8234750 4.41 T
174.3197792 -0.5780205 7.87 T
174.3242380 6.2700935 7.16 T
174.3894969 -4.5052702 7.94 T
174.4943650 -1.5986065 7.67 T
174.6000589 -2.4358249 6.42 T
174.6150042 8.1343333 5.49 T
174.7520481 6.0571388 7.69 T
175.1003418 0.9521413 6.92 T
175.1219872 5.1399458 7.57 T
175.2330090 -0.6744474 7.33 T
175.5291209 4.7475474 7.34 T
175.6060782 2.3619075 7.00 T
175.6350142 -4.6493479 7.88 T
175.7074983 -3.5453589 7.53 T
175.8327938 0.1850293 7.88 T
175.9800162 -6.6774251 6.15 T
176.0167157 -4.8074667 7.59 T
176.1729824 -4.5110261 7.81 T
176.2555770 -0.5184511 7.41 T
176.3213723 8.2579760 4.86 T
176.3504776 7.0298830 7.16 T
176.4524287 6.9426891 7.72 T
176.4647533 6.5282729 4.21 T
176.5262020 7.1739489 7.10 T
176.5810269 -3.0024341 7.81 T
176.6696023 -3.7426604 7.62 T
176.9783942 8.2459515 5.32 T
160.3508333 -1.7416667 6.26 B
166.2541667 7.3361111 4.63 B
166.7258333 1.9555556 5.52 B
171.6887500 3.0130556 6.50 B
177.2550000 -0.3186111 6.15 B
177.6737500 1.7647222 3.61 B
178.4595833 0.5519444 6.30 B
