240.7182453 -62.5417587 6.24 T
240.9352496 -60.4984827 7.13 T
242.4110798 -52.1154382 7.63 T
242.8121158 -50.5427729 7.47 T
243.0920936 -61.9292527 7.03 T
243.2991449 -49.8848558 6.85 T
243.3434611 -55.5412140 5.82 T
243.3696413 -54.6306043 5.06 T
243.8134715 -47.3723244 5.11 T
243.9573264 -57.9126626 5.64 T
244.1804307 -53.8111143 5.66 T
244.2447732 -53.6967821 6.51 T
244.2538883 -50.0681444 5.06 T
244.2673858 -56.6849575 7.80 T
244.3365247 -53.0867343 6.33 T
244.4522451 -53.5537409 7.52 T
244.6640694 -49.4138862 7.60 T
244.7159224 -57.8998088 6.64 T
244.7611481 -49.4063959 7.29 T
244.9585529 -50.1558448 4.12 T
245.1054301 -55.1397920 5.85 T
245.3625071 -48.1887637 6.49 T
245.4771800 -55.5518509 7.03 T
245.6165267 -49.5725292 5.31 T
246.0034799 -58.6060438 7.20 T
246.0053064 -55.4537463 7.72 T
246.0677574 -55.2196001 7.82 T
246.5995957 -56.8845282 7.83 T
246.7076367 -48.0443844 7.30 T
246.7918227 -47.5492377 6.12 T
246.7958479 -47.5549363 4.51 T
247.0628965 -58.6000064 5.67 T
247.0684548 -57.2117353 7.71 T
247.4263284 -46.2432644 5.41 T
247.4739411 -60.7824266 7.69 T
247.5656292 -52.4408723 7.06 T
247.7055211 -61.6335540 5.32 T
247.9635104 -62.2903011 7.81 T
248.3996981 -53.2005326 6.69 T
248.4682787 -48.1112667 6.81 T
248.5252542 -48.4615066 6.95 T
248.5873406 -62.2743721 7.17 T
248.8333653 -53.6473048 7.20 T
249.0216641 -51.2398168 7.41 T
249.4551785 -54.8588126 7.69 T
249.4952941 -58.6309032 7.39 T
249.7195599 -60.9906313 6.14 T
249.7571983 -52.4708589 7.48 T
249.7645930 -58.2599751 7.09 T
249.9361037 -56.9944345 7.23 T
249.9850032 -61.1579034 7.62 T
250.1510441 -54.1366864 7.89 T
250.1851283 -51.4774473 6.33 T
250.1857704 -48.7562001 7.07 T
250.2109806 -60.4469684 6.29 T
250.2298614 -58.8689701 7.38 T
250.2733476 -47.7461195 7.39 T
250.3216759 -51.3972767 7.62 T
250.3355052 -48.7630078 5.71 T
250.4175941 -49.6515860 5.64 T
250.6623999 -61.7850513 6.66 T
250.7648474 -46.0703194 6.36 T
250.9348405 -47.1058081 7.05 T
251.1654843 -53.1523608 6.11 T
251.3654862 -60.5636522 7.53 T
251.4866570 -61.6637627 6.85 T
251.5265192 -46.5322022 6.47 T
251.5884096 -58.5036654 5.71 T
251.6619308 -47.0902012 7.37 T
251.8318415 -58.3415820 5.55 T
251.8328372 -57.4608711 7.71 T
251.8550805 -59.6695069 7.40 T
252.2239174 -52.9409112 6.75 T
252.2335859 -61.3888564 7.58 T
252.4469655 -59.0415357 3.93 T
252.6504323 -50.0449361 7.17 T
252.6512257 -50.0443176 7.33 T
252.9705194 -49.1152206 7.28 T
253.0374165 -57.5804033 7.12 T
253.2656378 -47.2403486 7.59 T
253.5104091 -54.4384093 6.94 T
254.0367563 -50.6748590 6.30 T
254.0696273 -61.6406734 6.78 T
254.1195046 -52.2840500 5.92 T
254.3746169 -60.6002057 6.53 T
254.5304038 -57.7692423 7.62 T
254.5448370 -57.7884644 7.60 T
254.5746668 -50.6414239 5.53 T
254.6548606 -55.9903626 3.28 T
254.6734294 -61.7421393 7.30 T
254.7732702 -48.8751185 6.69 T
254.8960372 -53.1603139 4.22 T
254.9183606 -46.4829371 7.75 T
254.9785848 -59.3302780 7.23 T
255.0260899 -54.5976292 5.66 T
255.1121827 -48.6483245 6.34 T
255.1299778 -57.2989572 7.08 T
255.2791989 -56.5552120 6.37 T
255.4430045 -51.1313328 6.46 T
255.4474237 -58.9582974 6.25 T
255.4752973 -59.0476460 7.59 T
255.6840040 -54.5616364 7.11 T
255.7191070 -50.1602874 7.29 T
255.7861809 -53.2379464 5.33 T
255.9236936 -47.1605293 6.07 T
256.1029315 -57.7123163 5.71 T
256.2592850 -46.9717198 7.55 T
256.3286952 -47.0690596 7.17 T
256.8955465 -46.6795994 6.91 T
257.3715695 -51.8876485 7.55 T
257.4711843 -47.0314672 6.98 T
257.5261191 -61.6755044 6.36 T
257.5868758 -46.7384292 6.96 T
257.8256123 -46.1821798 7.53 T
257.8574139 -50.1191557 7.46 T
257.9342749 -58.8151268 7.24 T
258.2457639 -58.5975928 7.03 T
258.3844893 -47.3195739 7.10 T
258.4708325 -56.8007463 7.03 T
258.6323784 -56.0076134 7.93 T
258.8108204 -57.8187829 7.80 T
258.9317202 -60.7986230 7.40 T
258.9362224 -51.0833025 6.95 T
259.0845876 -49.5618932 7.20 T
259.1619826 -60.9563712 7.42 T
259.3924209 -60.8448666 7.43 T
259.4978560 -49.4522655 7.51 T
259.5998301 -50.2112650 6.98 T
259.6029110 -47.8175853 7.38 T
259.7756301 -46.6352534 5.61 T
259.8021035 -59.6946863 6.05 T
259.8772087 -50.0639854 6.31 T
259.8774153 -55.1166669 7.26 T
259.9638374 -48.5506399 6.74 T
260.1542578 -59.4406371 7.76 T
260.1542578 -59.4406371 7.78 T
260.3058255 -60.0163741 7.53 T
260.5991240 -49.7617401 7.59 T
260.6250104 -54.2862386 6.87 T
260.6989644 -58.4737575 6.87 T
260.7301321 -58.0103968 6.00 T
260.7797868 -56.5255287 5.87 T
260.8169144 -47.4683258 5.23 T
260.9347836 -58.6652815 6.79 T
261.0783431 -60.6738795 5.74 T
261.1910106 -59.2137493 7.26 T
261.1998669 -54.5626165 7.12 T
261.2169525 -46.2020480 6.73 T
261.3248661 -55.5300393 2.97 T
261.4953487 -49.7349544 6.89 T
261.5003149 -50.6334469 5.31 T
261.5939592 -48.6150053 7.09 T
261.6491022 -49.8925375 7.87 T
261.7349942 -51.9489074 6.16 T
261.7649113 -47.1365967 7.14 T
261.8019766 -50.6303794 5.91 T
261.9783669 -47.0262295 6.66 T
261.9899539 -52.2975770 5.85 T
262.0981355 -54.0211729 7.16 T
262.1621836 -55.1697390 6.04 T
262.3488677 -46.6961840 7.59 T
262.3705834 -61.7638592 6.77 T
262.6082572 -54.2397978 7.77 T
262.7738951 -60.6844746 3.56 T
262.8470217 -56.9209818 5.97 T
262.9335035 -48.7515700 7.21 T
262.9600580 -49.8765627 2.79 T
263.2973181 -58.5574664 7.03 T
263.2979827 -56.2843180 7.54 T
263.4448530 -50.7310700 7.74 T
263.5174672 -46.6005014 7.63 T
263.5699677 -48.5265514 6.43 T
263.7379320 -56.9145957 7.44 T
263.7629400 -62.1111253 7.07 T
263.8328608 -53.3530496 6.08 T
263.8957776 -59.8461731 6.24 T
263.9147568 -46.5059243 4.56 T
264.2355659 -55.1379767 7.69 T
264.3197507 -49.2450387 7.27 T
264.3638319 -50.0602574 6.00 T
264.5222357 -56.8217920 7.40 T
264.5224478 -54.5013696 5.27 T
264.7663082 -60.9409631 7.16 T
265.1002958 -49.4166919 4.80 T
265.3177635 -46.9218837 5.78 T
265.5883451 -46.2989241 7.47 T
265.8511463 -46.5879763 7.53 T
265.8877374 -57.0222222 6.82 T
266.0028406 -52.6127272 7.78 T
266.0361243 -51.8352550 5.20 T
266.2018627 -47.7150793 6.84 T
266.2288781 -48.1543357 7.59 T
266.2329597 -57.5456217 6.07 T
266.4299034 -46.9190931 7.80 T
266.8085464 -60.2580984 7.16 T
267.0720106 -47.2550669 7.13 T
267.4709692 -61.7148177 6.39 T
267.6058674 -61.9244734 6.84 T
267.8978011 -60.1641550 5.89 T
268.0200044 -60.3939891 7.49 T
243.3200000 -53.6716667 5.83 B
246.2258333 -45.3491667 6.33 B
247.4375000 -57.7558333 6.06 B
248.5208333 -44.0452778 4.94 B
248.7829167 -45.2447222 6.46 B
249.6091667 -43.3986111 5.83 B
253.5020833 -57.9094444 5.94 B
257.9120833 -48.8741667 5.84 B
258.5550000 -56.8883333 6.09 B
261.0045833 -62.8641667 5.70 B
261.3483333 -56.3775000 3.34 B
262.0320833 -63.0363889 6.24 B
266.4333333 -64.7238889 3.62 B
267.1587500 -55.4016667 6.11 B
267.6175000 -53.6122222 5.92 B
268.3266667 -65.4891667 6.49 B
