148.7641021 61.1161004 6.40 T
149.5157865 62.1295477 7.88 T
150.8755135 62.5651105 7.47 T
151.1511106 53.8916896 5.76 T
151.2288131 55.4879094 7.91 T
151.6197906 55.7695612 7.36 T
151.8086353 60.9198478 7.31 T
151.9337475 53.1957681 7.78 T
152.2877777 53.0456958 7.95 T
153.3700479 57.9937937 7.01 T
153.6027109 59.3996209 7.79 T
153.7821152 59.9855762 6.37 T
153.8879493 47.3687621 7.80 T
154.0126418 60.1504112 6.81 T
154.2537893 47.3076607 7.33 T
154.3767154 55.8982072 7.35 T
154.4768631 49.5766057 7.73 T
154.7442690 46.7605892 6.55 T
154.7493903 51.4054698 6.89 T
154.8173966 54.7254028 7.99 T
154.8606228 48.3960765 6.11 T
155.0607320 53.7796978 6.52 T
155.1294308 54.2167864 6.14 T
155.4223626 48.0420387 7.66 T
155.4467692 60.9127356 7.52 T
156.5945623 54.4074844 7.08 T
156.6260810 59.1533704 7.83 T
156.9406403 59.5971165 6.97 T
157.0135297 48.9640058 6.85 T
157.0169687 48.7793895 6.50 T
157.0651124 46.1773052 7.66 T
157.4493658 54.8258038 7.46 T
157.5472079 50.9931777 7.57 T
157.5635887 50.5689059 6.77 T
157.6545943 55.9803344 4.88 T
157.6736559 56.5691724 7.73 T
157.8831898 46.8741238 7.43 T
158.4321563 53.4972196 6.51 T
158.4633056 49.1869813 7.56 T
158.5871081 49.1071479 7.27 T
159.0762559 52.1095029 7.46 T
159.2948154 46.5478615 7.31 T
159.3351109 56.4313158 6.67 T
159.5824876 60.1232677 6.84 T
159.7726175 53.6678014 5.68 T
160.0310333 46.8405867 7.29 T
160.3235945 52.9705063 7.25 T
160.7175231 50.7992674 7.41 T
160.7260214 55.8907442 7.58 T
160.8347753 62.2124483 7.88 T
160.8846002 46.2034468 5.21 T
160.9307459 57.1988724 5.78 T
160.9851803 49.8009483 7.15 T
161.0001546 46.2062680 7.35 T
161.1362437 49.4387800 7.89 T
161.4995839 56.9209361 7.14 T
161.5930535 57.3655592 6.52 T
161.8770562 60.1236405 7.39 T
162.7743215 56.2375682 7.46 T
162.7951173 56.5822742 5.79 T
162.8484570 59.3198133 5.69 T
163.0422599 50.2650533 6.78 T
163.1285661 52.5651849 6.86 T
163.1329863 52.5032868 6.56 T
163.1637787 52.0711185 7.05 T
163.3812130 49.2312494 7.82 T
163.3928554 54.5850715 5.26 T
163.4810764 47.6712723 7.80 T
163.5336711 54.8005672 7.88 T
164.1111880 57.5027746 6.91 T
164.8242961 51.8823414 6.35 T
164.9560114 58.9063990 7.25 T
165.1061803 51.5020015 6.50 T
165.2635856 47.6822783 7.77 T
165.3364643 46.5636735 7.10 T
165.3978612 52.7022405 7.21 T
165.5730459 58.6662679 6.82 T
165.6270172 55.0292000 7.56 T
165.8395161 61.6538558 7.19 T
166.4415802 50.1723341 7.09 T
166.4701495 52.3267240 7.39 T
166.4746577 53.8507338 7.78 T
166.6710840 56.0914626 7.44 T
166.9996061 52.8216140 7.65 T
167.2395280 59.2153102 7.28 T
167.3138959 57.8764806 7.14 T
167.3197215 51.3789745 7.12 T
167.4461687 54.1065632 6.98 T
167.4683475 60.7827822 7.78 T
167.6137078 47.7983322 7.29 T
167.8798778 54.1496253 6.70 T
167.9305834 58.8999602 7.43 T
168.0424588 61.2045172 7.39 T
168.1852127 54.8942840 6.63 T
168.2058845 56.4025950 7.76 T
168.3939903 55.4158674 7.53 T
168.3963598 52.8503058 7.81 T
168.4485830 49.8562263 7.52 T
168.5195920 62.2820200 7.91 T
168.6394894 52.9466610 7.55 T
168.8698032 47.4794734 7.58 T
168.9835500 59.1210274 7.96 T
169.0169619 52.7767440 7.81 T
169.0184774 52.7735280 6.54 T
169.0788150 59.9432395 6.93 T
169.1735613 49.4761783 6.00 T
169.3295169 47.9361887 7.94 T
169.3623715 60.2717673 6.76 T
169.6322027 56.1946927 7.48 T
169.7640716 62.1828338 7.05 T
170.2348094 51.7605410 7.35 T
170.3715666 58.4845204 7.72 T
170.4546892 57.0748981 6.45 T
170.9485359 52.0402062 8.00 T
171.1438304 48.6057188 6.96 T
171.1864188 59.6637118 7.91 T
171.4793329 52.1319263 7.36 T
171.4871596 55.8507608 5.84 T
171.8063395 55.2197360 7.86 T
171.9145128 46.2920331 7.97 T
172.0478666 55.6681422 7.72 T
172.2175848 48.2311625 7.97 T
172.2675352 61.7798550 5.87 T
172.4304990 56.7373555 6.30 T
172.5537083 54.3619919 6.62 T
172.5819105 47.2445711 7.53 T
172.6033864 46.6577114 6.44 T
172.6244339 48.9356346 7.38 T
172.6782677 56.7464447 7.14 T
172.7185745 47.9284360 6.50 T
172.7924780 48.7893915 6.63 T
172.8275088 59.7009251 7.33 T
172.8639394 57.1348627 7.76 T
173.0820444 56.0958838 7.54 T
173.2655213 62.0935867 7.89 T
173.5302309 48.5679518 8.00 T
173.6808237 51.9682273 7.95 T
173.7705073 54.7854430 5.74 T
173.8943545 58.2029269 7.68 T
174.1466566 56.1348085 7.73 T
174.3523914 62.1964092 7.56 T
174.4665142 49.8089473 7.97 T
174.4703526 50.6180802 6.23 T
174.6392971 46.8340129 6.12 T
175.0760986 62.3963319 7.15 T
175.0770042 55.3027753 7.81 T
175.1141810 57.9704803 6.32 T
175.2117427 60.1065207 7.95 T
175.2743149 60.8423346 7.13 T
175.4310226 55.1720544 6.44 T
175.7932189 56.0195575 7.64 T
175.9487710 52.3951654 7.42 T
176.1217059 48.5164368 7.28 T
176.1921810 60.0470568 7.85 T
176.4687447 58.0273799 7.98 T
176.5112661 47.7795830 3.82 T
176.5352353 50.5635743 7.71 T
176.6045328 51.9329311 7.74 T
176.7319161 55.6279922 5.40 T
176.7820051 61.4015939 6.62 T
176.9581630 49.8230049 7.14 T
177.5591775 54.2527147 6.86 T
177.7103143 51.4127688 7.80 T
157.0158333 48.7847222 6.44 B
157.1520833 45.2122222 6.35 B
157.6566667 55.9805556 4.84 B
158.7904167 57.0827778 5.16 B
160.8870833 46.2038889 5.18 B
165.4604167 56.3825000 2.37 B
165.9320833 61.7508333 1.79 B
169.0166667 52.7730556 6.50 B
172.2691667 61.7783333 5.83 B
173.0866667 61.0825000 5.48 B
174.7050000 64.3469444 6.46 B
178.9933333 56.5986111 5.84 B
179.2216667 61.5491667 6.22 B
179.5858333 61.4647222 6.76 B
