102.5449999 -33.8856586 7.38 T
102.7181583 -34.3673120 5.15 T
102.9264365 -36.2306451 5.96 T
103.3934487 -28.5425525 6.12 T
103.4810364 -24.5387500 6.22 T
103.5331313 -24.1841812 4.04 T
103.5543502 -23.9283238 6.72 T
103.5836683 -31.8016357 6.83 T
103.8870176 -22.0374299 6.74 T
103.9781485 -31.7901448 6.32 T
104.3115222 -22.2028543 6.59 T
104.3230032 -35.5070153 6.28 T
104.3908741 -24.6301794 5.51 T
104.4275964 -27.5374619 6.19 T
104.5314445 -27.1643727 6.33 T
104.6044567 -34.1116553 5.04 T
104.6490333 -23.8807826 6.72 T
104.6495322 -25.4141248 5.56 T
104.6820021 -30.9979884 6.37 T
104.7524336 -26.4744124 7.15 T
104.9230297 -33.4756484 6.65 T
104.9356296 -28.3996893 7.18 T
105.0408563 -31.1414621 6.66 T
105.0806536 -22.1190449 6.49 T
105.1769840 -28.4898533 6.33 T
105.1981145 -25.6436939 7.41 T
105.2747511 -25.2156011 5.61 T
105.3900377 -27.2229225 6.90 T
105.4297384 -27.9348094 3.66 T
105.4466398 -35.5478712 6.54 T
105.7273139 -24.5830207 7.12 T
105.7561116 -23.8332671 3.00 T
105.9287583 -25.0838849 6.82 T
106.3830066 -34.7772513 6.47 T
106.5019338 -30.6556943 6.30 T
106.7499305 -26.6567246 6.56 T
106.8440681 -23.8407264 5.75 T
107.2058461 -24.0437493 6.61 T
107.2860634 -31.9335329 7.46 T
107.4292198 -25.2310048 5.65 T
107.5021334 -28.7481483 7.24 T
107.5804330 -27.4915081 5.56 T
107.6276193 -30.6624426 7.46 T
107.8371842 -21.8032750 6.91 T
108.0167129 -30.8212088 6.11 T
108.0223938 -27.3349184 6.88 T
108.0508592 -25.9425371 5.87 T
108.1006414 -27.4748074 6.61 T
108.1074700 -36.5443565 6.03 T
108.4018474 -27.3563358 6.06 T
108.4467665 -31.0836034 6.54 T
108.4888588 -30.3397488 6.28 T
108.6423153 -25.3023887 7.33 T
108.6753880 -23.4893702 7.25 T
108.6954029 -37.2453789 7.19 T
108.7026406 -26.7726186 4.00 T
108.7128952 -27.0381812 5.72 T
108.7296029 -28.9644260 7.34 T
108.7992858 -36.2256006 7.36 T
108.8376861 -30.6863625 5.31 T
108.9469583 -23.7401872 6.33 T
109.0287288 -30.4353388 7.12 T
109.1457194 -27.8809259 4.86 T
109.1513062 -23.8268397 7.53 T
109.1534799 -23.3155660 5.00 T
109.1596126 -23.3106883 5.84 T
109.2057701 -36.5925957 4.98 T
109.2094078 -25.1590270 7.04 T
109.2384627 -30.8971824 6.32 T
109.2799068 -28.6003851 7.11 T
109.2855734 -37.0974429 2.87 T
109.3433068 -29.1311565 7.12 T
109.4500185 -26.7975518 6.41 T
109.5765428 -36.7339270 4.66 T
109.6336959 -32.3467892 6.97 T
109.6590238 -36.7427132 5.07 T
109.6682153 -24.5586844 4.93 T
109.7135732 -26.5858014 5.39 T
109.7912725 -25.5658558 7.43 T
109.8031593 -24.9556749 6.78 T
110.1353693 -26.6999818 6.76 T
110.2211537 -22.8504026 6.56 T
110.2287938 -26.9637877 5.96 T
110.5343856 -32.5873225 7.11 T
110.6484655 -32.0460063 6.80 T
110.6804683 -26.0113533 7.18 T
110.7528349 -31.9237611 5.38 T
110.8316312 -36.3400944 6.71 T
110.8828308 -32.2020526 5.37 T
110.9181735 -30.4490347 7.03 T
110.9688033 -29.2897237 6.77 T
110.9767706 -30.2169778 6.56 T
110.9929895 -35.8377340 6.28 T
111.0332903 -28.8278704 6.75 T
111.0718001 -22.9127453 6.18 T
111.1825782 -31.8088411 5.40 T
111.1957785 -37.2894802 6.90 T
111.1971994 -37.2910059 6.85 T
111.3332136 -21.9825831 6.07 T
111.3552389 -25.2177622 5.76 T
111.4290219 -31.7386933 6.27 T
111.6694419 -23.7126006 6.61 T
111.6768782 -34.1406637 5.86 T
111.9288923 -22.8591901 5.95 T
111.9558251 -28.3711758 7.05 T
111.9964406 -29.1558833 5.53 T
112.0956746 -37.8104243 6.54 T
112.2130697 -31.8483517 6.34 T
112.2153340 -31.8468915 6.95 T
112.2361109 -34.9183474 6.89 T
112.2703922 -31.4561825 5.74 T
112.5087056 -25.1461752 7.14 T
112.8572795 -36.1532316 6.63 T
112.9278749 -35.8878005 6.61 T
113.0926858 -35.9611325 6.33 T
113.2907012 -24.7106234 5.86 T
113.3549051 -33.3998717 7.31 T
113.4626005 -36.3383707 5.41 T
113.4679950 -28.5675818 6.80 T
113.5530172 -33.4630407 6.13 T
113.5770187 -23.4736653 5.82 T
113.5796555 -23.4749458 5.85 T
113.6446524 -27.0118384 5.88 T
113.8449827 -28.3694198 4.62 T
113.8898071 -26.6285299 6.63 T
113.9608482 -33.3925116 7.18 T
113.9814239 -37.4457055 7.22 T
114.1325448 -25.3327661 6.84 T
114.3204977 -23.7753626 6.42 T
114.3419679 -34.9684443 4.53 T
114.4899174 -32.1314421 6.76 T
114.6654570 -26.3166898 7.12 T
114.6828431 -36.4968030 5.75 T
114.7056762 -26.8017017 4.62 T
114.7076501 -26.8036845 4.40 T
114.8623977 -26.8631269 6.47 T
114.8742674 -26.9189725 6.75 T
114.9323965 -38.1391924 5.76 T
114.9494131 -38.2606003 5.73 T
114.9916191 -37.5794450 5.99 T
115.1092680 -30.0795948 6.93 T
115.1807578 -27.9453424 6.72 T
115.4400560 -22.4037357 6.92 T
115.5049648 -32.0798161 7.03 T
115.5277215 -30.1862613 6.91 T
115.6089433 -27.7299049 7.38 T
115.7006243 -26.3515298 5.74 T
115.7625410 -27.6682937 6.96 T
115.7997675 -36.0499934 5.56 T
115.9129318 -25.5038062 6.56 T
115.9286475 -38.2017736 6.38 T
116.0397541 -36.0619663 5.82 T
116.1422604 -37.9428266 5.85 T
116.1423368 -24.6740468 5.58 T
116.2698167 -37.8878473 6.50 T
116.3136634 -37.9685397 3.81 T
116.3638401 -37.5961733 6.97 T
116.3937026 -34.1619078 5.43 T
116.4660070 -24.2560387 6.70 T
116.5053723 -23.2598656 7.47 T
116.5437554 -37.9335788 5.85 T
116.8022518 -22.5194393 5.85 T
117.0517441 -24.5771630 6.83 T
117.1519753 -30.7559408 7.15 T
117.1737073 -31.6177300 6.95 T
117.2567729 -24.9121008 5.40 T
117.3109914 -35.2432443 5.93 T
117.3235305 -24.8597934 3.45 T
117.4956800 -23.7982668 6.75 T
117.6081621 -36.2418046 7.23 T
117.7502838 -24.5287588 6.47 T
118.0638131 -34.7039640 5.12 T
118.2645239 -36.3637618 5.55 T
118.4105809 -23.3137199 6.92 T
118.4168320 -23.1871765 7.19 T
118.5202710 -34.0222116 7.45 T
118.5458430 -35.8772713 5.43 T
118.6062444 -28.1052884 6.61 T
118.7134671 -31.5347330 7.17 T
118.7523964 -23.4653571 6.98 T
118.8405956 -28.2839252 7.16 T
119.0571944 -28.1822871 7.39 T
119.2145531 -22.8800557 4.26 T
119.2859818 -33.2498458 7.26 T
119.4170431 -30.3345173 4.79 T
119.7737278 -23.3103698 5.20 T
119.8775112 -37.3023437 7.38 T
120.0614671 -35.9914060 7.21 T
120.2991926 -29.1610208 7.34 T
120.3273386 -22.3369609 7.14 T
120.3442694 -24.9536171 7.43 T
120.4063352 -37.2836863 5.91 T
120.4878846 -27.2145597 6.85 T
120.6560891 -36.4011437 6.62 T
120.7232137 -33.1535255 7.32 T
121.2635147 -33.5911952 6.67 T
121.7147096 -27.1142557 7.04 T
122.1567902 -37.6811560 6.33 T
122.2924772 -35.4549302 6.31 T
122.7569784 -37.2923429 6.44 T
103.3912500 -28.5397222 6.04 B
104.6562500 -28.9722222 1.50 B
105.2075000 -33.4652778 6.40 B
106.7179167 -24.9605556 6.08 B
107.0979167 -26.3933333 1.84 B
108.5633333 -26.3525000 4.66 B
109.6766667 -24.9541667 4.40 B
109.8070833 -33.7272222 6.30 B
110.2679167 -25.8913889 5.87 B
110.8712500 -27.8341667 5.38 B
111.0237500 -29.3030556 2.45 B
111.7475000 -23.0861111 5.61 B
112.4641667 -23.0244444 4.85 B
112.2737500 -38.8122222 5.43 B
112.6770833 -30.9622222 4.65 B
112.6766667 -37.3397222 6.65 B
113.5133333 -22.2961111 4.45 B
113.3062500 -40.0588889 6.26 B
113.6200000 -26.1166667 6.65 B
113.4937500 -39.9058333 6.76 B
114.0325000 -22.1605556 6.34 B
114.4366667 -35.2772222 6.60 B
114.5750000 -25.3647222 4.70 B
114.4383333 -38.0105556 6.38 B
114.6358333 -38.7811111 6.19 B
114.8641667 -38.3083333 4.84 B
115.2195833 -31.6608333 6.56 B
115.3483333 -22.3372222 6.18 B
115.3158333 -38.5336111 5.42 B
115.8850000 -28.4111111 4.59 B
115.9520833 -28.9547222 3.96 B
116.3958333 -34.1730556 5.37 B
117.0216667 -25.9372222 4.50 B
117.3975000 -33.2888889 5.60 B
118.0654167 -34.7052778 5.01 B
118.6662500 -34.8469444 6.15 B
118.8070833 -30.9175000 6.44 B
119.0950000 -30.2852778 6.33 B
120.7670833 -32.4638889 5.82 B
122.2779167 -30.3225000 6.65 B
123.1916667 -29.9108333 6.52 B
