14.3855494 -10.4757509 7.63 T
14.4321071 -15.7872348 7.64 T
14.4593938 -1.7660046 6.66 T
14.5397671 -15.6841735 7.86 T
14.5408608 -15.6827057 7.77 T
14.6170140 -1.6645178 7.87 T
14.6825685 -11.3800715 5.72 T
14.6906295 -5.8833305 6.71 T
14.7628239 -2.4534707 7.74 T
14.9256430 -4.3215938 7.79 T
14.9627990 -8.3229681 7.53 T
15.0157922 -2.0193087 7.41 T
15.1683904 -1.6587432 7.09 T
15.2086826 -9.3734588 7.41 T
15.2573155 -4.6487412 7.39 T
15.3931842 -6.7995392 7.40 T
15.4114891 -16.2661423 6.60 T
15.5733656 -10.6643639 7.94 T
15.7598374 -4.8372451 5.53 T
16.1566598 -5.3217647 7.79 T
16.2661922 -13.7598592 7.42 T
16.3564247 -12.9030521 7.75 T
16.4034833 -9.9795383 6.20 T
16.5216381 -9.8393107 5.57 T
16.5265454 -10.9856265 6.96 T
16.6127381 -9.7666593 7.60 T
16.6848247 -15.5104401 7.30 T
16.7963017 -1.7321847 7.43 T
16.9361767 -4.7455572 7.86 T
16.9434842 -9.7854460 5.76 T
17.0447566 -12.1680593 7.78 T
17.1114938 -6.1752004 7.90 T
17.1488444 -10.1831283 3.57 T
17.2608220 -10.1003270 7.81 T
17.4002110 -11.6785934 7.59 T
17.5496471 -8.9063801 6.51 T
17.5969236 -16.3068292 7.73 T
17.6275561 -6.0845009 7.68 T
17.6790671 -4.8421348 7.36 T
17.8221433 -13.5032660 7.38 T
17.8834665 -12.8435125 7.55 T
17.9309226 -2.2512215 6.08 T
18.0658229 -10.9402177 7.48 T
18.1276354 -9.2238012 7.83 T
18.1984210 -6.7834614 6.68 T
18.3468673 -2.5509810 7.37 T
18.4674785 -4.8477239 7.18 T
18.4810033 -7.6226645 7.65 T
18.5052369 -13.4750479 6.90 T
18.5942495 -7.9092008 7.85 T
18.6009556 -7.9210809 5.19 T
18.6211588 -5.0482390 7.55 T
18.6624658 -9.9702783 7.91 T
18.7271234 -15.8189753 7.38 T
19.1016765 -12.0970392 7.64 T
19.1505734 -2.5007687 5.53 T
19.2474788 -2.2800497 6.60 T
19.3459925 -5.6326756 7.94 T
19.4266604 -7.6593711 6.83 T
19.6779098 -13.3967692 7.89 T
19.9909287 -15.8147772 7.40 T
19.9909287 -15.8147772 7.61 T
20.0126327 -9.8842549 6.69 T
20.1155496 -11.2394668 6.27 T
20.1440400 -3.2469633 6.36 T
20.1696323 -13.8899231 6.94 T
20.3231340 -6.1597609 6.88 T
20.6424109 -3.8003276 7.75 T
20.7527541 -16.4885711 7.99 T
20.7615077 -16.5599143 7.86 T
20.7639543 -12.9662092 7.93 T
20.9612601 -5.8202065 7.73 T
21.0117117 -8.0078351 6.24 T
21.0855882 -6.9146796 5.97 T
21.1665642 -15.6605782 6.29 T
21.2025684 -10.4302545 7.94 T
21.2029086 -2.8487622 6.27 T
21.2041019 -6.9863377 7.43 T
21.2526329 -5.9464644 6.83 T
21.3259352 -14.9941853 7.87 T
21.4054186 -14.5988887 5.04 T
21.4685727 -3.9275555 6.66 T
21.4799851 -8.5045546 6.69 T
21.5258901 -2.2010482 7.69 T
21.5361075 -6.6557661 7.75 T
21.7149499 -13.0564524 5.54 T
21.8680769 -9.2973357 7.01 T
21.9450417 -10.9014952 6.37 T
21.9807305 -3.5735372 7.88 T
22.0046773 -2.0355009 7.07 T
22.0246472 -17.2615289 7.41 T
22.0672482 -12.2461692 6.94 T
22.1518830 -11.5326406 7.59 T
22.3844200 -9.4890334 6.97 T
22.4210561 -13.2242951 7.20 T
22.4740814 -5.5959654 6.72 T
22.4931424 -15.7290726 7.87 T
22.7492214 -4.9595579 7.15 T
22.7946040 -7.0329193 7.93 T
22.9036394 -12.2581763 7.17 T
22.9488138 -10.2574480 7.51 T
23.0037836 -6.7187093 7.59 T
23.2648461 -9.0146334 6.59 T
23.4296008 -7.0258538 5.82 T
23.6580374 -15.6763742 5.62 T
23.6938817 -2.0340298 7.58 T
23.7139019 -3.5240968 6.58 T
23.7766585 -2.3353326 7.45 T
23.8611606 -13.3807738 7.24 T
23.9213267 -5.0771753 7.87 T
23.9729612 -17.5337125 7.23 T
23.9958291 -15.4001072 5.54 T
24.3051075 -4.1428352 7.89 T
24.3988606 -6.7610339 7.75 T
24.4087650 -9.4032411 6.30 T
24.4671191 -3.4407517 6.63 T
24.5189352 -10.3406366 7.90 T
24.6071751 -15.8720909 7.57 T
24.6857684 -5.7357218 7.39 T
24.7508141 -10.4985120 7.96 T
24.8381844 -17.7934986 7.66 T
24.9414614 -17.5507877 7.51 T
24.9790253 -9.9716563 7.91 T
25.1932283 -2.6221874 6.87 T
25.2045719 -6.6077020 7.80 T
25.4077945 -2.9595601 7.71 T
25.4370918 -11.3272890 6.14 T
25.4370918 -11.3272890 7.17 T
25.6053421 -2.1606407 7.98 T
25.6336649 -8.6593360 7.11 T
25.6812245 -3.6904086 5.14 T
25.7535297 -14.4914403 7.85 T
25.8434423 -7.0770798 7.73 T
25.9690339 -7.4796429 7.72 T
25.9781616 -4.7657134 6.37 T
26.1067266 -11.2974661 7.45 T
26.1820728 -6.7662179 6.65 T
26.2836449 -14.5624163 7.31 T
26.3394821 -3.1689676 7.60 T
26.4968605 -5.7334810 5.54 T
26.6301492 -10.5979926 7.61 T
26.7433318 -13.8886449 6.70 T
26.7663141 -3.1156335 7.43 T
26.8157453 -17.4835861 7.39 T
26.8906586 -2.9123907 7.88 T
27.1535469 -14.7653248 7.43 T
27.3463024 -10.7041064 6.81 T
27.3953233 -10.6870107 4.69 T
27.5657914 -6.7038648 7.13 T
27.5659932 -12.8869262 7.10 T
27.6202500 -12.3426532 7.61 T
27.8653752 -10.3352954 3.85 T
27.8715166 -4.2205140 7.23 T
27.9020205 -2.6380089 7.21 T
27.9075230 -6.8741975 6.55 T
27.9169429 -13.2338415 7.11 T
27.9421730 -15.6474686 6.64 T
28.1762260 -12.7278562 7.55 T
28.2174256 -16.9295816 5.81 T
28.2746639 -1.3291404 7.50 T
28.4094832 -10.4159370 7.91 T
29.2877007 -10.2439412 6.51 T
29.3039390 -7.8136497 7.64 T
29.3174095 -17.6768986 7.80 T
29.3805667 -6.8277208 7.58 T
29.4977938 -2.0594573 6.58 T
29.6154143 -7.0781933 7.07 T
29.6920878 -11.3015320 6.59 T
29.8059426 -15.1224435 7.43 T
29.8794815 -13.8724028 7.03 T
30.0348927 -4.2834308 7.98 T
30.0614721 -3.3684040 6.92 T
30.1123091 -8.5239954 5.66 T
30.2066532 -8.4720576 7.03 T
30.2679753 -2.4950742 7.91 T
30.2736275 -11.0486297 7.88 T
30.4860442 -16.5688356 7.88 T
30.7182300 -2.3779987 6.93 T
30.7442052 -15.3058731 5.97 T
30.9744998 -17.5137145 7.22 T
12.5316667 -10.6444444 5.19 B
13.5733333 -8.7408333 6.16 B
13.9266667 -7.3472222 5.85 B
14.0062500 -11.2666667 5.31 B
18.6000000 -7.9230556 5.13 B
21.0058333 -8.1833333 3.60 B
24.4070833 -9.4038889 6.24 B
25.4362500 -11.3247222 5.75 B
26.0170833 -15.9375000 3.50 B
32.8425000 -10.0522222 6.01 B
