339.5490545 -27.4433370 7.96 T
340.0113247 -19.1981142 7.32 T
340.1629896 -16.7709484 7.71 T
340.1641157 -27.0436276 4.16 T
340.2682303 -23.5215868 7.16 T
340.3457982 -25.3502513 7.42 T
340.3569366 -12.2300092 6.92 T
340.3587873 -27.2571410 7.81 T
340.5762372 -27.3825453 7.89 T
340.6341205 -12.5597696 7.42 T
340.7571744 -21.6574687 7.24 T
340.8965952 -18.8305477 4.83 T
341.0721445 -14.6117716 7.73 T
341.0888517 -14.6761164 7.26 T
341.3632682 -13.0071367 7.84 T
341.3668008 -15.5836295 7.20 T
341.3856352 -25.2368793 6.55 T
341.4265435 -26.9794068 7.92 T
341.6284531 -18.2864419 7.81 T
341.7094263 -20.7903445 7.97 T
341.8389217 -16.1467823 7.55 T
341.8555874 -17.5507901 6.86 T
341.8873420 -19.6146684 5.34 T
341.9284043 -14.0564904 5.68 T
341.9849119 -25.9127456 6.41 T
342.1173092 -27.5650524 6.93 T
342.3214442 -23.0925646 7.06 T
342.3607320 -11.3491808 7.66 T
342.3978368 -13.5928670 4.21 T
342.4833110 -20.2851983 7.47 T
342.6007384 -14.0594673 7.80 T
342.8236316 -23.7653052 7.67 T
343.1479003 -19.0381607 7.05 T
343.3477841 -23.9292764 7.98 T
343.3697424 -11.6165005 5.77 T
343.5240640 -19.1751682 6.56 T
343.5299976 -12.1907059 7.02 T
343.5808540 -24.9799091 7.54 T
343.6880102 -16.2725015 5.66 T
343.7286476 -22.3702273 6.82 T
343.8777415 -20.1395107 6.51 T
344.4045658 -20.2744580 7.58 T
344.4519387 -26.1099741 7.68 T
344.6942865 -23.4493716 7.99 T
344.8985809 -13.0709031 6.27 T
344.9449246 -16.3997240 7.89 T
345.0243793 -25.1646737 5.80 T
345.0811137 -26.1547631 7.56 T
345.1033050 -25.6271078 6.42 T
345.2309574 -19.3469103 7.61 T
345.3461942 -22.7910507 6.29 T
345.3538153 -14.2722846 7.40 T
345.3940786 -22.4197233 7.47 T
345.6324838 -11.2657860 7.86 T
345.6577798 -18.5418943 6.88 T
345.6840056 -20.8715230 6.08 T
345.9091012 -26.8132556 7.02 T
346.0151919 -22.7100746 7.71 T
346.0478069 -22.2353415 7.58 T
346.2089974 -27.1360790 6.99 T
346.3032785 -17.0794872 6.30 T
346.3142104 -24.3497494 7.16 T
346.3426086 -16.8984056 6.96 T
346.3567779 -22.4868712 7.70 T
346.4705537 -15.4526634 7.75 T
346.8513061 -11.8067149 7.71 T
347.2135188 -25.8308734 6.80 T
347.4566502 -14.5105974 6.42 T
347.4789556 -22.4577049 4.80 T
347.5868697 -13.6443834 7.32 T
347.7982419 -26.9157823 7.91 T
347.9983117 -11.9337638 7.93 T
347.9993399 -11.9338361 7.95 T
348.1255943 -23.8196471 8.00 T
348.3188234 -18.3694606 7.70 T
348.4509764 -13.3947273 7.33 T
348.5317286 -19.6958343 7.52 T
348.5728389 -16.9092265 7.88 T
348.7217048 -16.2396020 7.74 T
348.8304203 -24.8518000 7.30 T
348.8367821 -11.5656316 7.57 T
348.9026771 -11.6322377 7.74 T
348.9697161 -13.1840248 7.33 T
349.1224258 -23.2257313 7.14 T
349.1268666 -27.0806431 7.55 T
349.2072593 -21.2034023 7.37 T
349.2439909 -18.8732104 7.07 T
349.2845439 -20.6850185 7.75 T
349.2883559 -18.1660406 7.45 T
349.3683459 -16.1722229 6.67 T
349.3738837 -13.6440514 7.87 T
349.4172683 -11.7129030 6.33 T
349.4858822 -13.7952651 6.74 T
349.6236296 -18.8415431 6.95 T
349.7590151 -12.1704354 7.23 T
349.8504761 -18.0753261 6.12 T
349.9195726 -15.7823907 7.42 T
350.0122725 -22.8213424 7.65 T
350.2330432 -18.5435849 7.29 T
350.2376579 -18.9885449 7.82 T
350.3133667 -13.2693464 7.35 T
350.3144423 -26.9868395 5.75 T
350.6638467 -15.0392657 5.22 T
350.7133315 -23.4522061 7.48 T
350.9677604 -17.7894356 7.55 T
351.0067555 -27.2808001 7.77 T
351.0161253 -21.7749076 6.52 T
351.0338022 -18.6876832 6.30 T
351.1782025 -27.3538552 7.50 T
351.1977621 -21.4427652 7.81 T
351.2419036 -22.5024286 7.79 T
351.3547836 -14.0161746 7.97 T
351.4707146 -20.6171323 7.83 T
351.5112758 -20.6424125 4.54 T
351.5519889 -27.4245110 6.70 T
351.5829665 -12.9504051 7.78 T
351.6481735 -21.7408539 6.55 T
351.7378807 -15.2477541 6.95 T
351.7555158 -22.7234458 7.42 T
351.8586412 -12.9303573 7.46 T
351.8894064 -27.2780883 7.47 T
351.9853760 -15.2992976 6.89 T
352.0222893 -11.4498859 6.47 T
352.0302888 -12.2124114 7.69 T
352.1049170 -25.4206558 6.92 T
352.3571563 -24.0385704 7.75 T
352.5670323 -21.8825482 7.54 T
352.6676902 -24.1958842 7.61 T
352.7267500 -15.9825236 7.95 T
352.9251996 -21.3694800 6.28 T
352.9513412 -21.2503347 7.20 T
352.9627498 -11.9479638 7.80 T
352.9832919 -25.7440110 6.69 T
353.0528481 -11.5446225 6.85 T
353.3078997 -12.6093187 7.11 T
353.5015999 -24.8594366 7.54 T
353.5285953 -14.2294430 7.97 T
353.7059828 -15.2465539 6.10 T
353.8668887 -16.5837044 7.76 T
353.9175560 -27.4914289 6.79 T
353.9243829 -15.2993020 7.40 T
354.0400110 -26.8763058 6.60 T
354.1731548 -25.2378121 7.80 T
354.3381235 -13.3381643 7.92 T
354.4150588 -13.0600763 5.77 T
354.4625674 -24.8791032 7.69 T
354.5131460 -15.0958014 6.50 T
354.6736058 -20.8673932 7.80 T
354.8162354 -21.9239416 7.74 T
354.9233862 -22.5335595 7.30 T
354.9464396 -14.2224916 5.01 T
355.1099486 -26.2020061 7.66 T
355.1597268 -18.9891715 7.67 T
355.2791487 -24.1605386 6.79 T
355.2875878 -11.6806130 6.03 T
355.3934359 -18.0275361 5.53 T
355.4409568 -17.8165367 4.91 T
355.6160264 -15.4481684 5.41 T
355.6812409 -14.5453200 4.48 T
355.6991272 -11.3286726 7.35 T
355.7944582 -23.6757132 7.72 T
355.8854308 -22.9027146 7.93 T
356.1209029 -26.2468214 6.28 T
356.3416764 -13.6819945 7.95 T
356.4682989 -14.7548462 7.52 T
356.4966258 -13.4543126 7.88 T
356.5783725 -13.3643211 7.85 T
356.8160047 -11.9117095 5.85 T
356.9839808 -13.9173913 7.60 T
357.0383231 -16.6994553 7.59 T
357.1176317 -11.5087005 7.75 T
357.1276753 -18.8848629 7.49 T
357.3581275 -21.6139128 7.14 T
357.4565007 -25.3314721 6.45 T
343.6625000 -15.8208333 3.27 B
343.6895833 -16.2719444 5.56 B
346.6704167 -23.7430556 4.47 B
347.3616667 -21.1725000 3.66 B
347.4358333 -28.0886111 5.87 B
348.6675000 -10.6886111 6.12 B
349.7779167 -13.4588889 5.08 B
350.7425000 -20.1005556 3.97 B
353.3191667 -20.9144444 4.71 B
356.0504167 -18.2769444 5.24 B
356.5037500 -18.6780556 5.29 B
357.8387500 -18.9088889 5.18 B
