170.6671932 35.0262818 7.60 T
170.7129267 31.8279859 7.45 T
170.9717686 37.2347839 6.97 T
171.2308747 31.8248717 7.79 T
171.3196838 29.7583642 7.76 T
171.4088930 29.9874037 6.92 T
171.4403100 26.7472278 7.34 T
171.5354883 22.7083747 7.43 T
171.6062481 33.4507268 6.38 T
171.7398958 28.4072083 7.68 T
171.7631208 21.8511991 7.67 T
171.7870325 25.0277484 7.75 T
171.8010725 33.1240150 7.36 T
171.9358840 37.9376078 7.33 T
172.3287065 30.4236443 7.22 T
172.4662353 24.9474039 7.94 T
172.5072349 24.8845082 7.84 T
172.5173913 29.9633824 6.95 T
172.5305980 25.3032432 7.76 T
172.5689680 37.9537223 7.24 T
172.7280678 28.4515960 6.95 T
172.7519837 32.3179269 7.22 T
172.8383884 22.8175762 7.86 T
172.9648689 24.3114298 7.30 T
172.9997587 30.2386599 7.87 T
173.0521021 36.2470631 6.70 T
173.1065183 29.0447973 7.86 T
173.2585442 34.0513584 7.37 T
173.4835244 36.8153099 6.49 T
173.7568757 30.5086594 7.51 T
174.0750646 27.7813541 5.90 T
174.1190072 25.0297751 7.03 T
174.3078903 27.7737422 7.77 T
174.5231328 31.8806923 7.16 T
174.6345628 33.6257619 6.42 T
174.6838827 23.3308026 7.65 T
174.8683447 25.3012305 7.93 T
175.0383154 23.7081741 6.90 T
175.2624709 34.1992570 5.39 T
175.3901542 31.7462460 5.79 T
175.5209512 22.2107083 6.68 T
175.8453240 28.0553984 7.73 T
175.8798978 31.7618471 6.91 T
175.9458681 24.0102832 7.48 T
176.0545769 29.8953991 7.89 T
176.0547529 25.2183889 6.18 T
176.1828221 28.6702112 7.02 T
176.3558113 27.2179089 7.33 T
176.3957032 35.8944914 7.14 T
176.7532930 23.7205438 7.02 T
176.8302372 24.4241106 8.00 T
176.9785237 32.4909714 7.99 T
176.9845393 27.3406597 7.56 T
177.1046427 28.4169549 7.27 T
177.1520389 28.7999044 7.04 T
177.3014880 28.1213975 7.48 T
177.3968453 29.4985171 7.67 T
177.4229052 34.9317958 5.78 T
177.6814539 28.0968917 7.94 T
177.7421070 33.6042526 7.27 T
177.7798197 36.8351510 7.68 T
177.7895920 33.3751420 6.27 T
178.4483092 33.6151606 7.03 T
178.8080916 36.7560884 6.67 T
178.8517203 25.5221663 7.11 T
179.0007464 35.3404394 6.80 T
179.0633879 28.8585558 7.40 T
179.0850032 26.6797307 6.84 T
179.1233537 34.9034459 7.47 T
179.3570945 26.7613008 7.55 T
179.5290837 32.2735283 6.46 T
179.6187460 31.9203004 7.98 T
179.6882644 37.8773810 7.95 T
179.8230586 33.1669517 6.08 T
179.9887668 34.0349596 6.52 T
180.0411550 36.7298318 7.48 T
180.2119873 32.9637860 7.50 T
180.3039248 30.6379791 7.92 T
180.4137809 36.0415764 5.70 T
180.4342038 22.0942297 6.65 T
180.6751017 24.4458246 7.86 T
180.8883187 29.6789888 7.58 T
181.1687907 35.5673704 7.51 T
181.2789662 33.7495692 7.57 T
181.5033257 23.2045820 7.51 T
181.8666442 23.0422942 7.66 T
182.0232897 31.0495483 7.42 T
182.0641723 30.2753254 7.73 T
182.1556690 26.4933028 7.08 T
182.4180288 33.0871246 7.68 T
182.6156623 29.0681676 7.59 T
182.6919959 27.2814353 6.00 T
182.8125340 24.7534758 7.59 T
182.8408870 22.5936501 7.55 T
182.8842135 34.2580923 7.34 T
182.9421807 23.3223585 6.85 T
182.9629787 25.8700917 5.81 T
183.0047146 28.5359158 6.50 T
183.2165948 31.7958981 7.82 T
183.2628128 28.6349628 7.86 T
183.3199014 30.2831717 7.45 T
183.3231670 22.0265678 7.52 T
183.5264038 32.7841694 6.99 T
183.5755754 26.5046742 7.50 T
183.6144773 23.6603722 7.42 T
184.0853999 23.9453823 5.03 T
184.1251562 33.0608227 5.12 T
184.3771680 28.9373994 5.72 T
184.4620295 25.5712778 7.89 T
184.5463906 27.3006512 7.50 T
184.6210431 32.7488221 6.70 T
184.6323155 30.2483038 6.26 T
184.6701247 26.1906986 7.60 T
184.7583517 26.0082959 6.46 T
184.8166230 25.0601380 7.80 T
184.8298831 23.0346160 6.25 T
184.8715854 28.1561409 6.44 T
184.9608527 28.4642936 6.64 T
185.0557853 37.9020803 6.83 T
185.0729896 26.0019884 6.17 T
185.0815120 26.6187887 5.64 T
185.1699077 27.0527754 7.13 T
185.1724445 27.0538078 7.04 T
185.2625636 25.0325291 7.39 T
185.2668404 38.0238134 7.58 T
185.2963897 34.6864703 7.24 T
185.3613476 24.9969670 7.40 T
185.4379772 21.8727922 7.48 T
185.5054166 33.0907460 7.57 T
185.5447157 24.7738307 6.16 T
185.6262229 25.8460942 4.86 T
185.8750902 24.5931639 7.51 T
186.0143285 25.8511731 6.72 T
186.0771162 26.0985055 5.16 T
186.1115355 25.5823732 6.74 T
186.1115355 25.5823732 7.83 T
186.2042208 31.0338576 7.67 T
186.3133309 23.9259497 6.16 T
186.4138956 23.3512326 7.77 T
186.6001775 27.2681799 4.95 T
186.7338864 28.2679206 4.47 T
186.7469820 26.8256432 4.97 T
186.8008017 36.3742316 7.66 T
186.8871545 28.1087828 7.17 T
186.9097619 25.9120403 6.68 T
186.9426429 27.4226480 7.73 T
187.1588858 26.2269167 6.52 T
187.1855331 25.8992121 6.64 T
187.2277639 25.9127543 5.23 T
187.3118501 34.7036105 7.64 T
187.3625607 24.1089355 5.52 T
187.4810119 24.3383024 7.92 T
187.5824565 21.9480361 7.85 T
187.7522605 24.5671089 5.44 T
187.7531382 31.4239869 7.38 T
187.7632422 23.7733505 7.19 T
187.8782971 33.0144495 7.48 T
187.8882066 27.0641917 7.64 T
187.8899961 25.8702742 7.88 T
187.9605701 29.3140788 7.58 T
187.9669226 23.2688967 7.66 T
188.1870482 23.4190358 7.51 T
188.3736085 38.0689643 6.64 T
188.3839086 24.4487188 7.48 T
188.3925043 24.2829335 6.26 T
188.4123289 33.2473955 5.52 T
188.4476073 33.3846119 6.35 T
188.6901555 24.2242110 7.85 T
188.7124070 22.6293778 4.77 T
188.7841790 21.8812694 6.00 T
188.7954405 36.4253408 7.32 T
189.0049616 32.0040363 7.50 T
189.0081863 25.4233441 7.82 T
189.8204002 35.9519353 6.40 T
175.2625000 34.2016667 5.33 B
175.3929167 31.7461111 5.73 B
178.2450000 37.7186111 6.45 B
179.3108333 40.3436111 6.62 B
181.0691667 21.4591667 5.87 B
184.8733333 28.1569444 6.33 B
