270.0675312 -47.5539725 6.69 T
270.9818742 -45.1786636 7.81 T
271.1570518 -40.6376528 7.17 T
271.1621044 -41.9703735 7.60 T
271.2097981 -35.9016590 6.10 T
271.3988250 -36.7551810 7.69 T
271.4357260 -36.5793826 7.89 T
271.5996600 -36.0197448 6.00 T
271.6118759 -41.7578890 7.58 T
271.7080824 -43.4256581 5.65 T
271.7080824 -43.4256581 5.68 T
271.9765435 -38.5654543 7.32 T
272.1254612 -45.7671365 6.15 T
272.1523015 -41.9392144 7.50 T
272.1830794 -49.3455663 7.42 T
272.2231240 -42.6570496 7.09 T
272.3437285 -36.6725834 6.54 T
272.3648385 -45.9392367 7.39 T
272.5241276 -45.9040497 7.48 T
272.7306456 -33.8000982 6.11 T
272.7683299 -47.5132958 6.20 T
272.7734507 -41.3593526 5.88 T
272.8071645 -45.9546544 4.62 T
272.9197890 -35.0254652 7.11 T
272.9325318 -42.6413875 7.80 T
272.9457468 -43.0821776 7.53 T
273.0261831 -34.0687408 7.22 T
273.1220868 -39.3423458 7.25 T
273.3028929 -41.3361603 5.43 T
273.3186601 -39.2545338 7.58 T
273.4478475 -46.3129252 6.82 T
273.5100036 -34.2892365 7.89 T
273.5290097 -38.4120657 7.24 T
273.5411264 -37.6210346 7.64 T
273.5531276 -39.9498362 7.87 T
273.5871718 -41.9093101 7.88 T
273.6614938 -36.8990150 7.79 T
273.8611019 -48.8514674 6.68 T
273.8637753 -34.5945838 6.90 T
273.9578673 -35.6373154 7.43 T
273.9601922 -43.1687972 7.04 T
273.9620883 -36.5737806 6.90 T
273.9733266 -44.2063676 5.56 T
274.0475021 -46.0244466 7.52 T
274.0963476 -40.4721706 7.36 T
274.1186437 -46.5547965 7.85 T
274.4009759 -34.1073326 6.03 T
274.4057815 -36.7627372 3.30 T
274.6269193 -34.6861528 6.90 T
274.6673446 -42.2884232 6.27 T
274.8916738 -49.3473302 7.41 T
274.9213420 -45.7000104 6.89 T
274.9743581 -46.2318689 7.91 T
275.0071167 -48.7654135 6.58 T
275.0375374 -34.7747335 7.88 T
275.0700314 -35.4287544 6.86 T
275.2555766 -43.7746943 6.69 T
275.3099062 -39.0218836 6.81 T
275.5770312 -38.6570827 5.25 T
275.7211342 -36.6697136 5.31 T
275.8203231 -48.3611786 7.44 T
275.8701735 -36.2379518 5.63 T
276.0162958 -34.3341848 6.97 T
276.0759927 -44.1103989 5.20 T
276.1292857 -37.2269470 7.74 T
276.1383960 -49.6538129 6.52 T
276.2174511 -42.2290362 7.57 T
276.3400333 -35.9920199 6.25 T
276.4775220 -33.9457945 6.28 T
276.7250818 -48.1175833 5.54 T
276.7432377 -45.9688206 3.44 T
276.8467264 -36.0160101 7.11 T
277.0244567 -38.3566982 7.79 T
277.0325478 -35.9717495 7.90 T
277.1129751 -38.9959273 5.64 T
277.1432092 -38.8643649 7.94 T
277.2090756 -49.0720121 4.22 T
277.3036497 -43.8457913 6.45 T
277.3199684 -38.8514038 6.62 T
277.4078872 -33.9340713 7.02 T
277.4833685 -47.2206406 5.82 T
277.5183265 -43.8349218 7.16 T
277.7337509 -48.0150173 6.71 T
277.7622588 -41.9140307 6.04 T
277.7981959 -36.8091905 7.02 T
277.8073158 -43.7299137 7.87 T
277.9392791 -45.9149926 4.90 T
277.9842368 -43.5074346 5.84 T
278.0081213 -45.7574636 5.05 T
278.0559436 -37.2124348 7.77 T
278.0891342 -39.7042408 5.17 T
278.2544939 -39.8925271 6.27 T
278.3461525 -38.7202499 6.16 T
278.3463847 -38.7261233 5.58 T
278.3760390 -42.3126407 4.72 T
278.4156564 -36.8057047 7.97 T
278.6139174 -34.8158476 7.57 T
278.8178485 -39.6945433 7.20 T
279.3574602 -47.0746386 6.91 T
279.4150619 -42.9555858 7.76 T
279.4312869 -34.5451878 7.95 T
279.4331665 -41.6143895 7.44 T
279.7309685 -37.8731464 7.74 T
279.8097995 -47.9096759 5.87 T
279.8244811 -34.1663981 6.65 T
279.8962266 -43.1861438 5.62 T
280.1828063 -47.0271765 6.82 T
280.3049070 -42.1665610 7.43 T
280.5932358 -47.7611822 6.68 T
280.7214610 -39.2857265 7.02 T
280.9453378 -40.7995436 7.95 T
280.9456119 -38.3237819 5.12 T
281.0333147 -36.7185987 6.42 T
281.0806913 -35.6421705 4.82 T
281.1654150 -41.4358824 7.48 T
281.2382150 -39.6862258 5.53 T
281.2466868 -39.7512279 6.81 T
281.4049241 -48.2640416 6.84 T
281.5151391 -42.5664381 6.99 T
281.6988140 -43.7891693 7.42 T
281.8293390 -37.5488517 7.07 T
281.8513392 -49.6306973 6.91 T
281.9361211 -40.4062667 5.30 T
282.0616742 -33.9083192 6.97 T
282.0749007 -39.6033669 7.11 T
282.2105828 -43.6801419 5.47 T
282.3645908 -45.8097635 5.90 T
282.3957770 -43.4342665 5.58 T
282.4652766 -34.1918344 7.75 T
282.6724141 -47.7797648 7.04 T
282.6950147 -34.3051924 7.35 T
282.7443654 -41.0627183 6.47 T
283.0664747 -40.9179836 7.14 T
283.1137236 -46.5951174 5.69 T
283.2496237 -46.5862706 6.17 T
283.2596033 -48.3614033 6.18 T
283.3528715 -37.2745711 7.38 T
283.4470962 -36.2881033 7.25 T
283.5065982 -47.2746242 7.11 T
283.5383092 -47.2633204 7.28 T
283.6213475 -45.4863036 6.64 T
283.6351700 -49.8792473 6.58 T
283.6915868 -48.9477914 7.20 T
283.8481801 -37.3866061 6.59 T
284.0704073 -42.7108500 5.46 T
284.1333946 -48.9924697 6.75 T
284.1687778 -37.3434086 5.33 T
284.3096439 -43.9171637 6.26 T
284.3933413 -39.8229852 6.31 T
284.6158520 -34.2146783 7.20 T
284.6796962 -37.1080179 4.90 T
284.7956605 -39.5349079 6.49 T
284.9227451 -40.6227836 7.72 T
285.2636258 -37.0611147 6.58 T
285.2678644 -37.0616733 6.33 T
285.4122321 -36.8908678 7.34 T
285.5072632 -40.6628119 7.12 T
285.5357587 -41.9105626 6.21 T
285.6360280 -34.6326556 7.20 T
285.6781397 -36.0963789 7.88 T
285.7719358 -45.7118134 7.95 T
285.7791335 -42.0953866 4.72 T
285.8238416 -38.2530621 5.76 T
285.9656728 -46.5486831 7.61 T
286.1667712 -48.4040751 6.77 T
286.2494043 -37.9614327 7.71 T
286.6054785 -37.0652670 4.41 T
286.7171148 -37.8129393 6.23 T
286.7318147 -48.2992231 5.95 T
286.8435135 -47.5324406 7.53 T
287.0877697 -40.4968504 4.69 T
287.1652216 -39.9601749 7.96 T
287.3687641 -37.9050918 4.09 T
287.4014636 -36.1649087 6.53 T
287.4156444 -39.8273824 6.56 T
287.4902438 -41.8923163 5.84 T
287.5073748 -39.3410194 4.23 T
287.7579398 -39.0047474 6.34 T
287.9978402 -39.2770600 7.81 T
288.0408092 -37.5831297 6.67 T
288.1439385 -37.5241321 7.16 T
288.1838396 -33.8462202 7.34 T
288.2840298 -38.6812314 6.96 T
288.6652683 -45.1937709 6.01 T
288.8975714 -36.9495272 6.98 T
289.0905702 -45.4659499 5.53 T
289.1156909 -33.8094273 7.54 T
289.3462051 -45.4249965 7.32 T
289.4965352 -47.0746609 7.26 T
289.8795133 -36.6591394 7.32 T
289.9167045 -35.4215350 5.56 T
290.1475603 -39.9889878 7.42 T
290.3746799 -34.9839764 6.55 T
290.5392326 -42.0162128 6.46 T
290.6596099 -44.4590863 3.94 T
290.8055686 -44.8001425 4.31 T
290.9718430 -40.6166925 3.93 T
291.4819128 -49.8434325 6.76 T
291.9306940 -40.0979349 7.21 T
292.3501299 -43.4459099 5.73 T
271.6579167 -50.0916667 3.66 B
273.9695833 -44.2066667 5.46 B
274.2537500 -51.0683333 6.06 B
275.2304167 -37.4875000 6.45 B
278.4908333 -33.0166667 5.28 B
280.3775000 -48.0950000 6.49 B
282.3216667 -34.7486111 6.62 B
286.6045833 -37.0633333 4.93 B
286.7187500 -37.8102778 6.16 B
