321.9994041 -66.7937314 7.75 T
322.6046831 -60.2071659 7.81 T
322.7017499 -62.1680991 7.22 T
323.2163682 -64.1500965 7.37 T
323.9185296 -59.6933510 7.91 T
323.9274550 -62.9691734 7.63 T
324.5123141 -64.8242280 6.21 T
324.5714487 -69.6303177 6.75 T
325.1069733 -71.5036682 7.50 T
325.1208902 -74.0729422 7.15 T
325.8902876 -68.0646852 7.41 T
326.0610439 -62.1143492 7.13 T
326.3703769 -71.0089336 6.00 T
326.4342968 -69.3638206 7.90 T
326.5829593 -62.5500245 7.04 T
326.5994535 -68.6839347 7.87 T
326.6582132 -67.5964808 7.19 T
326.7756763 -62.2156816 7.97 T
326.9252587 -66.8057417 7.88 T
326.9573961 -72.6819274 7.66 T
327.1838652 -65.5028022 7.31 T
327.5004579 -64.7127777 5.73 T
327.5997046 -58.3056310 7.97 T
327.6960861 -69.6293916 5.67 T
327.7237730 -59.6450625 7.60 T
327.7821020 -72.1394148 7.41 T
327.9480894 -70.3520081 7.85 T
328.0411014 -62.0529237 7.28 T
328.0776444 -70.5493644 7.88 T
328.4972819 -63.1039201 7.87 T
328.6839845 -73.4412328 7.51 T
328.7980685 -61.8871603 5.96 T
328.8654917 -70.1155862 6.65 T
328.8934786 -70.0685615 6.65 T
329.0412769 -60.2294577 7.98 T
329.2365128 -61.8464335 7.22 T
329.6253904 -59.0119791 6.20 T
329.7893261 -60.6080377 7.79 T
329.9661260 -60.7650019 7.70 T
330.1077267 -63.4314027 7.97 T
330.5297323 -65.2400146 7.49 T
330.9280892 -60.4374459 7.94 T
331.1604830 -64.7287067 7.35 T
331.4632739 -59.6364077 5.78 T
331.5157715 -65.6684237 7.60 T
331.5957721 -68.7415851 7.54 T
331.8707768 -68.0238263 7.05 T
331.9131964 -59.3207544 7.25 T
331.9401538 -65.1036095 7.67 T
331.9734985 -70.2856331 6.72 T
332.0696704 -63.5052348 7.75 T
332.1838942 -59.2851204 7.99 T
332.2367334 -63.8890984 7.73 T
332.3527658 -70.9041397 6.93 T
332.6663399 -68.3293245 7.16 T
332.7154621 -63.0994868 7.84 T
332.8183847 -60.5480792 7.82 T
332.8488317 -64.0142696 7.79 T
333.2741658 -59.6916603 7.74 T
333.4062216 -66.7821047 7.74 T
333.4302921 -68.1263826 6.99 T
333.8216682 -70.6533526 6.99 T
334.1215001 -63.3385700 7.38 T
334.5087138 -62.8113955 7.08 T
334.6244817 -60.2598601 3.00 T
334.7075673 -68.3142622 7.32 T
335.0123221 -66.8863296 7.63 T
335.2325718 -60.4305147 7.90 T
335.2685823 -62.5485974 6.66 T
335.5057981 -67.0847337 7.98 T
335.9317430 -72.8039450 7.96 T
335.9811494 -65.3538945 7.70 T
336.1662013 -65.6214031 7.33 T
336.1804943 -72.2596133 5.35 T
336.2964447 -70.4320159 5.81 T
336.6467545 -62.5397700 7.90 T
336.8342138 -64.9663104 4.49 T
337.1594233 -67.4895025 5.59 T
337.2319822 -60.0540452 6.98 T
337.3259060 -69.4379285 7.80 T
337.5735899 -62.2821767 7.91 T
338.0399550 -69.1080359 7.08 T
338.2508216 -61.9822553 5.13 T
338.2968962 -60.4327110 7.11 T
338.3495407 -59.9919429 7.99 T
338.3777195 -63.4718076 7.53 T
338.4023156 -58.2140695 7.95 T
338.8574833 -61.6421701 7.95 T
339.0281805 -70.9637991 7.28 T
339.0934701 -72.7131473 6.84 T
339.1917451 -64.3895603 7.72 T
339.3820517 -65.5657844 7.46 T
339.8787997 -68.0605678 7.01 T
340.1995505 -67.6887257 7.25 T
340.5284258 -68.3989875 7.98 T
340.9272281 -60.7243459 7.65 T
341.0686600 -60.4994883 6.36 T
341.1410557 -63.9539578 6.95 T
341.1557145 -62.5485210 6.89 T
341.7224953 -69.5277503 7.79 T
341.8842202 -69.4743638 6.88 T
341.8981570 -65.5602981 6.62 T
341.9893390 -58.6848361 7.27 T
342.0900563 -61.6843754 6.48 T
342.1352332 -70.9334199 7.37 T
342.2303737 -63.7183777 6.49 T
342.3230091 -70.3477887 6.35 T
342.4209692 -58.9293243 7.58 T
342.5199602 -66.0505519 7.81 T
342.6181712 -59.5255000 7.49 T
342.7269208 -62.8146940 7.67 T
342.7877690 -71.4250252 7.72 T
342.7992537 -59.0973374 7.34 T
342.9368175 -59.8813744 6.58 T
343.0420917 -63.1889089 6.33 T
343.2012139 -64.9081492 7.76 T
343.2125169 -62.8157168 7.65 T
343.3178614 -63.7651836 7.66 T
343.6636975 -70.0732554 6.12 T
343.6672011 -67.6123618 7.55 T
343.7675923 -69.1044418 7.71 T
344.1101924 -68.7837014 7.90 T
344.4987807 -59.0898004 6.74 T
344.8207752 -71.8367346 7.61 T
344.8218139 -60.1565306 7.53 T
344.9354797 -62.7722947 7.24 T
345.2549531 -58.4375770 7.06 T
345.4797164 -63.0853578 7.03 T
345.5671989 -64.2982793 7.68 T
345.7934247 -62.3829148 7.79 T
346.2183532 -68.8198299 5.56 T
346.3511487 -62.3908683 7.79 T
346.3634098 -58.8992160 7.87 T
346.4566855 -61.1929323 7.98 T
347.1487899 -73.5861316 6.32 T
347.1544120 -63.8727903 7.30 T
347.1574324 -59.7369591 7.45 T
347.4163389 -66.4718223 7.84 T
347.4363632 -67.8766022 6.50 T
347.5551606 -66.8574346 6.58 T
347.5660267 -59.3696691 7.79 T
347.6135106 -60.5645559 6.74 T
347.7949522 -63.1900576 7.14 T
348.4707733 -68.2914084 7.81 T
348.5339628 -62.7026614 6.21 T
348.5378208 -70.0576694 6.99 T
348.8759794 -59.6943731 7.54 T
349.0412578 -59.7808177 7.94 T
349.1584103 -70.2510041 7.82 T
349.2428181 -62.0013090 5.71 T
349.3366914 -62.7813039 7.65 T
349.3571127 -58.2352468 4.03 T
349.5039715 -61.0042195 6.87 T
349.5837964 -67.4710759 6.29 T
349.6470857 -59.9997312 7.83 T
349.6553793 -58.3073447 7.58 T
349.6885910 -65.3023344 7.89 T
350.7375778 -60.0558789 6.30 T
350.7957067 -64.8927393 7.90 T
351.0780458 -72.1654667 6.94 T
351.2045393 -71.6274424 7.92 T
351.2748883 -73.2734727 7.60 T
351.6154308 -63.2367981 7.76 T
351.7284747 -73.8363819 7.59 T
351.7804645 -66.5809520 6.63 T
351.7899187 -62.7371236 7.02 T
352.2546434 -63.1107334 5.63 T
352.8287082 -64.3714594 7.90 T
353.1176664 -63.6552114 7.51 T
353.6365576 -60.8683650 7.98 T
353.8046324 -64.6890311 7.16 T
354.2640859 -60.8356525 7.67 T
319.5012500 -64.6816667 6.31 B
321.6108333 -65.3661111 4.22 B
322.1870833 -69.5052778 5.34 B
329.0583333 -57.8994444 6.19 B
329.4795833 -54.9925000 4.40 B
330.1004167 -55.8827778 6.01 B
330.8400000 -56.7861111 4.69 B
335.1508333 -57.5100000 6.34 B
336.1533333 -72.2555556 5.29 B
336.2937500 -70.4316667 5.78 B
336.2350000 -57.7972222 5.32 B
337.1570833 -67.4891667 5.55 B
347.5487500 -66.8575000 6.47 B
353.8029167 -64.6894444 7.40 B
354.6004167 -76.8700000 6.00 B
356.1058333 -70.4902778 6.07 B
356.8470833 -68.3941667 6.89 B
