92.4463112 -26.7010070 6.39 T
92.4504481 -22.7739816 5.77 T
92.6444470 -27.1547116 5.82 T
92.8069037 -26.4820584 6.06 T
92.8406202 -15.7931721 6.79 T
92.8661216 -27.0583235 7.41 T
93.1226558 -13.6236009 7.56 T
93.1929712 -17.7631999 6.47 T
93.4384262 -23.8612251 6.45 T
93.7850213 -20.2719959 6.02 T
93.8241869 -18.4775751 6.10 T
93.8485545 -11.9043569 6.61 T
93.9370981 -13.7184959 4.99 T
94.0319966 -16.6180050 5.93 T
94.1732592 -12.0475056 7.06 T
94.2658462 -22.7168582 6.12 T
94.2830711 -22.3744843 7.02 T
94.4237569 -16.8158948 5.29 T
94.4342158 -19.1886900 6.69 T
94.5571697 -19.9669283 5.47 T
94.7315983 -25.0127024 7.00 T
94.7457063 -20.9255863 5.75 T
94.8136279 -24.9748882 7.32 T
94.9217510 -17.5262605 7.23 T
94.9889759 -13.9930032 6.67 T
95.1952428 -24.3001433 7.41 T
95.3315386 -16.8037554 7.51 T
95.3529637 -11.7732684 5.59 T
95.8267249 -14.8354222 7.00 T
95.9281690 -16.4671366 6.60 T
95.9485470 -19.7854185 6.84 T
96.0426450 -11.5302871 5.34 T
96.0857256 -12.9619159 6.10 T
96.0880156 -16.2246137 6.98 T
96.6158430 -19.3250583 7.14 T
96.9035590 -15.3060934 7.48 T
96.9958949 -13.1605958 7.06 T
97.1560081 -17.4659320 5.89 T
97.3565081 -22.5909976 7.03 T
97.3679910 -11.4642919 7.47 T
97.4079250 -17.0112909 7.06 T
97.6240910 -14.9543614 6.77 T
97.6453270 -13.1481482 6.12 T
97.6604817 -22.3217990 7.12 T
97.8462979 -12.3921375 5.30 T
97.8509578 -12.5597036 6.76 T
97.8729061 -21.4054073 6.61 T
98.1352106 -21.0217670 7.22 T
98.1931396 -27.4038054 6.94 T
98.3609904 -20.9241593 6.49 T
98.4159261 -26.3296296 7.20 T
98.6908237 -20.5574155 7.02 T
98.8046599 -25.8401968 7.83 T
98.8784749 -22.1091808 6.43 T
98.9617693 -16.1027758 7.37 T
99.0850453 -19.4920853 7.39 T
99.0951216 -18.6597873 5.79 T
99.1710544 -22.6146627 6.39 T
99.1714111 -19.2563096 4.07 T
99.4200248 -12.9859210 6.21 T
99.4725354 -18.2375292 4.56 T
99.5954541 -23.5803914 6.57 T
99.6475668 -16.8736926 6.01 T
99.6901075 -16.2609089 7.10 T
99.8196817 -14.1457962 4.99 T
99.9009734 -23.6957163 6.04 T
100.2387714 -12.1822677 6.93 T
100.4987113 -16.0070783 7.07 T
100.5205765 -15.2160421 7.03 T
100.6149591 -23.2324566 7.12 T
100.6914835 -22.4479648 6.27 T
100.7594321 -13.6982834 7.14 T
100.8097520 -21.8623505 7.23 T
100.9735970 -27.5913593 7.46 T
101.1847208 -19.0529869 7.30 T
101.2121024 -18.5706231 7.09 T
101.2164172 -27.3398299 6.49 T
101.3472209 -23.4622819 6.17 T
101.4202997 -17.1776185 6.91 T
101.4973829 -14.7962381 5.31 T
101.6374147 -14.5235796 6.69 T
101.7128697 -14.4259128 5.27 T
101.7560819 -21.0153587 6.03 T
101.9012799 -17.5085175 7.04 T
102.1140728 -12.8406281 7.00 T
102.2405603 -15.1447554 5.39 T
102.3160821 -12.6679123 7.28 T
102.4085605 -24.1435295 7.16 T
102.4171323 -15.0446201 7.56 T
102.4332556 -24.0762939 6.56 T
102.5248575 -27.3339432 7.00 T
102.5336568 -12.5847241 7.15 T
102.5694764 -17.2921198 6.62 T
102.5906591 -17.0845751 5.93 T
102.6539748 -25.7783733 6.28 T
102.6884088 -20.8358315 7.56 T
102.7194347 -20.9103514 7.13 T
102.7844091 -19.0135287 7.04 T
102.9222955 -23.8028769 7.56 T
103.1695988 -21.1842510 7.42 T
103.1915801 -16.2122225 7.11 T
103.2278433 -12.1544815 7.16 T
103.3037797 -24.1666179 7.68 T
103.3280552 -19.0327398 5.68 T
103.3409700 -18.9326185 6.15 T
103.3418649 -24.6845557 6.53 T
103.4519521 -13.1913628 7.52 T
103.4810364 -24.5387500 6.22 T
103.5331313 -24.1841812 4.04 T
103.5466012 -12.0387239 4.23 T
103.5543502 -23.9283238 6.72 T
103.6495866 -17.9171701 7.59 T
103.7614133 -20.4049393 5.80 T
103.8870176 -22.0374299 6.74 T
103.9062942 -20.1362462 4.71 T
104.0276937 -14.0435343 5.27 T
104.0342551 -17.0542152 4.37 T
104.2302405 -21.1013545 7.77 T
104.2572585 -19.4394857 6.71 T
104.3115222 -22.2028543 6.59 T
104.3828908 -16.8893161 7.25 T
104.3908741 -24.6301794 5.51 T
104.4275964 -27.5374619 6.19 T
104.5314445 -27.1643727 6.33 T
104.6010431 -16.0545347 7.12 T
104.6490333 -23.8807826 6.72 T
104.6495322 -25.4141248 5.56 T
104.7524336 -26.4744124 7.15 T
104.9135427 -21.6028685 6.21 T
105.0344705 -20.1583695 6.28 T
105.0806536 -22.1190449 6.49 T
105.1461835 -20.6402989 6.76 T
105.1981145 -25.6436939 7.41 T
105.2165850 -19.4444109 6.98 T
105.2747511 -25.2156011 5.61 T
105.3900377 -27.2229225 6.90 T
105.4490973 -23.4590402 7.60 T
105.4562585 -11.3009489 6.65 T
105.4867154 -26.6920310 7.28 T
105.4880371 -17.6444506 7.27 T
105.6722211 -17.5815052 7.43 T
105.7273139 -24.5830207 7.12 T
105.7561116 -23.8332671 3.00 T
105.9287583 -25.0838849 6.82 T
105.9395468 -15.6333530 4.08 T
106.0108803 -12.2881657 7.43 T
106.0565550 -21.2660379 7.63 T
106.1594575 -11.5238233 7.36 T
106.2511071 -27.1141607 7.62 T
106.4253481 -12.8118359 7.31 T
106.6498204 -12.3939507 6.46 T
106.6698741 -11.2940184 5.44 T
106.7351510 -11.3273550 7.66 T
106.7499305 -26.6567246 6.56 T
106.8440681 -23.8407264 5.75 T
107.1342724 -12.8859340 7.20 T
107.2058461 -24.0437493 6.61 T
107.3890102 -16.2345061 6.04 T
107.3989635 -15.2431513 7.13 T
107.4292198 -25.2310048 5.65 T
107.4671164 -16.2347212 6.64 T
107.5339399 -11.8027374 7.63 T
107.5369338 -15.6847143 7.33 T
107.5390286 -18.6855473 6.28 T
107.5804330 -27.4915081 5.56 T
107.8371842 -21.8032750 6.91 T
107.8548551 -17.3311093 6.65 T
107.9232964 -20.8829373 5.82 T
108.0223938 -27.3349184 6.88 T
108.0508592 -25.9425371 5.87 T
108.1006414 -27.4748074 6.61 T
108.4018474 -27.3563358 6.06 T
108.6342373 -19.9910752 7.36 T
108.6423153 -25.3023887 7.33 T
108.6753880 -23.4893702 7.25 T
108.7026406 -26.7726186 4.00 T
108.7128952 -27.0381812 5.72 T
108.9469583 -23.7401872 6.33 T
108.9844094 -16.2352562 6.82 T
109.0248135 -14.5100553 7.07 T
109.0252149 -26.8230443 7.67 T
109.0603442 -15.5857866 5.46 T
109.1513062 -23.8268397 7.53 T
109.1534799 -23.3155660 5.00 T
109.1596126 -23.3106883 5.84 T
109.1960756 -13.6811159 7.19 T
109.2094078 -25.1590270 7.04 T
109.2792612 -12.0342090 6.78 T
109.4500185 -26.7975518 6.41 T
109.6682153 -24.5586844 4.93 T
109.7135732 -26.5858014 5.39 T
109.7579936 -19.2802776 6.16 T
109.7912725 -25.5658558 7.43 T
109.8031593 -24.9556749 6.78 T
109.8266662 -17.5248378 6.71 T
109.8684993 -16.3961116 5.75 T
110.0199906 -20.7041497 6.98 T
110.1353693 -26.6999818 6.76 T
110.2211537 -22.8504026 6.56 T
110.2287938 -26.9637877 5.96 T
91.9233333 -19.1658333 5.31 B
92.3345833 -18.1261111 6.35 B
94.2645833 -22.7150000 6.07 B
95.6750000 -17.9558333 1.98 B
95.9416667 -15.0716667 6.24 B
97.9637500 -23.4183333 4.33 B
98.7641667 -22.9647222 4.54 B
99.1945833 -13.3208333 5.97 B
101.2870833 -16.7161111 -1.46 B
101.6625000 -10.1072222 5.66 B
103.2504167 -26.9575000 6.40 B
103.3870833 -20.2241667 4.83 B
103.9450000 -22.9413889 5.30 B
106.1962500 -22.0322222 6.09 B
108.3495833 -22.6733333 6.01 B
108.4512500 -22.9063889 6.36 B
110.5562500 -19.0166667 4.96 B
111.2112500 -19.0122222 6.24 B
