306.5067964 13.9114366 6.52 T
306.5965050 17.3155272 6.33 T
306.7589360 9.0921282 7.52 T
306.8151052 16.7108857 7.60 T
306.9307455 14.4560054 7.72 T
306.9582613 14.9445282 7.89 T
307.0316760 8.4375518 6.35 T
307.0702247 2.9371969 6.29 T
307.1107783 11.7207959 7.62 T
307.1549703 10.9870058 7.93 T
307.2635033 16.2542674 7.41 T
307.2865392 12.6810721 6.93 T
307.2989567 4.4567793 7.13 T
307.4369541 2.9962087 7.08 T
307.4805326 10.3019695 6.88 T
307.5749180 10.8959162 6.20 T
307.7754395 15.8075996 6.86 T
307.7996960 11.2592828 7.38 T
307.8044198 11.2605917 7.12 T
307.8700863 8.9211850 7.84 T
307.9321791 4.4158122 7.24 T
307.9678109 16.9916740 7.22 T
308.0852290 2.1328122 6.65 T
308.1197382 4.1485567 7.84 T
308.1823092 16.7672060 6.95 T
308.2371718 2.4274808 7.75 T
308.3814880 5.4420678 7.59 T
308.4737724 10.0597931 6.55 T
308.4881220 13.0274480 5.39 T
308.4997117 4.8986089 6.53 T
308.6325796 6.8780977 6.95 T
308.7047132 13.4645876 7.47 T
308.8121839 6.2795026 7.56 T
308.8275382 14.6742798 4.66 T
308.8735700 6.9471044 6.51 T
308.9277929 3.3024885 7.47 T
309.0663142 16.8148220 6.74 T
309.2664614 8.9778494 7.49 T
309.3879426 14.5948778 3.68 T
309.3908446 6.5008792 7.15 T
309.4549044 11.3776100 5.42 T
309.4944398 13.0924589 7.78 T
309.6832942 13.3151277 5.85 T
309.7354492 8.5228417 7.56 T
309.7707066 15.8381035 5.95 T
309.7844750 10.0863374 5.15 T
309.9665306 11.2502056 6.45 T
309.9994555 8.4468764 6.96 T
310.0422692 10.5724453 7.96 T
310.0738652 3.4413240 7.06 T
310.1477144 15.6435437 6.82 T
310.1771545 14.5269450 7.85 T
310.2252423 17.5711244 6.78 T
310.3174904 14.5828806 6.14 T
310.4070278 13.8088049 6.83 T
310.4420210 12.5184166 7.80 T
310.4924504 17.5217674 6.34 T
310.5245339 6.5075707 7.06 T
310.8646023 15.0743127 4.45 T
310.9119741 9.1141543 7.95 T
310.9172910 5.3901878 6.70 T
311.1619797 13.5552975 7.59 T
311.2276137 12.3126534 7.01 T
311.2864818 6.0244939 7.86 T
311.4876402 7.3791750 6.98 T
311.5560785 15.9077399 7.54 T
311.6283424 12.6221244 8.00 T
311.6619459 16.1228533 5.03 T
311.6643849 16.1230512 4.36 T
311.8682700 6.8152502 7.98 T
311.9079595 12.9864860 7.50 T
311.9108558 16.2382583 7.65 T
311.9111263 6.9759422 7.33 T
311.9384229 10.4650768 7.46 T
311.9497289 3.3065305 6.37 T
311.9514267 6.0081087 5.64 T
312.0408464 2.7153354 7.05 T
312.0897107 7.5941499 7.21 T
312.1023666 3.6490564 6.74 T
312.1493070 9.4661150 7.68 T
312.2688844 6.0838144 7.77 T
312.3111093 14.6057891 7.08 T
312.3865710 8.6966781 7.97 T
312.4077182 12.5457336 6.04 T
312.4132824 13.9633875 7.16 T
312.4512579 7.8642527 6.32 T
312.4965054 5.5445783 6.30 T
312.8018100 3.4909846 7.72 T
313.3070906 16.3416804 7.59 T
313.3746100 3.0020454 7.62 T
313.7590740 17.2595068 7.85 T
313.7796813 7.5281477 7.34 T
313.7854072 1.8131920 6.73 T
313.8236339 9.7214157 7.51 T
313.9029906 13.7214572 5.31 T
313.9109315 12.5686753 5.55 T
313.9191789 4.5329207 7.54 T
314.1052119 14.8162727 7.42 T
314.1976975 1.7139162 6.98 T
314.2557078 17.0974975 7.17 T
314.4990443 8.0623433 7.05 T
314.6077416 10.8390650 5.61 T
314.6343300 16.4366734 7.51 T
314.7679396 4.2925554 5.96 T
314.7679396 4.2925554 6.31 T
314.7705563 4.2937155 7.05 T
314.9622302 16.8242859 6.66 T
315.0168369 7.5162971 6.03 T
315.1864000 9.9958097 7.65 T
315.2891125 11.9533547 7.72 T
315.4572806 7.5297357 7.93 T
315.4932874 13.3244032 7.94 T
315.5086257 3.7659853 7.95 T
315.5521526 7.1797653 7.41 T
315.6679866 11.6570845 7.25 T
315.6792282 3.3501366 6.74 T
315.7620284 1.5316689 6.76 T
315.7620284 1.5316689 7.33 T
316.0145532 14.3734911 7.88 T
316.0289912 2.9922071 7.38 T
316.1444640 5.5028630 5.80 T
316.1735695 2.9423260 6.53 T
316.1896620 2.2693536 6.46 T
316.2058728 8.8399382 7.71 T
316.2190229 12.4446475 7.68 T
316.2629701 2.5462969 7.72 T
316.3608393 5.9573632 6.01 T
316.4527987 15.3267208 6.70 T
316.5745958 7.5070022 7.76 T
316.6666137 3.8034318 6.59 T
316.7707123 5.4434824 7.12 T
316.8904794 15.6582992 6.38 T
316.9892744 14.6736693 6.99 T
317.0027082 5.1515059 6.76 T
317.0043414 9.3625425 7.43 T
317.1171843 6.9893702 6.36 T
317.2147045 1.7874887 7.03 T
317.2545643 7.5890209 7.46 T
317.4930761 2.9437881 6.47 T
317.5857472 10.1306231 4.70 T
317.6305074 10.0490167 6.06 T
317.9951731 17.7221251 7.43 T
318.1886756 2.6426206 7.01 T
318.2213088 7.6921021 7.46 T
318.2496018 2.8028709 7.79 T
318.3637315 7.2179588 7.32 T
318.3702104 15.9822132 6.28 T
318.3707577 7.1673715 7.17 T
318.5642766 9.6238150 7.80 T
318.6203094 10.0050801 4.54 T
318.6925099 16.4791215 6.97 T
318.9254193 16.7270821 7.06 T
318.9562809 5.2473292 3.99 T
319.1669502 7.5143886 7.46 T
319.1923945 5.2521106 7.84 T
319.2280860 13.9531962 7.56 T
319.4713262 14.5386938 7.98 T
319.4859865 17.6282141 7.86 T
319.5710252 10.2494406 7.29 T
319.6454743 11.5684718 7.08 T
319.6558013 8.9593872 7.33 T
319.7169145 11.2034813 6.15 T
319.7966370 17.8217842 6.73 T
319.9141096 9.5250134 7.49 T
320.0833302 16.8120668 7.62 T
320.1108440 12.1412748 7.60 T
320.1553355 8.2115391 7.90 T
320.2332431 3.1182582 7.92 T
320.2703713 7.3543973 6.00 T
320.3401884 10.3320480 6.77 T
320.3425443 2.9740346 7.18 T
320.4482845 2.0273053 7.49 T
320.4597826 1.3615096 6.83 T
320.5072974 4.3455740 6.81 T
320.5540622 4.4885792 7.67 T
320.6498959 2.9184408 6.61 T
320.7237195 6.8112097 5.16 T
320.8304252 9.4530867 7.76 T
320.8490347 2.7661688 7.29 T
320.8975027 14.0501285 6.74 T
321.1028124 10.1743819 6.37 T
321.2738088 9.3841067 7.44 T
321.3782964 2.0428951 7.53 T
321.3852890 11.6505255 7.68 T
321.6714589 13.6882853 7.38 T
321.7284452 10.6677935 7.01 T
321.7770350 16.1235514 6.78 T
321.8202741 5.3913313 6.82 T
322.0113258 3.1800652 7.60 T
322.2203542 11.0848935 7.37 T
322.2203542 11.0848935 7.44 T
322.3937520 6.5813649 6.54 T
322.5344824 12.2697917 7.68 T
322.5620424 2.4555327 7.91 T
322.6499579 7.1736490 7.92 T
322.7902337 12.1373773 6.09 T
322.8295710 3.8182753 7.03 T
323.0492480 10.9108402 7.21 T
323.1353918 4.8731915 7.32 T
323.4933330 17.4449950 7.77 T
306.4333333 10.0563889 6.33 B
308.3033333 11.3033333 4.03 B
309.7825000 10.0861111 5.05 B
311.6612500 16.1244444 5.14 B
315.1154167 19.3294444 5.65 B
315.7575000 14.7300000 6.31 B
318.6204167 10.0069444 4.49 B
322.1033333 8.1955556 6.40 B
