113.3046919 -40.0584953 6.23 T
113.7125855 -44.2961006 6.79 T
114.1569633 -44.9872400 7.16 T
114.1829224 -48.8301741 5.67 T
114.3419679 -34.9684443 4.53 T
114.5758493 -48.6014127 5.73 T
114.5999780 -39.9919443 6.60 T
114.6828431 -36.4968030 5.75 T
114.8199672 -49.0513742 6.95 T
114.8637312 -38.3079356 4.79 T
114.9323965 -38.1391924 5.76 T
114.9494131 -38.2606003 5.73 T
114.9916191 -37.5794450 5.99 T
115.3157119 -38.5334343 5.37 T
115.3405113 -44.6321372 6.40 T
115.3561280 -43.6352952 7.04 T
115.4916272 -38.5282619 6.51 T
115.7372065 -45.1765805 5.13 T
115.7790548 -49.9930852 6.57 T
115.7997675 -36.0499934 5.56 T
115.9257875 -40.9348143 5.24 T
115.9286475 -38.2017736 6.38 T
115.9495988 -40.3093101 6.54 T
116.0397541 -36.0619663 5.82 T
116.1422604 -37.9428266 5.85 T
116.1674900 -47.0084209 6.73 T
116.2698167 -37.8878473 6.50 T
116.3136634 -37.9685397 3.81 T
116.3251066 -43.7525888 6.00 T
116.3638401 -37.5961733 6.97 T
116.3937026 -34.1619078 5.43 T
116.5437554 -37.9335788 5.85 T
116.6392905 -40.0594606 6.53 T
116.7738107 -39.3309171 6.30 T
116.7799263 -41.5036957 6.89 T
116.8540436 -38.5111049 5.05 T
116.8812407 -46.6084435 5.18 T
116.8966843 -47.0128855 6.95 T
117.0830829 -47.0782188 4.80 T
117.2145713 -43.3112153 7.08 T
117.3035917 -46.8576636 5.78 T
117.3095281 -40.7010407 6.48 T
117.3095400 -46.3731470 4.06 T
117.3109914 -35.2432443 5.93 T
117.4675656 -40.9144910 7.06 T
117.8082022 -47.2163562 6.50 T
117.8346973 -43.0952007 6.30 T
117.9180995 -42.8881609 6.00 T
118.0542257 -40.5757326 3.81 T
118.0638131 -34.7039640 5.12 T
118.1609464 -38.8627973 4.45 T
118.2645239 -36.3637618 5.55 T
118.2650416 -49.6129560 4.57 T
118.3256047 -48.1029266 4.20 T
118.5091478 -41.7028721 6.81 T
118.5458430 -35.8772713 5.43 T
118.9439866 -43.8449537 6.09 T
118.9587842 -45.9800231 6.72 T
119.1004943 -40.7361145 6.74 T
119.2407425 -43.5003555 5.32 T
119.3266780 -44.1098393 5.04 T
119.3335446 -47.8906680 6.20 T
119.3666423 -46.3265862 7.05 T
119.4653485 -45.5774689 5.27 T
119.5600541 -49.2448788 4.47 T
119.7530317 -48.3762711 6.83 T
119.7574010 -45.2158236 5.94 T
119.8012556 -49.9767735 6.23 T
119.8064079 -49.9737262 6.24 T
119.8674293 -39.2971459 5.27 T
119.9413103 -47.3034733 6.71 T
120.0608976 -48.9812462 6.00 T
120.1206144 -48.8717471 6.09 T
120.4063352 -37.2836863 5.91 T
120.6128354 -44.6668622 6.54 T
120.6560891 -36.4011437 6.62 T
120.6702636 -49.9501806 6.63 T
120.6865454 -41.3097298 5.47 T
120.7320845 -48.3249491 6.60 T
121.3345316 -46.9783471 6.14 T
121.3419465 -48.8066137 7.21 T
121.4293810 -45.1711366 7.04 T
121.6680344 -45.2659430 5.20 T
121.6733157 -48.4973260 6.29 T
121.7729661 -47.7937169 6.94 T
121.9239345 -49.0104140 6.63 T
121.9326810 -41.8122263 7.11 T
122.1567902 -37.6811560 6.33 T
122.2134326 -47.1742969 7.16 T
122.2895295 -48.6844253 5.64 T
122.3721745 -47.3452174 4.14 T
122.3995467 -44.1227511 5.15 T
122.4297751 -47.9371279 5.18 T
122.4485434 -42.6407695 6.55 T
122.5856052 -49.2373268 6.42 T
122.7569784 -37.2923429 6.44 T
122.7948167 -48.4619668 5.78 T
122.8394916 -39.6185314 4.60 T
122.8578498 -42.9872439 4.77 T
122.9998333 -46.6442942 5.79 T
123.1140043 -36.9891874 6.52 T
123.1281734 -46.2642008 6.02 T
123.2147984 -37.9244828 6.41 T
123.3729416 -35.8994447 4.74 T
123.4005987 -46.9915811 5.10 T
123.4401472 -46.5786614 6.45 T
123.4929101 -36.3222266 5.03 T
123.4945262 -36.3407156 5.99 T
123.5125494 -40.3483043 4.55 T
123.5157912 -36.9521910 7.11 T
123.5216874 -44.5756094 6.60 T
123.5994025 -45.8344611 5.81 T
123.6234426 -40.8258461 6.58 T
123.7134811 -46.4858418 6.41 T
123.9699638 -46.3119755 6.66 T
124.1040576 -36.2025690 7.14 T
124.3315124 -47.9200353 6.85 T
124.5046708 -47.0918110 7.02 T
124.6379479 -36.6586648 4.46 T
124.7388088 -39.0790648 7.07 T
124.7428449 -47.2109547 7.12 T
124.7731484 -48.1978022 6.41 T
124.8729096 -34.5901100 6.42 T
125.3376485 -36.4841400 5.14 T
125.3508621 -39.6206760 6.17 T
125.6320451 -48.4903858 4.85 T
125.7380662 -43.2278523 7.07 T
126.1469435 -40.7469370 7.07 T
126.2383337 -42.7698274 5.98 T
126.4661523 -42.1529947 5.42 T
126.5737514 -39.0589039 6.48 T
126.9975574 -35.1137026 5.71 T
127.2168388 -42.5874181 6.56 T
127.2698575 -47.9288294 5.51 T
127.2814643 -44.1604003 5.81 T
127.3644798 -44.7248000 5.16 T
127.4399067 -46.3316018 5.95 T
127.6433412 -40.5116298 7.01 T
127.6633525 -44.7372890 6.31 T
127.7941630 -47.8665531 6.35 T
127.8528592 -39.0641498 6.46 T
127.9027577 -45.7847596 6.97 T
127.9151477 -47.2409976 6.75 T
128.0703253 -41.8322084 7.00 T
128.2240297 -47.6054871 6.61 T
128.2576885 -45.7528423 6.33 T
128.3326508 -38.3706262 6.44 T
128.4099650 -38.8487645 5.89 T
128.6815031 -49.9440854 5.13 T
129.3732622 -33.7459395 6.54 T
129.4108713 -42.9890234 4.14 T
129.4164312 -46.2826540 6.87 T
129.5235785 -38.0089977 7.16 T
129.8406259 -36.6064290 6.16 T
130.0256588 -35.3084902 4.06 T
130.0793619 -40.2638464 5.21 T
130.1564894 -46.6487177 3.88 T
130.2224761 -48.2255032 6.90 T
130.2721117 -48.9226617 5.85 T
130.3046517 -47.3170701 4.78 T
130.3953151 -44.9918448 6.67 T
130.4870773 -45.4106823 5.25 T
130.5674446 -48.0990838 5.44 T
130.6178228 -47.5216179 6.76 T
130.7374084 -35.9431923 6.41 T
130.9177493 -49.8227790 5.10 T
131.0995699 -42.6491588 4.14 T
131.2162961 -37.1472275 5.70 T
131.4477780 -44.2479754 6.66 T
131.4628963 -37.8772811 6.88 T
131.5067291 -46.0415079 3.88 T
131.5988126 -41.1253525 6.19 T
131.6272228 -45.9124820 5.49 T
131.6378668 -42.5662552 7.18 T
131.6823148 -39.9078615 7.02 T
131.7050670 -34.6229164 6.30 T
131.7722293 -45.0747062 6.57 T
131.8284971 -46.1553781 5.81 T
131.8590404 -42.4527199 7.15 T
131.9180663 -38.9919465 6.92 T
131.9181301 -41.7382165 6.41 T
131.9328814 -38.9414652 7.08 T
131.9496091 -42.2728067 7.09 T
132.0364544 -42.4634272 6.37 T
132.4130863 -40.3201592 5.47 T
132.4483780 -45.3077891 4.94 T
132.4676271 -39.1413498 6.40 T
132.5875196 -42.0897944 5.97 T
132.5972695 -35.9304676 7.04 T
132.6393904 -46.5291705 5.07 T
132.8079343 -38.6330691 6.95 T
132.8656075 -42.5043644 6.53 T
132.9583531 -44.1508773 6.33 T
132.9815565 -40.9865474 6.46 T
133.1606937 -48.3590974 5.87 T
133.1611575 -36.5453705 6.47 T
133.1990204 -47.3943547 6.79 T
133.4607490 -47.5208854 5.34 T
133.8298880 -45.0416302 6.22 T
134.7173784 -47.2343477 5.18 T
113.3054167 -43.0863889 6.52 B
115.7791667 -38.8641667 6.89 B
115.7383333 -45.1733333 5.06 B
117.0354167 -40.6522222 6.14 B
117.3675000 -44.7519444 6.32 B
117.6766667 -44.5797222 6.45 B
117.5995833 -50.5097222 5.91 B
118.7520833 -52.5830556 6.38 B
119.2412500 -42.4061111 6.09 B
119.1945833 -52.9822222 3.47 B
119.5891667 -51.4486111 6.44 B
120.0816667 -45.4569444 6.61 B
120.5258333 -37.0505556 6.34 B
120.2079167 -54.1513889 5.87 B
120.8962500 -40.0033333 2.25 B
120.8729167 -42.9486111 6.29 B
121.0675000 -32.6750000 5.31 B
121.4370833 -33.5691667 6.14 B
121.1766667 -50.5905556 5.95 B
121.2666667 -53.1080556 5.53 B
122.2925000 -35.4550000 6.20 B
122.3833333 -47.3366667 1.78 B
123.4212500 -33.5691667 6.37 B
123.5458333 -32.1408333 6.06 B
123.5550000 -35.4905556 5.78 B
123.3920833 -50.1961111 5.51 B
123.9687500 -30.9258333 6.21 B
123.9954167 -35.9027778 6.16 B
123.8470833 -50.4494444 6.44 B
124.5725000 -35.4516667 5.58 B
124.5525000 -37.3741667 6.70 B
125.3458333 -33.0544444 4.83 B
125.8216667 -38.2858333 6.32 B
126.5758333 -39.0602778 7.25 B
127.6233333 -36.7211111 6.69 B
128.2441667 -34.6338889 6.36 B
128.3766667 -46.9711111 6.24 B
128.6220833 -37.6113889 6.30 B
128.8025000 -39.9700000 6.47 B
129.3329167 -40.1475000 6.55 B
130.1470833 -45.1913889 5.71 B
133.4612500 -40.4475000 6.47 B
