272.9812703 -5.6239350 7.26 T
273.1681815 2.8128003 6.69 T
273.2040722 5.8223523 7.74 T
273.2659258 2.9805597 6.84 T
273.2917562 -4.0114625 6.61 T
273.3169958 -1.7196390 7.38 T
273.7192354 3.6731345 7.71 T
273.9913667 -3.6179896 6.37 T
274.0231616 2.3773336 6.36 T
274.2213735 -3.0091156 6.09 T
274.2700874 1.0055749 6.64 T
274.3098265 5.7534899 7.33 T
274.4285084 -1.4644641 7.75 T
274.5054167 -2.0331944 7.88 T
274.5229905 -1.3301380 7.50 T
274.6172556 5.1351496 7.50 T
274.7894443 7.2597775 5.53 T
275.0216227 -7.9814476 6.62 T
275.2169219 3.3772272 4.96 T
275.3240751 -2.9032033 3.34 T
275.3683469 5.4356418 6.13 T
275.5450242 -7.4988628 7.07 T
275.5744995 7.5485861 7.27 T
275.5992495 -1.2023833 7.27 T
275.8858591 5.3317292 7.52 T
275.9566622 -1.1465262 7.73 T
276.0148437 -3.5834443 6.39 T
276.0723895 -4.0881705 7.57 T
276.1251790 -8.1753317 7.38 T
276.1763821 -7.0760975 6.42 T
276.1787488 -6.6036146 7.48 T
276.1805725 -1.8709077 7.75 T
276.2383928 -1.5793591 6.71 T
276.2383928 -1.5793591 7.21 T
276.2869767 5.0845776 6.72 T
276.4116339 8.0319557 5.76 T
276.5141768 0.7805172 6.93 T
276.6183427 -8.1856539 7.61 T
276.7203657 6.4232934 7.79 T
276.7869452 -8.0403631 6.63 T
276.8022010 0.1959486 5.38 T
276.9577451 0.1999647 7.74 T
276.9596569 3.7485259 6.23 T
276.9948802 6.1939656 5.69 T
277.0838687 3.9658337 7.92 T
277.0919663 6.8357600 7.68 T
277.1396031 4.8486264 7.68 T
277.4209316 -1.9855187 5.47 T
277.5213423 4.0653259 6.68 T
277.5595529 -5.7242727 6.37 T
277.6714764 4.5108085 6.97 T
277.7061915 3.1545233 7.80 T
277.7559743 5.7524695 7.82 T
277.7685284 4.6269007 7.76 T
277.7859642 -5.7895983 7.41 T
277.8417617 -0.4819823 7.05 T
277.8710104 -1.6350226 7.25 T
277.9293701 7.2317428 7.40 T
277.9875271 -1.0030015 5.96 T
278.0070366 6.7795694 7.60 T
278.0287473 3.6596323 6.40 T
278.3243065 5.4454939 7.67 T
278.3446141 -5.9118374 6.36 T
278.3470953 8.2681889 6.41 T
278.3822682 1.9035769 7.91 T
278.4003979 5.6066908 7.75 T
278.5517394 -7.7123347 7.36 T
278.6473047 3.1357757 7.49 T
278.8016582 -8.2460312 3.99 T
278.9022368 4.9358062 6.46 T
279.1208343 4.9549202 6.85 T
279.1235206 5.2885762 7.83 T
279.1626245 6.6709066 5.47 T
279.1721257 6.0424214 7.87 T
279.2252122 3.7899196 6.71 T
279.2606710 -4.6151972 7.74 T
279.2893882 0.9512814 6.94 T
279.3007331 2.9761360 7.87 T
279.3999320 -0.3096149 5.77 T
279.4394120 -4.8064982 6.81 T
279.4519186 5.8834537 6.66 T
279.5789307 -1.1129936 6.69 T
279.5991771 -3.1934335 6.55 T
279.6659494 4.8545153 6.86 T
279.7289853 6.2708373 7.17 T
279.9036717 5.2643040 6.46 T
279.9649644 7.3583183 6.37 T
280.0014936 -7.7910221 6.00 T
280.3351727 4.5579319 7.12 T
280.3941036 -3.1184402 6.84 T
280.6246135 -1.3059397 7.76 T
280.6504563 -7.0736995 6.24 T
280.6908967 5.6870584 7.65 T
280.8247621 -1.6456675 7.79 T
280.8600130 3.7854715 7.68 T
280.9636494 -6.8183976 6.35 T
281.0532909 -1.5543508 7.83 T
281.1389351 -7.1106030 7.90 T
281.1558955 7.9777128 8.00 T
281.2081244 2.0599494 5.00 T
281.2329811 -0.3735399 6.88 T
281.2820152 6.6562856 7.88 T
281.3684410 5.4999848 6.34 T
281.3684410 5.4999848 6.73 T
281.4936046 1.3170239 7.71 T
281.5818454 5.1530471 8.00 T
281.6192947 -0.9618427 5.88 T
281.6222406 -0.9636677 7.02 T
281.6529651 -8.1197116 7.06 T
281.6938009 -6.6901787 7.67 T
281.7279264 -7.5791237 7.27 T
281.7845740 -5.8985850 7.06 T
281.7935946 -4.7479746 4.34 T
281.8703371 -5.7053301 5.58 T
282.0110786 4.2415136 6.37 T
282.1646050 -6.0041032 6.52 T
282.3144617 -0.9814577 7.75 T
282.4050638 0.8360944 6.23 T
282.4206498 -5.9129398 6.15 T
282.7722364 -3.2614902 6.92 T
282.8423269 -3.3179916 6.09 T
283.1679569 4.0532537 7.99 T
283.1901872 -5.8490925 7.90 T
283.2735882 7.8855974 7.78 T
283.2826450 1.7555952 7.73 T
283.2972709 -4.7320712 7.46 T
283.3663766 0.8702730 7.99 T
283.6274985 1.8971181 7.45 T
283.7264004 1.1213689 7.40 T
283.8645130 6.6147533 5.68 T
283.8887286 -2.3066573 7.79 T
283.9379650 7.1753265 6.79 T
283.9444618 0.2651222 7.41 T
283.9527111 3.4497371 7.07 T
284.0020654 7.1262545 7.35 T
284.0552381 4.2037835 4.59 T
284.0612513 4.2021822 4.93 T
284.0944027 -1.7999870 6.19 T
284.1067514 2.4711519 6.24 T
284.1548719 4.2645984 6.78 T
284.2656714 -5.8465549 4.94 T
284.2687556 1.5004265 7.65 T
284.3190984 2.5352681 5.55 T
284.5987183 6.2392467 6.26 T
284.6071163 1.1980682 7.10 T
284.6971973 -5.6348195 7.28 T
284.7213402 -4.7266910 7.53 T
284.8030968 -6.8421443 7.53 T
284.8491936 1.4062216 7.50 T
284.9063945 -2.8354475 7.42 T
284.9955560 4.6107456 7.44 T
285.1236291 -7.3865225 7.73 T
285.3053051 2.0332866 7.02 T
285.3638244 -6.1925785 7.67 T
285.4199660 -5.7393687 4.13 T
285.7234961 5.3427212 7.75 T
285.7271751 -3.6989541 5.40 T
285.8569866 5.9944349 7.85 T
285.8845110 1.8183208 5.84 T
286.0447253 3.3306543 6.72 T
286.2404478 -4.0315847 5.52 T
286.3150682 -0.9358239 7.10 T
286.3272590 -1.5121307 6.55 T
286.4291194 4.2785667 7.35 T
286.4488177 6.5463376 6.97 T
286.5939357 7.1566152 7.72 T
286.5960512 7.1558557 7.20 T
286.6401425 6.8904235 7.29 T
286.6463230 -1.3462169 6.83 T
286.7876148 0.6408848 6.54 T
286.8256347 3.4429765 7.50 T
286.8605086 6.1627517 7.12 T
286.9130172 6.9833753 7.22 T
287.0038734 -7.8480746 7.00 T
287.2209378 -7.6181742 7.96 T
287.2495755 6.0727204 5.27 T
287.2579748 1.3526202 7.61 T
287.3561042 -6.9117852 7.59 T
287.4650121 -0.4281577 6.31 T
287.5302659 0.9319374 7.75 T
287.7368796 8.1214236 7.48 T
287.7429312 -6.6219609 6.86 T
287.7549814 -7.4277871 6.85 T
287.7768599 5.2746895 7.08 T
288.0136486 2.6225422 6.96 T
288.1541637 6.0393983 7.53 T
288.1697048 -7.9395611 5.36 T
288.2790452 4.9355426 7.71 T
288.3777006 6.6514230 7.95 T
288.3895194 4.2639419 7.69 T
288.4279775 2.2936910 5.12 T
288.4335128 5.5155470 6.48 T
288.4993016 7.5172169 7.86 T
288.5418489 7.7640977 7.25 T
288.6862973 6.0485398 7.06 T
288.8429876 -6.0496891 6.68 T
289.1294033 4.8347280 5.58 T
289.1446045 6.5966376 6.70 T
289.4507688 2.0315513 6.18 T
289.4884600 -0.9436697 7.36 T
271.5308333 -0.4466667 6.34 B
274.2212500 -3.0072222 6.00 B
275.3275000 -2.8988889 3.26 B
280.8804167 -8.2752778 4.90 B
282.5833333 -7.9075000 6.80 B
286.5620833 -4.8825000 3.44 B
289.6354167 1.0852778 5.10 B
289.7120833 0.3391667 6.41 B
290.1487500 -0.8922222 5.49 B
290.5895833 -0.2525000 5.83 B
291.6295833 0.3386111 4.66 B
