272.2251429 -25.4731037 6.78 T
272.3237663 -23.9884178 7.35 T
272.4012245 -23.5679934 7.71 T
272.5284914 -23.7729500 7.99 T
272.6398250 -26.0329507 7.63 T
272.6577852 -16.8245316 7.90 T
272.8115836 -19.8422595 7.01 T
272.8115836 -19.8422595 7.13 T
272.9306344 -23.7014077 5.08 T
272.9879277 -20.4233863 7.22 T
273.0612442 -19.4328284 7.23 T
273.1149554 -16.3806861 7.52 T
273.3979592 -15.5985214 7.54 T
273.4124102 -18.3881822 7.81 T
273.4722220 -18.7641104 7.75 T
273.5451022 -27.5029765 7.15 T
273.5661560 -21.7133114 5.65 T
273.7527610 -18.5491757 7.48 T
273.8198575 -18.9927654 7.09 T
273.8341432 -16.8315591 7.54 T
273.8781927 -18.6615938 6.08 T
273.9822728 -18.2408609 7.78 T
273.9912568 -17.6079812 7.53 T
274.1426330 -23.9029060 7.61 T
274.1474297 -20.5445591 6.99 T
274.2440059 -18.9681204 7.40 T
274.2984261 -17.3739669 5.97 T
274.3689800 -18.4634626 6.53 T
274.4071224 -15.4307127 6.78 T
274.4166636 -19.6722185 7.64 T
274.4490473 -23.2771771 7.68 T
274.4630967 -18.7985059 6.75 T
274.4927038 -12.8700690 7.40 T
274.5133441 -27.0426651 4.83 T
274.6802562 -18.6196948 6.86 T
274.6841701 -18.6166476 7.63 T
274.6953716 -18.1721767 7.66 T
274.9672574 -11.2877160 7.46 T
275.0369029 -15.8319336 5.55 T
275.3016998 -26.0850666 6.93 T
275.3457642 -18.8600538 5.93 T
275.5126160 -22.9217516 7.32 T
275.5188433 -22.2979501 7.53 T
275.5665849 -14.3887001 7.22 T
275.7537797 -17.6770892 7.61 T
275.8006136 -12.0148724 5.70 T
275.8298072 -12.3004395 7.38 T
276.0387896 -19.5771320 7.97 T
276.3133304 -13.9784461 6.74 T
276.3377311 -20.5417847 5.03 T
276.3377311 -20.5417847 7.43 T
276.5987135 -15.6302078 7.34 T
276.6737914 -23.4356531 7.91 T
276.8808007 -15.3734266 7.01 T
276.9321422 -26.6350906 6.59 T
276.9496012 -16.4272340 7.86 T
276.9853078 -17.8003735 6.18 T
276.9923552 -25.4228672 2.92 T
277.0256704 -26.7574816 6.30 T
277.2389504 -26.5821407 6.67 T
277.2994036 -14.5658334 4.68 T
277.3415975 -25.2566612 6.64 T
277.4449532 -14.5818959 6.03 T
277.4637684 -20.9526354 7.63 T
277.5496627 -18.7293635 5.74 T
277.7591128 -24.8920567 7.57 T
277.8280893 -18.9100351 6.90 T
277.8595280 -18.4028330 5.12 T
277.9598095 -15.1827194 7.33 T
278.0655062 -27.2211308 7.78 T
278.0860649 -14.6444125 6.38 T
278.1805200 -14.8656893 5.69 T
278.2920576 -18.3684339 6.88 T
278.3100513 -24.1095995 6.81 T
278.4127797 -14.8536748 5.74 T
278.4482957 -24.1233522 7.58 T
278.4728381 -24.0323252 5.69 T
278.6364926 -24.2223935 6.60 T
278.7828621 -16.9855378 7.17 T
278.8390747 -20.8404660 6.52 T
278.9031549 -18.5506355 7.12 T
279.0005736 -14.0656385 7.24 T
279.0513779 -13.8338708 7.86 T
279.1369666 -18.7879319 7.74 T
279.1642450 -20.3139677 7.52 T
279.2881252 -15.0263854 7.53 T
279.3865701 -12.3501198 7.00 T
279.4648781 -17.2312957 6.88 T
279.4767622 -21.3981385 5.96 T
279.5186602 -14.0048104 6.58 T
279.6279668 -23.5050190 5.77 T
279.7220090 -21.0528259 5.93 T
279.7586175 -23.1821271 6.79 T
279.8759822 -21.9655822 7.96 T
279.9739984 -20.0715043 6.70 T
280.4269208 -14.5642282 6.52 T
280.4600025 -24.3541796 7.64 T
280.4653247 -23.8335980 6.24 T
280.6059783 -20.3120005 7.14 T
280.7413306 -23.9674540 7.36 T
280.8343640 -22.4108755 7.79 T
280.9651960 -16.9417886 7.43 T
281.0364398 -19.3177640 6.79 T
281.2066593 -25.0110502 5.81 T
281.2681264 -11.4551601 7.14 T
281.3279172 -21.0017954 6.38 T
281.4043678 -17.5449008 7.16 T
281.4144724 -26.9907745 3.13 T
281.4717994 -18.3641285 7.44 T
281.5162489 -27.4988207 6.72 T
281.5860723 -22.3921609 5.56 T
281.6928844 -14.4670383 7.35 T
281.9680396 -20.2745364 7.00 T
282.0488891 -14.7085255 6.91 T
282.1892554 -18.6012113 6.63 T
282.2038125 -18.6321889 7.26 T
282.3972731 -19.1423483 6.79 T
282.4036868 -27.1251307 7.69 T
282.4171092 -20.3244383 5.37 T
282.6563032 -26.7706225 7.25 T
282.7102627 -22.1624146 6.32 T
282.7765310 -20.3001338 7.56 T
282.8328725 -17.1542802 6.91 T
283.0351875 -21.9218281 6.59 T
283.1179397 -26.6511463 6.39 T
283.2518604 -16.3814992 7.05 T
283.5004059 -21.3599637 5.82 T
283.5324232 -22.5704207 7.64 T
283.5424177 -22.7448882 5.01 T
283.5452256 -13.6263338 7.82 T
283.5948943 -24.7690252 7.34 T
283.6586955 -26.8901073 7.82 T
283.6796220 -15.6030909 5.10 T
283.7804316 -22.6714541 5.15 T
283.8134563 -14.6908895 7.32 T
283.8790053 -16.3777883 5.60 T
283.9368856 -16.3493990 7.23 T
284.0019754 -25.0453937 7.44 T
284.0028309 -23.1738280 5.90 T
284.0599213 -18.7095634 6.75 T
284.1921325 -14.8576802 7.18 T
284.1966873 -14.0280665 7.81 T
284.3353071 -20.6563771 5.07 T
284.3987977 -19.1531035 7.00 T
284.4327354 -21.1067291 3.64 T
284.5448794 -20.4237836 6.91 T
284.5855151 -24.8768708 6.63 T
284.6034867 -22.5294153 6.15 T
284.7554925 -12.5877750 7.04 T
284.8491768 -12.8406639 5.50 T
284.8615549 -18.5665591 6.49 T
285.1037621 -24.9419125 6.50 T
285.3896200 -15.2826387 6.42 T
285.5559199 -13.2538384 7.84 T
285.6151543 -24.8479236 5.76 T
285.7658080 -19.2457716 6.15 T
285.7792452 -19.1030463 6.41 T
285.8422375 -12.7095905 7.70 T
285.8880151 -20.1286318 7.80 T
286.0591219 -22.8965466 6.90 T
286.1712718 -21.7418521 3.86 T
286.1911350 -25.2312086 7.10 T
286.3120281 -16.8668223 7.97 T
286.4215807 -15.6604853 5.93 T
286.5759612 -11.6494706 7.63 T
286.5802354 -27.2871313 7.38 T
286.6043873 -11.8999970 7.31 T
286.7171596 -16.2293469 6.10 T
286.7346343 -27.6719978 3.43 T
286.7846807 -18.7382755 6.29 T
286.8111190 -24.5239174 7.83 T
286.8273398 -17.2419003 7.63 T
287.0337649 -26.8346578 7.27 T
287.0607208 -24.6574255 6.29 T
287.0696172 -19.2902924 5.54 T
287.1851783 -23.1903689 6.78 T
287.1952685 -25.0793177 6.85 T
287.2377743 -18.6828138 7.00 T
287.3945992 -23.1910245 7.80 T
287.4507746 -19.8042019 6.24 T
287.8301980 -20.3473055 7.71 T
288.1170523 -21.6585216 6.52 T
288.1899492 -24.4873579 7.58 T
288.3069379 -25.9068451 5.92 T
288.3147542 -12.2827755 5.66 T
288.4118222 -22.5660929 7.89 T
288.4847450 -26.8768263 7.14 T
288.5365652 -22.0607155 7.00 T
288.7120240 -17.3468600 7.55 T
288.8595199 -19.7871546 7.68 T
288.8853949 -25.2568700 4.92 T
288.8892543 -24.1799860 6.30 T
288.9267247 -14.8376813 7.80 T
289.0120022 -24.7172729 7.56 T
289.4085859 -18.9529783 4.99 T
289.4166818 -15.9672391 7.07 T
289.5455942 -18.8638962 6.97 T
289.6245491 -18.6967769 7.52 T
289.7498268 -15.5383265 6.23 T
290.1712057 -24.2112567 6.95 T
273.4408333 -21.0588889 3.86 B
273.8037500 -20.7283333 5.38 B
273.8037500 -20.3880556 5.95 B
277.9720833 -19.1250000 6.68 B
280.7300000 -19.2838889 6.35 B
281.5050000 -19.6063889 6.42 B
281.6804167 -10.1250000 5.71 B
283.8162500 -26.2966667 2.02 B
285.4075000 -22.6955556 6.24 B
287.4408333 -21.0236111 2.89 B
290.4045833 -19.2341667 6.26 B
290.4183333 -17.8472222 3.93 B
290.4620833 -18.3083333 5.87 B
