318.1886756 2.6426206 7.01 T
318.2213088 7.6921021 7.46 T
318.2496018 2.8028709 7.79 T
318.3071162 -4.2666917 8.00 T
318.3637315 7.2179588 7.32 T
318.3707577 7.1673715 7.17 T
318.3755105 -5.9115070 7.42 T
318.4057817 -6.4659400 7.43 T
318.6481148 -5.9632833 7.96 T
318.6545913 0.0921737 6.56 T
318.6714143 -0.8318940 7.46 T
318.7270667 -7.0876215 7.43 T
318.7657041 -5.5521404 7.16 T
318.7661215 -2.5719257 7.10 T
318.9562809 5.2473292 3.99 T
319.0413845 4.4052118 7.58 T
319.1436192 -0.6217785 7.42 T
319.1646049 -1.6078457 6.59 T
319.1669502 7.5143886 7.46 T
319.1923945 5.2521106 7.84 T
319.3556740 8.2340140 7.14 T
319.3579154 -5.3649552 7.95 T
319.4090906 -5.7827124 7.49 T
319.5196861 -2.1419932 7.61 T
319.5462081 -4.5193866 5.79 T
319.5666586 1.1943148 7.40 T
319.6132000 -3.6801618 7.82 T
320.1553355 8.2115391 7.90 T
320.2332431 3.1182582 7.92 T
320.2679220 -4.5600516 5.95 T
320.2703713 7.3543973 6.00 T
320.3425443 2.9740346 7.18 T
320.3487195 2.8872762 7.60 T
320.4365098 3.0778953 7.65 T
320.4482845 2.0273053 7.49 T
320.4597826 1.3615096 6.83 T
320.5072974 4.3455740 6.81 T
320.5540622 4.4885792 7.67 T
320.6111238 -3.1302545 6.72 T
320.6398110 7.7946443 7.88 T
320.6498959 2.9184408 6.61 T
320.6541773 -5.6334777 7.15 T
320.7237195 6.8112097 5.16 T
320.8490347 2.7661688 7.29 T
320.9447262 1.6811698 7.37 T
320.9610373 -6.5839741 7.65 T
321.1496201 -6.7156536 7.17 T
321.1786250 -5.5815612 7.32 T
321.2152672 -3.3986685 6.42 T
321.2365329 -8.1784364 7.82 T
321.2797521 -1.9886985 7.97 T
321.3205869 -3.5571721 5.64 T
321.3782964 2.0428951 7.53 T
321.4652363 0.5344261 6.47 T
321.6175620 1.1023381 6.17 T
321.6225765 -2.9888860 7.94 T
321.7940001 6.9113165 7.41 T
321.8202741 5.3913313 6.82 T
321.8469199 -7.0163396 7.59 T
322.0113258 3.1800652 7.60 T
322.0902928 -2.8854592 7.00 T
322.1035426 8.1954829 6.60 T
322.3937520 6.5813649 6.54 T
322.5620424 2.4555327 7.91 T
322.5635926 -4.5019628 7.62 T
322.6499579 7.1736490 7.92 T
322.8295710 3.8182753 7.03 T
322.9294857 6.7504245 7.96 T
322.9792874 5.2931441 7.45 T
323.1353918 4.8731915 7.32 T
323.2965456 4.5631760 7.34 T
323.3386742 1.0836606 7.94 T
323.4430374 -5.4189485 7.79 T
323.5117201 2.2794280 7.82 T
323.5321563 -4.3681211 6.71 T
323.5627950 -3.4107429 6.96 T
323.6639027 -7.3921795 7.99 T
323.6782808 1.8290772 6.70 T
323.8233693 -3.9833320 5.90 T
323.8459436 0.9750398 7.34 T
323.9955363 6.0738930 7.85 T
324.1046799 7.8821232 7.80 T
324.1358354 -5.0525944 7.05 T
324.2215348 5.8141185 7.68 T
324.3085843 5.8513130 7.98 T
324.3712361 4.6824481 6.57 T
324.3905315 -0.3907343 6.22 T
324.4004906 0.5818488 7.50 T
324.4300296 6.6290319 7.50 T
324.4322318 6.6183766 6.18 T
324.4386860 -7.8543543 4.70 T
324.6338022 5.7719239 5.69 T
324.6717337 -4.1505849 6.95 T
324.8827190 -0.0510196 6.72 T
324.8884122 2.2430327 5.21 T
324.9404144 2.1391155 7.70 T
325.1077453 -6.9751244 7.13 T
325.2010204 3.8969606 7.00 T
325.2596393 5.0206070 7.23 T
325.2814734 1.3087106 7.98 T
325.4855879 0.3459944 7.71 T
325.5359923 4.8343376 7.48 T
325.5421034 1.2852085 5.81 T
325.5644501 5.6800989 5.50 T
325.5768329 5.9120629 7.62 T
325.9148755 0.5350733 7.14 T
325.9155242 7.5283035 6.60 T
326.0329254 7.1584703 7.49 T
326.0992815 -4.7309247 6.67 T
326.2009672 2.9920391 7.19 T
326.4414559 7.9875007 7.33 T
326.5954488 -4.1278689 7.95 T
326.6307911 6.5351756 7.87 T
326.6328664 -2.2126224 6.91 T
326.7226439 0.8503698 7.87 T
326.7842875 -2.2929011 7.67 T
326.7931064 4.4028631 7.73 T
326.8082170 2.6861087 5.62 T
326.8536056 -4.6087169 6.84 T
326.9097507 -5.9166725 6.20 T
327.0026496 -6.4633237 7.56 T
327.1445757 -6.2491564 7.70 T
327.2575859 -5.4040133 6.76 T
327.4637138 5.2131185 7.46 T
327.5577556 -0.6061857 7.80 T
327.6366064 0.7527535 7.70 T
327.7648931 -7.9073785 7.90 T
327.8904815 0.7704554 6.70 T
328.0502791 1.4092275 7.85 T
328.0886713 -3.1747120 6.59 T
328.1874711 -3.9919261 6.75 T
328.4911879 6.8648780 6.23 T
328.5435662 -4.2767666 5.84 T
328.5507001 -5.3525229 7.48 T
328.6493507 -2.9970722 7.34 T
328.6498055 -3.3014773 6.29 T
328.9106324 2.3607312 7.09 T
328.9672244 0.3002179 7.69 T
329.0223828 -5.8292607 7.56 T
329.0576609 -6.9800103 7.63 T
329.3790532 4.1575640 7.10 T
329.5061218 5.9402742 7.21 T
329.5086328 5.9419109 7.73 T
329.5323512 -3.4897997 7.73 T
329.5557138 -5.4255740 6.38 T
329.6168484 3.7760857 7.03 T
329.6525322 6.0138112 7.98 T
329.7290882 -4.3746942 6.34 T
330.0049783 0.9281489 7.62 T
330.0331256 6.7174525 5.97 T
330.2123254 7.8523592 7.99 T
330.2709483 0.6046471 5.74 T
330.2884278 8.2571611 5.80 T
330.8188788 -6.5223553 5.65 T
330.8286707 -2.1554338 4.76 T
330.8756725 -5.6924537 7.74 T
330.8811278 -5.8901046 7.89 T
330.9479524 4.7915840 7.97 T
331.1459282 -4.8400513 7.78 T
331.1974696 -0.9066092 5.30 T
331.2640821 -6.3025345 7.75 T
331.3488377 0.2611205 7.59 T
331.3838781 0.6275060 7.11 T
331.4204287 5.0591619 5.02 T
331.4238352 5.9665858 7.66 T
331.4460977 -0.3199068 3.03 T
331.5232151 -5.3584309 7.66 T
331.6400040 5.1947451 7.34 T
331.6403366 1.8583160 7.31 T
331.6621397 2.4393975 6.50 T
332.0497038 -3.5313082 7.70 T
332.2181274 4.2356675 7.45 T
332.2885044 2.7338811 6.63 T
332.3624012 -8.1854260 7.09 T
332.3749631 -7.5514735 6.62 T
332.5044537 4.0983499 7.67 T
332.5880623 -3.8943674 6.28 T
332.6410639 -4.2668256 6.09 T
332.9626437 6.2906698 7.87 T
332.9777126 6.8962700 7.18 T
333.0735109 2.7334875 7.18 T
333.1494885 -8.0142127 7.24 T
333.1825075 -4.7208987 6.46 T
333.1828129 -6.4687955 7.50 T
333.3563848 -1.6544455 7.22 T
333.4604093 0.8761790 7.93 T
333.4645754 -4.4513929 7.27 T
333.5598393 -5.7462772 7.91 T
333.6216643 7.9760176 6.94 T
333.6752850 -6.4005800 7.55 T
333.6950715 -5.8872486 7.88 T
333.6954773 4.2826212 7.08 T
333.7253106 -6.7354566 7.62 T
333.8015880 -5.5849131 7.79 T
333.8152362 7.0272951 7.77 T
333.9107376 4.2712565 7.41 T
334.1400528 -1.5964460 6.17 T
334.2092393 -7.7834220 4.27 T
334.2770539 -5.3870437 5.85 T
334.5175519 -0.2379992 6.43 T
322.8895833 -5.5711111 2.91 B
326.2512500 -9.0825000 5.09 B
326.5679167 -9.2758333 6.00 B
335.4141667 -1.3872222 3.84 B
337.2070833 -0.0202778 4.59 B
337.2087500 -0.0200000 4.42 B
