137.1501828 -25.8394658 6.84 T
137.1810645 -26.7675168 6.17 T
137.4408290 -25.8031088 7.29 T
137.5956177 -23.1766701 6.53 T
137.6189601 -26.2868746 7.45 T
137.7290904 -15.4593570 7.98 T
137.9943664 -19.7473338 5.82 T
138.1062145 -25.6008275 7.22 T
138.2383206 -15.4192744 7.47 T
138.4471161 -22.8692616 7.51 T
138.5128254 -14.6949470 6.57 T
138.7571425 -20.1202875 7.52 T
138.8087558 -19.5960049 7.44 T
138.8538795 -15.0250252 6.32 T
138.9050666 -23.4927533 7.59 T
139.0411382 -21.1971917 7.79 T
139.1074720 -19.4589941 7.34 T
139.1144102 -13.8339803 6.84 T
139.2820513 -14.5741070 5.95 T
139.3714789 -11.9622262 7.20 T
139.5429865 -18.2476190 7.52 T
139.6046027 -20.3714226 7.81 T
139.7416675 -16.8008615 7.01 T
139.7825826 -22.5529348 7.19 T
139.8883038 -15.8349882 5.94 T
139.8908845 -11.3148827 6.63 T
139.9430726 -11.9747702 4.87 T
139.9793308 -13.3058820 7.22 T
140.2316848 -15.6184837 6.36 T
140.3522399 -24.8122510 7.86 T
140.3732161 -25.9654948 4.91 T
140.6221987 -17.8942406 7.00 T
140.6344020 -15.2349416 6.83 T
140.8105482 -21.0376375 7.06 T
140.8759617 -16.6662347 7.32 T
140.8891671 -21.8215795 7.88 T
141.2039578 -23.8264982 7.47 T
141.2159692 -15.6385042 7.43 T
141.2192178 -18.0905410 7.73 T
141.2498754 -17.2187570 7.32 T
141.4042547 -25.3371116 6.71 T
141.4827378 -20.7619303 7.26 T
141.4863998 -17.9472816 7.07 T
141.6651562 -24.1677963 6.90 T
141.6710194 -16.4444126 7.51 T
141.6787170 -14.4915516 7.97 T
141.7037082 -19.1551019 6.97 T
141.7530417 -16.0131921 7.14 T
141.7659014 -12.9093998 7.80 T
141.8279510 -22.3447931 4.85 T
141.9707810 -22.5284099 7.33 T
141.9749107 -14.8687233 7.50 T
142.1448745 -16.5239232 7.84 T
142.1613818 -25.4337163 7.15 T
142.1705199 -26.3481880 8.00 T
142.3025445 -20.7490881 5.83 T
142.3613573 -17.5052558 7.10 T
142.4179157 -26.5944370 6.64 T
142.4410656 -25.5284022 7.58 T
142.4577703 -23.3453584 6.42 T
142.4769453 -26.5896195 5.63 T
142.5585313 -24.2739247 6.73 T
142.5930774 -15.5777759 5.99 T
142.6704112 -25.6163054 7.65 T
142.8684453 -12.0627009 7.10 T
142.8718304 -23.5060340 7.70 T
143.0848292 -19.4002384 5.75 T
143.2288555 -14.0008569 7.27 T
143.2323483 -13.5167970 6.12 T
143.3017850 -21.1156248 5.12 T
143.3235285 -21.3921100 6.68 T
143.3580549 -22.8635330 5.91 T
143.6153695 -24.5365190 7.91 T
143.7114133 -12.1306209 6.60 T
143.8521109 -22.6861442 7.11 T
143.8906522 -19.5836182 6.34 T
144.0119082 -27.5219505 7.57 T
144.0676567 -21.9972495 7.44 T
144.0930085 -21.4640739 7.85 T
144.1295126 -11.2741925 7.56 T
144.1394038 -24.7024545 6.58 T
144.2504258 -25.2965294 5.80 T
144.3267142 -14.8512200 7.99 T
144.4252968 -15.7000606 7.80 T
144.5016210 -19.0091260 7.54 T
144.7499701 -17.6240907 6.75 T
144.7750588 -23.0950306 7.55 T
145.0109259 -12.9973511 7.10 T
145.0763352 -14.3324101 5.03 T
145.3206582 -23.5914897 4.74 T
145.3739443 -18.4831062 7.73 T
145.4361936 -12.6143295 7.89 T
145.5343518 -23.7090040 7.99 T
145.5573309 -23.9139240 4.98 T
145.6349868 -15.0206380 7.89 T
145.6406322 -13.9789393 7.85 T
145.7109145 -22.9653608 7.97 T
145.8774223 -20.3658756 6.68 T
146.1512364 -22.7517503 6.87 T
146.1992820 -27.6305934 7.16 T
146.2147560 -17.7063819 6.97 T
146.2338220 -23.4845371 7.95 T
146.5285630 -19.7279872 7.08 T
146.5729594 -22.6524937 7.43 T
146.5899318 -27.2765191 7.05 T
146.7078230 -16.5466319 7.93 T
146.8084501 -17.2058641 6.91 T
147.1774704 -26.4142308 6.70 T
147.1960961 -19.3138284 7.14 T
147.2069694 -22.0188586 7.49 T
147.3087026 -24.6465582 7.52 T
147.3878611 -11.7848895 6.93 T
147.7473096 -15.8795828 7.58 T
147.7562558 -21.0688964 7.84 T
147.7826406 -18.6585663 7.43 T
147.8696702 -14.8467699 4.21 T
147.9219330 -11.3407659 6.69 T
147.9981374 -16.5352110 6.19 T
148.2349387 -26.7554663 7.76 T
148.2397991 -27.3315710 6.36 T
148.5344814 -18.2651807 7.90 T
148.5500613 -25.9319966 5.01 T
148.6323960 -22.4874614 6.22 T
148.6446200 -12.9529844 6.92 T
148.7172257 -19.0095846 5.11 T
148.7501754 -16.1937542 6.62 T
148.7594800 -12.4672200 7.74 T
148.8973192 -17.4695533 7.06 T
148.9311631 -19.6770855 7.44 T
148.9499928 -20.7480685 7.77 T
149.1286932 -13.4639253 6.92 T
149.1946651 -26.5494490 6.31 T
149.2248525 -27.4750064 6.33 T
149.2408944 -15.8955362 7.47 T
149.3471713 -27.3044244 7.99 T
149.4153697 -16.5223249 6.65 T
149.5581700 -25.1310939 6.78 T
149.7134434 -14.1429922 7.84 T
149.7761168 -23.9507487 6.14 T
149.7853038 -16.0115781 7.61 T
149.8091129 -12.7537419 7.87 T
149.8278399 -20.3568207 6.86 T
150.2948131 -23.1463870 7.75 T
150.3154413 -22.7648779 7.83 T
150.3422255 -15.4540236 7.96 T
150.4066527 -17.3330959 7.58 T
150.4343720 -23.8068900 6.91 T
150.5208523 -15.0291862 7.88 T
150.6373799 -13.2963966 7.04 T
150.6544895 -20.4241561 6.85 T
150.8350234 -17.1825458 7.72 T
150.9119212 -12.8774243 7.26 T
150.9157045 -26.9093960 7.43 T
150.9232987 -25.3166844 6.71 T
151.0054199 -18.1009874 6.97 T
151.0115433 -18.1014036 6.21 T
151.0864429 -24.2853869 5.74 T
151.1496107 -17.9393644 7.63 T
151.2808743 -13.0644994 4.57 T
151.2963424 -16.9542265 7.97 T
151.6061997 -26.5980270 7.83 T
151.6674462 -23.1396127 7.87 T
151.7103820 -24.7160154 7.93 T
151.7103820 -24.7160154 7.95 T
151.7241600 -17.4441446 6.74 T
151.7734367 -17.4843344 7.89 T
151.7820814 -21.2556895 6.71 T
151.7896806 -17.1420870 5.76 T
151.8424069 -19.7086154 7.50 T
152.0881341 -19.7572658 7.35 T
152.1473565 -15.6119096 6.24 T
152.2837092 -15.4957222 7.61 T
152.3147683 -18.1390943 7.19 T
152.4853368 -12.0954264 6.25 T
152.5237414 -12.8166053 5.34 T
152.6436021 -18.6032883 7.17 T
152.6456751 -12.3545929 3.71 T
152.8226702 -17.6355281 7.57 T
152.8296354 -18.9576714 6.96 T
153.0719124 -16.0863618 7.66 T
153.0996199 -15.0681252 7.10 T
153.1567302 -19.1536522 6.51 T
153.2539956 -19.6890818 7.04 T
153.3306553 -27.0286855 6.25 T
153.5149056 -14.7257349 7.91 T
153.5371783 -23.8138754 6.56 T
153.7329212 -12.0130518 7.32 T
153.8032206 -11.7899176 7.50 T
154.0373469 -11.2034249 6.20 T
154.0676727 -16.1420372 7.41 T
154.1364161 -19.3081461 6.72 T
154.1905487 -20.6697924 6.63 T
154.1951722 -13.0995783 7.29 T
154.3892542 -23.8762451 7.42 T
154.4163456 -21.5885299 7.34 T
154.4322197 -12.0787764 7.87 T
154.5992340 -13.3049786 7.13 T
154.7094362 -23.1813387 7.70 T
155.0548692 -23.1024687 7.59 T
155.3396036 -25.3730318 6.81 T
137.2679167 -18.3286111 5.73 B
145.0837500 -10.7691667 6.37 B
145.5600000 -23.9155556 4.94 B
146.0504167 -27.7694444 4.79 B
148.2416667 -27.3322222 6.30 B
155.2825000 -17.9850000 6.51 B
155.5537500 -19.8669444 6.13 B
