249.7744967 24.6955979 7.88 T
249.8225885 22.2212892 7.62 T
249.8411499 22.0054074 6.92 T
249.9015803 23.0015209 7.56 T
250.2345360 21.9481901 7.74 T
250.2521896 24.8587177 6.22 T
250.3293736 22.4362759 7.30 T
250.4029283 26.9166018 5.96 T
250.6087614 21.5928562 7.38 T
250.8755456 20.7159264 7.24 T
251.0439865 23.5175516 7.48 T
251.2584286 23.7175207 7.43 T
251.3439906 15.7449987 5.82 T
252.0371101 13.5901973 6.48 T
252.1006530 17.1333298 7.39 T
252.1780221 18.3190654 7.66 T
252.2900523 12.9091690 6.72 T
252.3942669 13.2610348 5.93 T
252.4878518 15.3768516 7.03 T
252.5170959 26.2091963 7.38 T
252.5265914 16.4956565 7.87 T
252.7995143 15.7947002 7.23 T
252.9386709 24.6564634 5.17 T
252.9390517 20.5743039 7.00 T
252.9432232 25.4001453 7.14 T
253.0203242 14.9742452 6.49 T
253.1716128 18.0619934 6.87 T
253.3383091 15.4081216 7.58 T
253.4406117 21.1730619 7.52 T
253.5418834 15.6233780 7.24 T
253.7302626 20.9585034 5.49 T
253.7591401 25.7305617 6.17 T
253.8168597 13.6196986 6.38 T
253.8416195 18.4332826 5.52 T
253.8439963 21.4923637 7.60 T
254.0399493 15.3836665 6.72 T
254.0916436 16.2852043 7.27 T
254.1630314 15.6424031 7.70 T
254.1651797 14.1404324 7.00 T
254.2571150 18.2337776 7.60 T
254.3794146 25.3529313 6.37 T
254.3829884 13.8845549 6.47 T
254.4263244 24.3811402 6.45 T
254.6578872 15.4552374 6.96 T
254.7705147 17.6883608 7.64 T
254.7992749 14.0789448 7.39 T
254.9634078 17.8061708 7.36 T
255.2421685 22.6319517 5.81 T
255.2613923 16.5934298 7.29 T
255.2801958 21.4968758 7.27 T
255.2804425 11.3410711 7.77 T
255.2900842 27.1961458 6.61 T
255.3877498 14.9497046 6.28 T
255.5782827 25.5062460 5.88 T
255.6312940 19.3860021 7.25 T
255.7709432 21.5621486 7.56 T
255.7829653 14.0915567 5.17 T
255.7924201 14.5102332 6.61 T
255.9136209 13.6051289 5.91 T
255.9692711 19.6905988 6.58 T
255.9919909 13.5666209 6.17 T
256.1723431 19.5990584 6.19 T
256.3448685 12.7407518 4.89 T
256.3591932 21.4626684 7.42 T
256.5140673 23.3220632 7.30 T
256.5666145 15.2291778 7.18 T
256.5745458 22.0839141 5.71 T
256.7960533 12.1259783 7.54 T
256.8766870 12.8795217 7.97 T
256.9217634 15.2105038 7.94 T
256.9963935 27.1014819 7.71 T
257.0652269 16.0938395 6.72 T
257.1398547 24.4861774 6.85 T
257.2583334 14.9609397 7.23 T
257.3637594 22.0914793 7.10 T
257.4072719 23.5781166 7.93 T
257.4869549 26.4554348 7.08 T
257.6274527 21.2157471 7.62 T
257.6908508 12.4668843 6.59 T
257.7630959 24.2378808 6.22 T
257.8204148 24.2525937 6.98 T
258.3757348 22.7455927 7.70 T
258.4134729 21.4313147 6.92 T
258.5419294 19.1798518 7.96 T
258.5437492 12.0394439 7.22 T
258.5835917 14.5526290 7.47 T
258.6395702 26.0516961 6.71 T
258.6617766 14.3906613 3.48 T
258.6993574 24.0792081 7.96 T
258.7375367 19.6814650 7.31 T
258.7578236 24.8382182 3.12 T
258.9225205 23.7428899 6.13 T
258.9950931 27.1335677 6.71 T
259.0848348 16.6607234 7.75 T
259.1296281 18.0195864 7.09 T
259.2446598 15.8206985 7.53 T
259.2573571 26.7156458 7.56 T
259.2923291 13.1337356 6.75 T
259.2950370 25.8739479 7.11 T
259.3150247 13.8687849 7.88 T
259.3503838 13.3100929 7.88 T
259.3993639 23.0905982 6.41 T
259.5206362 17.3178237 5.99 T
259.5880981 23.4318883 7.86 T
259.6244582 25.8084168 6.73 T
260.0021952 15.8846521 7.50 T
260.0411282 25.5375206 5.36 T
260.0786819 18.0567232 5.20 T
260.1510328 15.1592203 7.19 T
260.1943440 21.5194827 7.03 T
260.2257189 24.4994206 5.12 T
260.3893076 16.7311168 6.55 T
260.4568031 23.6863305 7.40 T
260.4881134 11.6722257 7.07 T
260.5041572 21.1550084 7.16 T
260.6036711 15.1370430 7.78 T
260.6157328 24.8784271 6.94 T
260.8753910 16.9029655 7.67 T
261.0003634 18.8508318 7.64 T
261.0271455 22.9600512 5.73 T
261.1314859 16.3008240 5.75 T
261.1408690 15.6060918 6.40 T
261.3338530 22.4414222 7.99 T
261.4203005 16.3841646 6.67 T
261.4395947 27.3029796 7.58 T
261.4764272 16.9176913 6.34 T
261.5036731 26.8788617 6.39 T
261.6487451 27.2311868 7.71 T
261.7047150 20.0810620 5.49 T
261.8211493 17.8974991 7.52 T
261.8865960 16.4570082 7.31 T
261.8933787 26.7966757 7.77 T
261.9675623 11.3905478 7.14 T
262.5775905 22.0356588 7.76 T
262.5944831 11.9240940 6.47 T
262.6115723 22.8729818 7.67 T
262.6456522 17.5216017 6.98 T
262.6847530 26.1107558 4.55 T
262.8278128 19.5216338 6.96 T
262.9555192 11.9319416 7.97 T
262.9752340 16.8238885 7.04 T
263.0620214 11.9301305 6.41 T
263.1049423 26.4396899 6.87 T
263.2036058 19.3769545 7.83 T
263.3449142 19.2561026 5.70 T
263.4140849 16.3172132 5.78 T
263.4283933 14.8411372 6.63 T
263.5916402 13.1607658 6.63 T
263.5944408 19.2420110 7.48 T
263.6134559 16.5043761 6.61 T
263.6952520 19.1372103 7.93 T
263.7214621 17.8087549 7.71 T
263.7588748 13.1377990 7.28 T
263.9472471 19.8436091 6.63 T
263.9982412 20.9961451 6.13 T
264.0892136 27.5662079 6.58 T
264.1391118 13.2589345 7.13 T
264.1499060 16.3979108 7.71 T
264.1532783 13.8133290 6.87 T
264.2599926 14.8517804 7.69 T
264.2683385 20.2589803 7.82 T
264.3731159 20.5958760 7.70 T
264.3794884 24.3100411 5.77 T
264.6054843 12.7374350 7.61 T
264.7172872 22.2746760 7.98 T
264.7409245 13.3295307 6.19 T
264.7715198 27.0496870 7.53 T
264.9173246 13.2837331 7.59 T
264.9198465 24.4137350 7.70 T
265.2727277 24.5135790 6.51 T
265.2957425 15.1783420 6.34 T
265.3845142 19.1474146 7.80 T
265.4301100 24.5725999 7.41 T
265.4489997 21.5006583 6.81 T
265.4573511 23.7534310 6.93 T
265.4943338 15.9531647 5.59 T
265.5066787 27.6454523 6.75 T
265.5627286 17.2282896 7.19 T
265.6085442 13.7211279 7.82 T
265.6177976 24.5634050 5.72 T
265.6600513 26.5516616 7.63 T
265.8143507 21.6052649 7.58 T
265.8390636 24.3282814 5.80 T
265.8417801 14.2953512 6.26 T
265.8635260 27.0227758 7.51 T
266.0718390 14.4101640 6.22 T
266.0765430 13.7840847 6.94 T
266.2517639 13.0249122 7.68 T
266.3830316 13.0195447 7.26 T
266.6124541 27.7159864 3.49 T
266.6690462 25.7488854 7.00 T
266.7835801 17.6969232 5.65 T
266.8827690 18.8893761 6.67 T
266.9046470 15.0350717 7.73 T
267.1033609 20.5654769 5.79 T
267.1994246 19.2550880 6.13 T
267.2047620 25.6226257 5.23 T
267.3307577 24.1764598 7.89 T
267.5051641 24.4680670 7.08 T
267.5625811 25.2910984 6.71 T
258.1158333 10.5852778 5.33 B
258.6633333 14.3900000 5.39 B
259.6541667 10.8644444 5.03 B
259.7020833 28.8230556 5.65 B
