250.5305127 1.2416143 7.62 T
250.5330449 2.2724415 7.90 T
250.6402473 -2.1149596 7.80 T
250.7618599 3.4543920 7.44 T
250.8020825 -4.1502982 7.89 T
250.8871964 -8.1184252 7.94 T
250.9117046 6.6185121 7.81 T
250.9244502 -0.7839317 7.46 T
251.0738717 -0.5567408 7.43 T
251.1765594 2.3326243 7.49 T
251.2485776 6.0865509 6.66 T
251.2492988 -0.6147154 7.87 T
251.2976849 -3.0849959 7.30 T
251.3078926 -0.9952258 7.92 T
251.3736127 1.0202006 6.01 T
251.4916857 4.0417141 7.17 T
251.7205461 2.2426453 6.75 T
251.7905674 2.0644267 6.09 T
251.8545239 2.1609032 7.77 T
251.9432769 5.2465020 5.22 T
252.0573811 1.0903479 7.20 T
252.2143363 -4.5161924 7.19 T
252.3570450 0.8902557 7.43 T
252.5810782 7.2476288 5.48 T
252.5927388 -2.6546495 6.36 T
252.7454934 5.4888901 7.40 T
252.8537020 1.2159016 5.52 T
253.0324550 -2.7983128 6.98 T
253.0644408 -5.7890458 7.95 T
253.1255373 -5.1496313 7.72 T
253.2405829 -0.0356890 6.73 T
253.3118531 3.0207299 7.87 T
253.3495262 1.3482857 7.60 T
253.3709809 -1.1306359 7.90 T
253.4380276 -4.3221738 7.71 T
253.5337006 -4.3408967 7.89 T
253.5442538 -1.6128101 6.28 T
253.6120731 -4.1636222 7.72 T
253.6485284 -6.1541143 5.35 T
253.7831657 -6.6510618 6.96 T
253.9551962 -6.1236828 7.58 T
254.0232881 1.4204898 7.86 T
254.2128981 6.5013379 7.50 T
254.3341282 6.2113194 6.90 T
254.4097803 -3.0167516 7.50 T
254.8397987 -1.6876839 7.59 T
254.9557792 -4.2211645 7.70 T
255.1227474 6.5834375 6.59 T
255.2647533 -4.2231264 4.99 T
255.2735257 2.5522605 7.99 T
255.3060420 -7.0280960 7.52 T
255.3249800 7.4284197 6.91 T
255.3953539 -6.7364657 7.42 T
255.7400099 -6.3522710 7.54 T
255.9225275 -0.1460528 6.72 T
256.2584019 -5.0736279 7.86 T
256.3199719 0.7004680 6.06 T
256.3478135 3.4386299 7.34 T
256.3844377 -0.8920822 5.65 T
256.3947138 3.7673998 7.64 T
256.5014615 7.8546042 7.52 T
256.7208708 -1.6563463 6.38 T
256.8107677 -2.8674933 7.91 T
257.0567805 -1.0797238 6.09 T
257.0888975 4.4232203 7.32 T
257.2268295 -3.8839991 6.43 T
257.2480001 3.7594133 7.96 T
257.5431560 -0.7602101 7.79 T
257.5647306 0.4816437 6.92 T
257.8437447 4.6902683 6.84 T
257.9305676 -4.6405775 7.80 T
257.9387072 7.8948493 6.45 T
258.0940423 -0.7742557 7.84 T
258.2265574 0.3515860 6.70 T
258.2469042 7.7495093 6.92 T
258.9309905 6.3801580 7.70 T
259.0594968 2.1860900 6.20 T
259.1205782 5.1283432 7.95 T
259.1321336 1.2104543 5.92 T
259.1526700 -0.4457537 4.92 T
259.1526700 -0.4457537 7.51 T
259.1780690 -6.2450238 6.21 T
259.3901409 6.7615791 7.61 T
259.4038785 1.7424523 6.90 T
259.5204514 3.1474311 6.91 T
259.5616594 -0.7649163 7.97 T
259.7093558 -2.8109604 6.71 T
259.7200194 6.0855059 6.56 T
259.8387559 -2.7492232 7.42 T
259.9439225 2.1396873 6.71 T
259.9589944 -4.0491715 7.91 T
259.9984278 -5.9187055 6.41 T
260.0004622 7.9696930 7.88 T
260.2013643 6.4356683 7.86 T
260.2607402 4.6187629 7.59 T
260.2783593 1.4447416 7.02 T
260.5173642 5.0003910 6.79 T
260.5392152 5.2138427 7.86 T
260.7140169 -2.3888468 6.36 T
260.7588990 0.8405958 7.89 T
260.7687092 -7.1048449 7.03 T
260.8624828 -3.1221712 7.86 T
261.3113650 6.4292806 7.83 T
261.3743131 3.3112175 7.55 T
261.4139317 7.5014406 7.96 T
261.4348487 2.1040329 7.71 T
261.4915388 -1.6514572 6.49 T
261.4977366 -6.5819117 6.99 T
261.5792026 7.5956042 6.12 T
261.6286743 4.1403968 4.50 T
261.6314729 0.8221307 7.02 T
261.6666003 -1.0017808 7.68 T
262.0091992 -8.2091891 6.44 T
262.2064955 0.3307542 5.44 T
262.3284972 7.6888321 7.79 T
262.3864464 -0.1691559 7.84 T
262.4470495 -5.9198979 6.57 T
262.5833342 -4.3694350 6.77 T
262.5982995 -1.0639442 6.06 T
262.5982995 -1.0639442 6.17 T
262.7092214 1.5789065 7.98 T
262.7147217 1.1193721 7.17 T
262.7593113 -2.8268253 7.29 T
262.8387826 2.7246234 5.67 T
262.8783551 1.6722280 7.33 T
262.9905846 0.0424662 6.88 T
263.0119887 2.8236621 7.74 T
263.2934741 7.7189242 7.72 T
263.3740967 -5.7453982 5.63 T
263.3883709 7.1782760 7.67 T
263.4699403 8.1034136 7.92 T
263.5348373 -3.0558015 7.45 T
263.5956970 6.5212029 7.83 T
263.6605064 4.0991770 7.79 T
263.7023241 6.0234218 7.46 T
263.7196414 -1.6052092 7.98 T
263.8805175 -2.8917208 7.77 T
263.9273059 -6.1200714 6.74 T
264.3364920 -2.8733052 7.50 T
264.3496377 -8.0369510 7.84 T
264.4612350 -8.1188863 4.62 T
264.5023018 6.4832092 7.73 T
264.5467157 4.4912140 7.93 T
264.7411377 2.6584653 7.75 T
264.7691967 2.0540328 7.78 T
264.7857233 2.0279050 6.37 T
264.8193683 3.5546092 6.63 T
264.8798500 3.3924205 6.81 T
264.9470418 -4.9680472 7.83 T
264.9828457 7.8010237 7.22 T
264.9903667 -0.6393296 6.53 T
265.0410355 -3.5359069 7.73 T
265.0497351 -2.1523704 6.37 T
265.0832975 6.5644894 7.35 T
265.1297081 -2.8647117 7.93 T
265.1872825 4.1508641 7.63 T
265.3193645 5.9326748 7.68 T
265.3846699 6.3131456 6.10 T
265.4827947 4.3667429 7.09 T
265.6231930 -2.4239092 7.91 T
265.6467241 -4.8498265 6.84 T
265.7963617 -2.2983457 7.69 T
265.8678766 4.5682850 2.88 T
265.9337209 -3.9193710 7.75 T
265.9458923 -7.0796910 6.33 T
266.0033804 -1.8071067 7.70 T
266.0034502 -5.9296391 7.32 T
266.0150854 6.0618384 7.47 T
266.0546454 5.2507067 7.94 T
266.1420997 2.5795495 6.13 T
266.1477619 2.5792027 6.47 T
266.3067262 -2.7622416 7.41 T
266.3902492 5.7156359 7.70 T
266.4798137 5.9078690 7.49 T
266.4877777 5.6943867 7.57 T
266.5305285 5.5301348 6.84 T
266.5454974 5.6581649 7.33 T
266.6036422 1.0443418 6.83 T
266.6179892 5.3965377 7.99 T
266.6324967 -7.9865965 7.42 T
266.6355723 -2.8616824 7.74 T
266.6517358 6.1205718 7.74 T
266.6710181 5.7742173 7.12 T
266.7241386 -1.7194382 7.78 T
266.7913840 4.4291276 7.92 T
266.9696407 6.4020457 7.71 T
266.9730244 2.7068087 3.74 T
250.2979167 -1.0005556 6.24 B
250.4270833 1.1811111 5.74 B
256.3204167 0.7025000 6.01 B
261.6579167 -5.0866667 4.54 B
262.5991667 -1.0625000 5.31 B
267.3287500 1.9611111 6.47 B
267.9979167 -1.2366667 6.35 B
268.1475000 1.3050000 5.95 B
269.0766667 0.6702778 5.82 B
269.2679167 0.0663889 5.97 B
