327.4536060 34.9167806 7.92 T
328.0295933 30.1911295 7.89 T
328.0896256 34.3805172 7.52 T
328.1242398 28.7931555 5.57 T
328.4766956 28.3412216 6.80 T
328.6892127 32.3271133 7.81 T
328.6902556 32.6731712 7.89 T
328.7447848 34.7732098 7.22 T
328.8383304 36.1460916 6.85 T
328.8967666 34.9769787 7.17 T
329.0205906 24.3397786 7.97 T
329.0360532 34.5502293 7.94 T
329.0496469 33.3655409 7.14 T
329.3716189 29.3098485 7.32 T
329.6675319 29.8102128 7.00 T
329.8442871 34.1806249 7.91 T
329.9565879 23.9407378 7.22 T
330.0278296 26.7838554 7.73 T
330.0416234 33.4241611 7.97 T
330.0712663 34.6295772 6.99 T
330.1111214 33.0063075 6.50 T
330.1890896 31.4498040 7.29 T
330.2289561 31.5342527 7.78 T
330.2977540 26.8301846 7.30 T
330.4308954 26.3780096 7.50 T
330.6277246 23.5783158 7.48 T
330.6555396 33.3794038 7.01 T
330.8103114 30.2032517 7.01 T
330.8517840 30.0373669 7.45 T
331.1365482 25.6584261 7.22 T
331.1438956 32.9416993 6.49 T
331.2448684 22.6367249 7.52 T
331.2974222 26.6738812 5.89 T
331.3946972 28.9639226 5.68 T
331.3956221 36.3849329 7.99 T
331.4755051 27.9658243 7.83 T
331.6025627 25.1513262 7.28 T
331.7445919 26.6228087 7.37 T
331.7548329 25.3452752 3.81 T
331.7648555 34.5218687 7.27 T
331.7758334 37.9007180 7.68 T
331.7802708 30.3177809 7.45 T
332.0716296 25.5432980 6.11 T
332.0778505 24.1562609 6.65 T
332.2100497 22.1387262 7.29 T
332.3063691 33.1719276 5.69 T
332.3439588 35.1290456 7.51 T
332.4151620 22.2420808 7.58 T
332.4967444 33.1781034 4.33 T
332.5091850 23.1258809 7.39 T
332.5271779 35.2136950 6.99 T
332.7155627 30.5528906 6.32 T
332.7998554 36.2547530 7.31 T
332.8111524 27.7365806 7.27 T
332.8466576 29.2545654 7.55 T
332.8685045 32.0861365 7.40 T
333.0338078 24.9506611 6.10 T
333.1994054 34.6042708 5.47 T
333.2635667 33.6037810 7.46 T
333.2975906 25.9396759 6.71 T
333.3063774 27.3184849 7.29 T
333.3592452 24.0268683 7.93 T
333.4117801 28.6079802 6.00 T
333.5900016 36.8317772 7.67 T
333.6446574 29.5721904 7.65 T
333.7005196 24.3150770 7.05 T
333.7024143 22.5233639 6.73 T
333.9924622 37.7487557 4.28 T
334.0672723 30.0477521 7.85 T
334.0732053 33.7322167 7.45 T
334.1234287 27.8039929 6.48 T
334.1400500 34.5213357 7.88 T
334.1676048 22.8959143 6.94 T
334.1720048 29.1734048 6.77 T
334.2007414 30.0913046 7.59 T
334.2935644 22.3873610 7.62 T
334.3542349 26.3870018 7.23 T
334.4468781 26.9364675 6.81 T
334.6880220 25.7740624 7.72 T
334.7346459 37.7695694 6.21 T
334.7803048 28.8478053 7.23 T
334.7805779 27.6817106 7.51 T
334.8059247 33.5067319 7.21 T
334.8258466 34.5373719 7.17 T
335.1173880 37.2978974 7.02 T
335.1297121 35.1145128 7.53 T
335.2503405 26.9351373 6.69 T
335.2574960 31.3096538 7.62 T
335.3306915 28.3305562 4.79 T
335.6353906 30.3574153 7.62 T
335.7082097 33.5956822 7.64 T
335.7095446 36.6593871 6.57 T
336.2612088 26.6109209 7.42 T
336.2616893 32.7911465 7.07 T
336.3745959 22.5741068 7.66 T
336.5177440 25.9276085 7.06 T
336.5287484 28.5180475 7.22 T
336.6898121 37.4436275 6.46 T
336.8356163 33.5142095 7.60 T
336.9431042 31.8402182 6.16 T
337.0460957 27.0185883 6.60 T
337.0580676 24.7926214 6.76 T
337.2825982 29.0292255 7.27 T
337.2927961 26.7631726 5.92 T
337.3333863 27.4278957 7.75 T
337.3858040 29.9886289 7.98 T
337.4045206 35.9372569 7.73 T
337.4333614 35.7253943 6.56 T
337.5077898 32.5725562 5.62 T
337.5348206 31.2156971 6.59 T
337.6080986 28.4427931 7.85 T
337.8929357 29.5425508 6.35 T
338.0282463 33.3768592 7.65 T
338.1326049 33.8143137 7.92 T
338.1494088 34.2286979 7.95 T
338.2408424 35.4377534 7.51 T
338.6521946 26.5982135 7.03 T
338.6975441 29.9573582 7.28 T
338.9269707 32.7890680 7.46 T
339.0329631 35.5771577 6.22 T
339.0902036 27.1217326 7.46 T
339.0929991 37.8421928 6.81 T
339.1596979 27.7842366 7.28 T
339.1874342 30.7913194 7.60 T
339.2027834 35.6524193 6.44 T
339.3027418 23.4734176 7.17 T
339.3887782 24.0012330 7.05 T
339.4828748 29.9236242 7.41 T
339.5095811 33.2261052 7.93 T
339.6710028 29.7113967 7.53 T
339.7691168 37.3753926 6.82 T
339.8802944 37.3535380 6.74 T
339.8829173 37.7436162 7.86 T
339.8931302 37.5928144 6.12 T
339.9819518 22.8768853 7.59 T
340.1123196 28.2112538 7.59 T
340.2498045 25.2099893 7.26 T
340.2659556 36.2633950 6.85 T
340.3571038 23.8464695 7.36 T
340.3808023 30.9658678 6.55 T
340.4391559 29.3074779 4.79 T
340.4570398 22.3894507 7.47 T
340.5108623 22.0998462 7.25 T
340.7260462 37.4472817 7.29 T
340.7310052 37.8027087 6.40 T
340.7416081 27.9885686 7.30 T
340.7506901 30.2210838 3.02 T
340.9866189 29.2769173 7.62 T
341.2104171 24.3785130 7.36 T
341.3917813 30.4403822 6.49 T
341.5090334 35.6724813 7.62 T
341.6873666 25.8032944 7.96 T
341.8039180 23.9849826 7.99 T
341.8339079 31.0373109 7.85 T
341.9333391 30.1295485 7.28 T
342.0456442 37.4163096 5.92 T
342.1140491 31.1006628 7.45 T
342.3439601 32.5295225 7.89 T
342.4478926 28.9445442 7.64 T
342.5018137 24.6013008 3.60 T
342.7739683 34.3837039 7.40 T
342.8610679 26.3911260 6.99 T
342.8922822 32.8154787 7.17 T
343.1414031 35.3375405 7.15 T
343.2881588 26.9771895 7.54 T
343.3960659 30.7626384 7.57 T
343.4531956 28.6254795 7.51 T
343.5079394 34.1972296 7.66 T
343.5468985 28.0162765 7.74 T
343.6826292 35.9836703 7.59 T
343.6867614 31.4787145 7.39 T
343.7337594 28.0095861 7.28 T
343.7617013 37.0768848 5.95 T
343.9355868 36.3513793 5.71 T
344.0991231 22.9558905 7.47 T
344.6119592 35.2819449 7.16 T
344.7458597 34.0667209 7.56 T
345.1767784 31.0829858 6.69 T
345.2600962 22.3913888 7.74 T
345.3959785 23.0732617 7.75 T
345.4040454 36.9850966 7.82 T
345.4645915 34.6123465 6.78 T
345.5878367 23.3405537 6.84 T
345.6393726 31.7817419 6.59 T
345.6844568 23.1302831 7.27 T
345.7519368 34.6209797 7.79 T
345.8242819 31.6895125 7.67 T
345.8977848 23.3786190 7.67 T
345.9448957 28.0836346 2.65 T
346.1523630 31.3072236 6.81 T
346.2639392 24.5218282 7.14 T
346.3708381 24.6529752 7.09 T
346.5510032 36.8201708 6.88 T
346.7601580 35.0525725 7.70 T
346.7713979 35.6365463 6.51 T
346.8654085 32.8252792 6.35 T
346.8668837 32.8233892 7.46 T
346.9173005 30.0541213 7.55 T
346.9802716 31.4586707 7.47 T
347.4543979 37.6870997 7.95 T
327.4612500 30.1741667 5.04 B
331.7529167 25.3450000 3.76 B
335.9758333 38.5736111 6.22 B
336.8604167 39.8097222 6.14 B
338.1479167 20.2300000 6.42 B
338.1100000 39.7797222 5.88 B
338.9679167 39.6341667 5.73 B
339.8154167 39.0502778 4.88 B
341.6329167 23.5655556 3.95 B
345.6379167 31.7805556 6.57 B
