70.5572677 2.9899001 7.28 T
70.5939178 -0.9300445 6.78 T
70.6681380 -5.7573070 7.13 T
71.1752685 0.5679124 7.17 T
71.6008010 -2.9548711 6.32 T
71.8247708 5.7881162 6.77 T
72.1535794 -5.6755973 5.84 T
72.1644050 3.6492873 7.29 T
72.2342806 3.6896452 7.00 T
72.3063536 -4.9864701 7.13 T
72.4629568 6.9613510 3.22 T
72.5720659 6.9499629 7.24 T
72.6891391 1.1476305 6.66 T
72.8014971 5.6051075 3.64 T
73.0818977 -7.8958578 7.41 T
73.2235072 -5.4525514 4.39 T
73.3450655 2.5081228 5.52 T
73.4825470 1.5693163 6.61 T
73.6167440 -3.2259252 6.58 T
73.6989541 7.7789293 5.46 T
73.7112932 0.4671288 5.95 T
73.9929999 5.3989384 6.49 T
74.0043027 1.6254099 6.90 T
74.0368224 7.9044233 6.47 T
74.0588865 3.1757860 7.35 T
74.1007662 -5.1713616 5.46 T
74.2470403 3.2861207 7.33 T
74.3213993 -1.0674219 6.29 T
74.5455490 -2.2126564 6.35 T
74.6370760 1.7139660 4.62 T
75.1356474 3.6146876 6.95 T
75.1414602 3.6156622 6.59 T
75.1657926 -2.0660450 6.34 T
75.2750864 3.7173028 7.22 T
75.3569574 -0.6970710 6.78 T
75.3597596 -7.1739339 4.75 T
75.5000893 1.6089040 6.50 T
75.5041904 -5.5012547 6.67 T
75.6856455 3.4576833 7.29 T
75.6894238 -4.2101245 5.99 T
76.0749680 -6.0312525 6.93 T
76.2271988 -3.0396852 6.01 T
76.3338547 7.5624706 7.58 T
76.5954653 2.6732292 7.47 T
77.0265644 3.7485659 7.25 T
77.1824158 -4.4561183 5.17 T
77.2339410 3.2185598 6.54 T
77.5136033 -0.5656504 6.22 T
77.6376955 5.3149448 7.29 T
77.7423134 -2.2550576 6.35 T
77.8304144 -2.4907702 5.95 T
77.9223152 0.5145661 6.66 T
77.9389439 1.0366857 6.26 T
77.9389439 1.0366857 7.44 T
78.2006643 -6.0573903 6.00 T
78.3228528 2.8612605 4.62 T
78.3815022 1.9676761 6.20 T
78.3886525 -8.1477729 6.35 T
78.4127395 -3.6220153 7.07 T
78.4487023 -6.7482985 7.33 T
78.6835092 5.1561955 5.65 T
79.1709245 1.9472883 6.41 T
79.4015285 -6.8444549 3.56 T
79.5041057 -0.0376824 7.36 T
79.7966154 2.5954829 5.38 T
79.8970305 -1.4119142 6.30 T
80.0132340 -5.2084178 7.17 T
80.1100427 -5.3675638 6.41 T
80.2176909 2.9290229 6.81 T
80.3304271 4.0118757 6.52 T
80.3684615 -1.5462460 7.09 T
80.3826692 -0.4164906 5.64 T
80.4406072 -0.3824489 4.68 T
80.4928468 -2.9636643 7.05 T
80.6905764 2.7959487 6.72 T
80.7083454 3.5444448 4.95 T
80.7126465 3.5522143 6.76 T
80.8792437 5.3231941 6.35 T
80.9262864 -0.1598385 5.65 T
80.9639659 -0.8670268 6.87 T
80.9866864 -7.8083204 4.24 T
81.1203663 -0.8904901 5.18 T
81.1504299 2.3531485 6.28 T
81.1682203 -2.4978476 6.94 T
81.1867875 1.8464466 4.84 T
81.2550154 -2.8154689 7.31 T
81.3794701 -0.5439862 6.55 T
81.4020847 -1.4913042 6.39 T
81.4459278 0.5202338 6.12 T
81.5098937 -5.5185060 6.22 T
81.6300650 2.9358493 6.70 T
81.6618563 6.8684355 6.40 T
81.7092326 3.0955654 4.57 T
81.7261553 3.6146591 7.15 T
81.7465182 -2.3606525 6.57 T
81.7500248 7.1700694 7.05 T
81.7845886 3.8555386 6.71 T
81.7890707 -1.3673846 7.17 T
81.9407105 -2.1454895 7.48 T
82.0061293 1.2982544 6.35 T
82.0288491 3.5357323 7.54 T
82.1072715 0.0202733 6.63 T
82.1886921 1.6439390 6.87 T
82.2018977 2.1647043 7.13 T
82.2371044 -3.3074721 6.38 T
82.3485276 -3.4464500 5.92 T
82.3558754 -7.2608960 6.65 T
82.3896928 3.1479281 7.09 T
82.4064679 -0.0213526 6.88 T
82.4238013 -0.8028966 6.53 T
82.4332692 -1.0923984 4.88 T
82.4782466 1.7892530 5.71 T
82.5864765 -7.4348072 6.28 T
82.6961098 5.9478856 4.44 T
82.6961098 5.9478856 5.75 T
82.8105902 3.2921666 5.71 T
82.8105902 3.2921666 6.74 T
82.8370705 -6.7083689 6.18 T
82.8745323 1.6900402 7.50 T
82.9217694 2.8328251 7.53 T
82.9827417 -7.3015834 4.57 T
83.0016838 -0.2845836 6.83 T
83.1722939 -1.5918472 5.31 T
83.2805972 -1.7173714 6.67 T
83.2871400 3.1310898 7.56 T
83.3810421 -1.1560804 5.34 T
83.4899457 1.4076421 6.54 T
83.5094335 -0.4763303 7.57 T
83.5162473 -1.0357425 6.20 T
83.5405902 -1.9018012 7.07 T
83.5621212 -2.8816806 6.64 T
83.5697353 3.7667794 5.33 T
83.6004206 -4.8042890 6.81 T
83.6350522 -4.4874911 7.57 T
83.6806504 5.6609173 6.69 T
83.7248030 -4.1104213 6.69 T
83.7353570 -0.1229036 7.14 T
83.7458410 -4.3542771 7.53 T
83.7542097 -6.0092745 5.51 T
83.7611819 -6.0019917 4.70 T
83.7699145 -4.7318225 7.30 T
83.7883554 -0.2696082 7.46 T
83.7958715 -5.9269191 7.42 T
83.8032939 -0.7353473 6.96 T
83.8156172 -6.0327515 7.12 T
83.8185738 -5.3899798 5.06 T
83.8411225 -4.4941518 6.52 T
83.8429947 -4.4242968 6.22 T
83.8454411 -5.4160290 5.03 T
83.8464409 -4.8383485 4.61 T
83.8464409 -4.8383485 7.50 T
83.8600278 -5.4168549 6.19 T
83.8793934 -4.3640631 6.43 T
83.8806955 -5.2673939 6.87 T
83.8890062 -4.8375186 7.16 T
83.8996092 -3.2528576 6.38 T
83.9145075 -4.8560105 5.27 T
83.9753036 -5.6285128 7.33 T
84.0259581 -7.3964316 7.37 T
84.0260495 -4.4257602 7.11 T
84.0626077 -5.6479199 6.50 T
84.1487322 -6.0647507 5.71 T
84.3639984 -5.9383999 5.99 T
84.3950374 -1.4221331 7.27 T
84.4031600 -4.9341062 7.12 T
84.4412372 -0.7782665 7.57 T
84.4724136 -4.8140367 6.17 T
84.4727405 0.9685895 7.45 T
84.5047216 7.5413195 5.84 T
84.5572382 -1.1691867 6.80 T
84.5638310 -4.1083520 6.87 T
84.6582144 -6.5739694 5.91 T
84.6967113 -2.5945989 6.34 T
84.7210903 -7.2131477 4.79 T
84.7600099 -5.1944806 7.56 T
84.7964413 4.1214550 4.50 T
84.8797851 -3.5647025 6.01 T
84.9545541 1.4917151 6.87 T
84.9857028 -1.9267189 7.55 T
85.0821375 -3.4271076 7.05 T
85.0841226 -2.4356101 7.59 T
85.1554110 -2.8252144 6.17 T
85.2112952 -1.1287812 4.90 T
85.2349067 -1.5071750 6.97 T
85.2733938 0.3379209 5.95 T
85.4184142 -2.8963925 6.49 T
85.5733946 2.3671481 6.66 T
85.6189457 1.4745332 5.03 T
85.7246625 -6.7957653 6.01 T
85.8496501 5.3585804 6.72 T
85.9022493 6.8884409 7.20 T
86.1273519 4.3391152 7.19 T
86.1319294 -4.6957787 7.35 T
86.1384463 -6.8642257 6.79 T
86.2520651 6.3503865 7.15 T
86.2575308 4.0080338 6.13 T
86.3561921 6.2979148 7.17 T
86.6449701 1.1673171 6.01 T
87.0008809 6.4538672 5.99 T
87.0008809 6.4538672 6.03 T
67.9695833 -0.0438889 4.91 B
69.3070833 0.9983333 5.31 B
69.9466667 -1.0527778 6.10 B
71.3754167 -3.2547222 4.02 B
72.1858333 3.5883333 6.03 B
73.5629167 2.4405556 3.72 B
75.2041667 -5.7533333 6.22 B
75.4595833 0.7222222 5.92 B
76.3487500 1.1775000 6.17 B
76.6904167 -4.6550000 5.12 B
76.9625000 -5.0863889 2.79 B
78.4466667 0.5602778 6.32 B
78.6345833 -8.2016667 0.12 B
78.8266667 -1.4091667 6.15 B
81.1191667 -2.3969444 3.36 B
81.2829167 6.3497222 1.64 B
82.5825000 4.2041667 6.21 B
83.0016667 -0.2991667 2.23 B
83.5166667 -1.4705556 5.93 B
84.0533333 -1.2019444 1.70 B
84.6866667 -2.6000000 3.81 B
85.1895833 -1.9427778 2.05 B
85.7887500 -1.6130556 6.31 B
88.6837500 0.9683333 6.00 B
