45.0331588 -47.4167666 7.52 T
45.4703229 -47.5589964 7.86 T
45.7329894 -46.9750048 5.95 T
45.9802406 -43.8978855 6.83 T
46.0342467 -47.8566493 7.41 T
46.3264092 -40.9841742 7.65 T
46.4677756 -37.3389319 7.57 T
46.6406153 -39.7800387 7.69 T
47.1768304 -35.4336010 7.18 T
47.6137041 -48.7343112 6.24 T
47.6782287 -39.0514975 7.01 T
47.7681554 -46.3505062 7.84 T
47.9697671 -39.0234083 7.11 T
47.9910723 -39.3659758 7.11 T
48.0611208 -40.4091582 7.21 T
48.1081114 -44.4197600 6.13 T
48.1134051 -46.4906754 7.96 T
48.2257570 -47.1553354 7.35 T
48.2561973 -35.9436529 6.27 T
48.3052216 -49.3292941 7.97 T
48.3157574 -41.3798293 7.27 T
48.4586770 -38.8096716 6.90 T
48.5464950 -40.2555548 7.49 T
48.6673293 -35.5575447 6.96 T
48.7379433 -44.1203856 7.94 T
48.7754428 -45.6639231 6.82 T
48.8490376 -38.9996102 7.82 T
48.8614157 -39.7619727 7.24 T
48.9325638 -39.0634159 7.98 T
49.1366402 -35.6912136 7.05 T
49.1858863 -41.2708131 7.96 T
49.3607366 -47.7514857 5.97 T
49.8239395 -35.0044069 7.10 T
49.8490648 -36.5644615 7.76 T
49.8806812 -42.5701907 7.98 T
49.9894833 -34.0118898 7.55 T
50.0078644 -43.0652305 4.34 T
50.1519820 -36.7756256 7.96 T
50.2449170 -37.4499008 7.89 T
50.3893794 -47.7767309 6.51 T
50.5387574 -46.7637950 7.04 T
50.7339471 -41.2560082 7.93 T
50.9976707 -37.1706164 7.78 T
51.0262740 -41.2322038 7.31 T
51.0725951 -45.0966020 7.90 T
51.1440119 -45.6638647 7.34 T
51.3036720 -37.1527132 7.18 T
51.3966182 -38.3124377 7.90 T
51.4829392 -35.9209151 6.40 T
51.4959881 -35.9583515 7.34 T
51.5492612 -41.6367757 6.33 T
51.5927189 -42.8360117 7.91 T
51.8015452 -48.8629696 7.79 T
51.8898698 -35.6812914 5.85 T
51.8956680 -39.8805671 7.27 T
51.9160306 -39.8333995 7.81 T
51.9327666 -43.8556784 6.77 T
51.9945479 -45.5611278 7.98 T
52.0483619 -35.8534324 6.54 T
52.2282686 -33.6553296 7.30 T
52.3601227 -42.4691954 7.72 T
52.4792909 -42.6342701 5.78 T
52.4914039 -35.7487589 7.25 T
52.5564873 -41.3710167 6.17 T
52.6545607 -47.3750054 5.98 T
52.7082323 -37.3724316 7.77 T
52.8523358 -33.5453837 7.34 T
53.0233150 -49.1586520 8.00 T
53.5188277 -41.3383990 7.79 T
53.6242731 -34.8327262 7.08 T
53.7044102 -44.6433004 7.88 T
53.7762304 -35.9376111 7.90 T
53.8150184 -49.4172095 7.95 T
53.9576888 -43.7162598 7.04 T
54.2145992 -33.7806047 6.99 T
54.2233472 -49.9580248 7.69 T
54.2692692 -36.2921767 7.24 T
54.2735716 -40.2747293 4.69 T
54.4403459 -49.0055391 7.72 T
54.5696063 -49.3683312 7.54 T
54.6759279 -35.2041406 7.18 T
54.9381961 -40.3503277 7.72 T
54.9399140 -40.3525098 6.93 T
55.0123346 -34.5504983 7.91 T
55.0815610 -43.2409080 7.56 T
55.2890905 -40.7684605 7.45 T
55.3468171 -41.7532631 7.66 T
55.4395989 -47.7755552 6.98 T
55.4556893 -48.2397080 7.73 T
55.5404089 -45.9577839 6.57 T
55.5564501 -49.1512737 7.73 T
55.7078533 -37.3139682 4.72 T
55.7796908 -37.0438981 7.69 T
56.0268023 -40.6608692 6.65 T
56.0398932 -38.2799485 7.08 T
56.0777734 -41.8977674 7.79 T
56.1888766 -38.8176915 7.58 T
56.2105320 -48.0617627 6.60 T
56.3161041 -47.3595309 5.82 T
56.8649569 -50.0645914 7.95 T
56.9568634 -36.1056712 6.17 T
57.1483978 -37.6220765 5.25 T
57.1501235 -37.6202301 4.72 T
57.1958960 -40.3988641 7.31 T
57.3394876 -36.0924906 6.94 T
57.3631216 -36.2005784 4.27 T
57.4554714 -42.7274926 7.37 T
57.5108412 -45.3853624 7.04 T
57.6563985 -36.4255279 6.84 T
57.6850065 -38.9816970 7.29 T
57.7487807 -48.5267529 7.94 T
57.8603414 -40.0857941 7.81 T
57.9245178 -47.3166626 6.73 T
57.9633971 -46.1623257 7.89 T
58.1655943 -44.9469092 7.74 T
58.3636379 -41.2222876 7.28 T
58.3891386 -46.8938888 6.06 T
58.4125084 -34.7323111 5.07 T
58.5963489 -40.3569721 5.77 T
58.6560738 -46.4169029 6.91 T
58.7051042 -35.7017839 7.75 T
58.8147066 -38.7592564 6.80 T
58.8612658 -37.9791107 7.97 T
58.8733713 -36.3098564 7.54 T
59.0216941 -47.7738512 7.63 T
59.0644069 -43.1160518 7.67 T
59.1226367 -38.9621622 6.89 T
59.1517044 -39.9151223 7.99 T
59.2138948 -48.4786587 7.35 T
59.2281472 -49.7585599 7.92 T
59.2574760 -40.0369000 7.12 T
59.5636256 -49.6097762 7.05 T
59.7851347 -48.9148358 7.87 T
59.8347050 -43.9175314 6.94 T
60.0078359 -42.3900867 7.31 T
60.3234363 -46.1372561 7.34 T
60.5173110 -34.4822113 7.26 T
60.5173110 -34.4822113 7.94 T
60.7323483 -39.8058520 7.56 T
60.7492843 -48.3686944 7.07 T
60.7875639 -39.3643998 7.67 T
60.9140255 -47.8618134 6.64 T
60.9348382 -37.0705531 7.18 T
60.9381828 -44.7328062 7.65 T
61.3919510 -45.6667459 7.59 T
61.7139848 -49.6283625 6.90 T
61.8551806 -42.9166813 6.70 T
61.8847048 -35.3914033 7.81 T
61.9060109 -37.0619461 6.85 T
62.0482599 -48.3458015 7.92 T
62.1417873 -45.8646588 6.67 T
62.1841066 -47.3941380 7.72 T
62.5142519 -34.4975059 7.43 T
62.6247404 -40.5357982 7.94 T
62.6909718 -35.2739630 6.57 T
62.7123719 -41.9931629 4.97 T
62.7626252 -46.9420891 7.42 T
62.9288697 -47.0854349 7.17 T
63.1292474 -36.1524073 7.17 T
63.1320330 -44.3682024 6.87 T
63.1425195 -36.1434577 7.95 T
63.3989350 -40.3575637 6.52 T
63.4885633 -37.0304682 7.13 T
63.5008247 -42.2956486 3.97 T
63.5417997 -46.1331057 6.86 T
63.5830118 -38.2597112 7.04 T
63.6253351 -40.8942862 7.46 T
63.7959048 -37.1968639 6.78 T
63.7980782 -38.2944897 7.16 T
63.8538871 -36.2039203 7.67 T
64.1214367 -38.8844824 7.15 T
64.4613503 -34.1865108 7.49 T
64.5011079 -45.6507173 7.61 T
64.6986775 -34.1210921 7.94 T
64.7619717 -33.9043754 6.51 T
64.7803077 -47.5676244 7.21 T
64.8201272 -44.2681411 5.45 T
65.2258685 -34.7328169 7.95 T
65.2655890 -48.8111551 7.40 T
65.3126933 -45.0436377 7.81 T
65.4401954 -37.7821146 6.68 T
65.4446945 -42.7873808 7.77 T
65.7618539 -36.4918533 7.95 T
65.7823060 -35.5447537 6.51 T
65.9358200 -43.4568340 7.96 T
66.0097665 -34.0165084 4.12 T
66.0537864 -40.0526463 7.35 T
66.0662055 -46.6449281 7.10 T
66.2350836 -34.7581175 6.60 T
66.3299047 -44.1604769 6.43 T
66.3494455 -35.6759679 7.87 T
66.4438063 -44.8542825 7.55 T
66.7754863 -46.9492145 6.15 T
67.3341478 -46.5150440 6.24 T
49.9820833 -43.0697222 4.27 B
55.5620833 -31.9383333 5.00 B
58.6416667 -52.6905556 6.46 B
60.0654167 -51.5647222 6.51 B
67.0391667 -41.9600000 6.44 B
