60.7297623 62.4212915 7.38 T
61.2222082 62.3223385 7.73 T
61.4936078 61.6327614 7.92 T
61.5335924 62.1018285 6.80 T
61.8543454 62.3905144 7.93 T
61.9380726 51.4527809 7.64 T
61.9553693 62.3329531 6.94 T
61.9639639 62.3301064 6.91 T
62.1008566 60.8766669 7.46 T
62.1164760 50.9424368 7.68 T
62.1969820 50.2004289 6.96 T
63.4214052 49.0938801 7.04 T
63.5932468 54.5242353 7.35 T
63.7244779 48.4092156 4.24 T
63.7574462 57.4603623 6.14 T
64.1793676 53.6117862 5.19 T
64.1875900 46.7780786 7.83 T
64.2232501 61.8498535 5.66 T
64.2840373 57.8600747 5.84 T
64.3012911 50.8657914 6.82 T
64.3181882 46.2305198 7.99 T
64.3323988 46.2176521 7.12 T
64.3375876 57.1781661 6.71 T
64.4819383 58.7907190 7.13 T
64.5459313 61.9125579 7.67 T
64.5613560 50.2951228 4.60 T
64.6495571 60.4937223 7.40 T
64.6734497 49.5329507 7.81 T
64.8057536 50.0483124 5.48 T
65.0479839 50.9208984 5.54 T
65.2627650 55.5312449 7.68 T
65.2797841 55.5052369 7.95 T
65.3393210 53.7006568 7.91 T
65.3883879 46.4986784 4.80 T
65.4492778 60.7349099 5.58 T
65.4656837 56.5063522 5.92 T
65.6579876 51.9410004 7.81 T
65.7418856 59.6158936 6.19 T
65.8945663 59.7325100 7.83 T
66.0231081 53.4947839 7.09 T
66.0420451 62.0324059 7.08 T
66.0579124 51.9370334 6.86 T
66.1367128 50.8447817 6.96 T
66.3713937 46.1436856 7.45 T
66.6924744 55.6437983 7.69 T
66.7537280 57.5852055 6.28 T
66.8536894 46.8512636 6.80 T
67.2195254 52.3893751 7.81 T
67.2259004 55.0003593 7.73 T
67.6228434 46.1498700 7.91 T
68.0038428 53.9125655 6.82 T
68.0076992 53.9108292 5.78 T
68.3166794 55.4614701 7.79 T
68.6631254 51.0029162 7.93 T
68.6915325 50.1244471 7.08 T
68.7731012 57.4197183 6.67 T
68.9314015 59.4007423 6.79 T
69.0023161 55.5117334 6.97 T
69.0543485 47.3565999 7.91 T
69.0630350 47.3707699 7.59 T
69.0864759 61.3623262 7.04 T
69.3850986 60.0903431 7.35 T
69.4683347 60.6763306 7.84 T
69.5247316 46.2335049 7.09 T
69.5627679 60.8840694 6.80 T
69.9777791 53.0794313 5.19 T
70.0190801 52.4862220 7.99 T
70.2064784 57.8795574 7.27 T
70.3509349 48.3006272 5.65 T
70.4971077 53.5858278 7.89 T
70.5439179 49.9196596 7.68 T
70.6542825 58.9092874 7.97 T
70.7445109 57.2023871 7.98 T
70.8241074 59.5208685 6.54 T
70.8399164 49.9736907 5.86 T
71.0895715 48.1752913 6.92 T
71.2293177 52.3396671 6.88 T
71.3658041 47.4763633 7.39 T
71.3758322 59.8718096 7.92 T
71.9565650 53.3006326 6.86 T
72.0016864 56.7562436 5.31 T
72.0070878 53.1220144 7.59 T
72.0301398 55.6020092 6.35 T
72.0512990 59.2410150 7.51 T
72.4203836 49.5883681 7.89 T
72.7006209 56.5302005 7.86 T
72.7884890 48.7404702 5.75 T
72.9868630 54.9021509 7.71 T
73.1947091 51.5422813 7.95 T
73.2524760 55.0449794 7.89 T
73.2905986 52.8410978 6.40 T
73.4158970 61.4814601 6.66 T
73.7924410 51.6044341 7.05 T
74.0294473 52.8698572 5.76 T
74.2609921 49.9213267 6.99 T
74.2691539 47.8788088 7.88 T
74.2897489 59.1201640 6.82 T
74.3142773 61.7531345 6.97 T
74.3214651 53.7521645 4.43 T
74.9429012 53.1553874 6.25 T
75.2792099 58.6654705 7.49 T
75.4004025 61.0768809 6.08 T
75.4319279 55.5748582 7.42 T
75.6944503 46.6601455 7.74 T
75.8314627 60.4218235 7.43 T
75.8544873 60.4421486 4.12 T
76.0357341 54.8642076 7.84 T
76.3636534 46.9163831 6.70 T
76.4784423 50.0459340 7.32 T
76.5224990 48.6596403 7.99 T
76.5505383 59.0211889 6.21 T
76.5650007 49.9740778 7.68 T
76.5920931 54.4052086 7.29 T
76.6242652 61.1692434 6.15 T
76.6318841 55.3535064 7.69 T
76.6689933 51.5966276 5.01 T
76.8427687 50.3056270 7.44 T
76.8776072 55.5399919 7.54 T
76.9427066 55.7590859 7.07 T
77.1912076 57.4016552 7.81 T
77.2681254 49.1219029 6.66 T
77.4172989 62.4793743 6.66 T
77.5320500 53.7097864 7.48 T
77.6793529 46.9611305 5.72 T
77.8754545 53.2344842 7.54 T
77.9255829 46.9422700 7.84 T
77.9817836 53.4521370 7.18 T
78.2615523 61.8500456 6.17 T
78.3041405 49.8607967 7.70 T
78.4562468 46.9767464 7.59 T
78.5077670 51.4297130 7.26 T
78.6844669 53.2139613 6.16 T
78.7977628 59.4055944 6.27 T
78.8152377 47.1700604 7.03 T
78.9334611 50.5620086 7.50 T
79.0182958 51.9568291 7.78 T
79.1128017 46.4160554 6.95 T
79.3647988 60.1808187 7.00 T
79.3995704 55.5168671 7.64 T
79.6361536 48.9233210 7.07 T
79.8661468 58.1172515 6.12 T
80.0980890 58.3456309 7.93 T
80.1631182 46.9637303 6.61 T
80.3221582 54.2527040 6.77 T
80.4579040 51.4848170 7.82 T
80.5851161 59.2761312 7.18 T
80.9306001 56.0889364 6.99 T
81.2554361 61.8254773 7.96 T
81.9779759 48.2264203 6.68 T
81.9933188 48.3811455 7.34 T
82.4647890 60.2685007 6.87 T
82.4712970 53.4329515 7.18 T
82.8691935 54.6524185 7.78 T
82.9479547 48.9348707 7.51 T
83.0420073 47.1926066 7.77 T
83.0859615 49.3932326 7.47 T
83.0890836 49.3938694 7.54 T
83.1421190 57.2196648 6.52 T
83.2847863 46.8812073 7.83 T
83.3068934 51.4703965 8.00 T
83.3759180 52.6529191 7.85 T
83.4174625 48.2777370 7.69 T
83.5683806 56.2714556 7.57 T
83.7312221 49.0628874 7.81 T
83.7489032 59.5237676 7.70 T
84.0666246 47.7151601 6.13 T
84.1466850 54.4285821 5.92 T
84.3342731 47.9395631 7.47 T
84.3627006 56.4877649 7.58 T
84.5028179 59.3643655 7.95 T
84.5439146 51.4464000 7.83 T
84.7020240 55.7481069 7.95 T
84.7366642 49.4161854 6.96 T
84.7726321 56.3592137 7.07 T
84.9680266 52.8966041 7.91 T
85.1207448 61.9489151 6.87 T
85.1766456 52.5700581 7.31 T
85.3347735 53.4777859 6.29 T
85.4030711 60.6227482 7.03 T
85.4420752 48.4656336 7.86 T
85.6613904 61.6028995 7.81 T
85.7571675 56.5816929 6.15 T
85.8470665 50.7019621 7.38 T
85.8643964 52.4889019 7.21 T
85.8907557 61.0376122 7.68 T
85.9066633 59.9373428 7.88 T
85.9094092 55.3287042 7.43 T
85.9939996 54.8647155 6.93 T
86.0350430 61.4765305 6.26 T
86.3753375 52.1600071 6.93 T
86.4750723 49.8262794 5.46 T
86.6027097 47.9029467 7.99 T
86.6243373 49.1259514 7.96 T
86.6268586 56.1152090 5.95 T
86.7145383 47.4673166 7.46 T
86.7500498 51.5206165 6.56 T
87.0605621 46.7216273 7.16 T
87.1614107 51.1652360 7.96 T
88.3333002 61.6760566 7.85 T
89.6922577 60.3792256 6.90 T
61.6525000 54.0086111 6.31 B
62.3433333 54.8288889 6.18 B
68.3537500 43.0638889 6.09 B
69.9920833 53.4730556 5.35 B
73.7629167 55.2591667 5.52 B
76.5354167 58.9725000 5.08 B
78.2633333 61.8500000 6.17 B
78.3804167 62.6913889 6.50 B
79.3241667 53.5861111 6.50 B
80.0941667 62.6536111 5.61 B
80.8658333 57.5444444 5.28 B
82.5425000 63.0672222 5.42 B
83.1408333 57.2211111 6.48 B
84.3129167 64.1547222 6.15 B
85.3345833 53.4811111 6.23 B
87.2704167 62.8080556 6.13 B
87.6416667 56.9188889 6.54 B
88.0725000 58.9641667 6.14 B
88.7408333 59.8883333 5.20 B
88.7116667 55.7069444 4.99 B
89.3958333 66.0961111 6.25 B
89.9404167 55.3208333 6.44 B
89.9504167 54.5472222 6.14 B
