3.1685609 -1.2271959 7.32 T
3.2297481 -3.3816256 7.59 T
3.2851259 -7.6822462 7.69 T
3.4411958 8.1935364 7.45 T
3.4480658 1.3834850 6.92 T
3.5054044 -3.9089466 7.52 T
3.5433890 -7.1995479 7.38 T
3.6018572 -2.1981777 7.34 T
3.6155006 -7.7804986 5.33 T
3.6524405 1.2967626 7.07 T
3.7319796 -3.0275650 6.84 T
3.8175538 -6.1385264 7.87 T
3.9111808 5.8438348 7.10 T
3.9651712 -5.6010952 7.71 T
3.9888819 4.2510311 7.12 T
4.0228664 8.1153936 7.63 T
4.1416724 8.2400473 6.22 T
4.1642870 1.8506840 7.22 T
4.3700144 0.3218981 7.88 T
4.4493075 1.6887849 6.28 T
4.4515365 -1.8627084 7.20 T
4.4703843 7.8659873 7.55 T
4.5150395 0.6166838 7.27 T
4.5326758 3.7967828 7.23 T
4.5773841 -2.0148157 7.33 T
4.6770999 -8.0539100 6.53 T
4.8192844 0.5205223 7.95 T
4.9022395 -7.2248463 7.08 T
4.9619187 -2.4786627 7.05 T
4.9879178 1.5825954 7.74 T
5.0210893 6.2927230 6.97 T
5.0398027 3.0334773 7.75 T
5.0900417 4.7789720 7.79 T
5.1493989 8.1903332 5.53 T
5.2683766 -2.9095645 7.02 T
5.3048627 -3.3114204 7.42 T
5.5592102 -5.1920493 7.13 T
5.7498191 -6.4631075 7.62 T
5.9106423 2.7429921 7.80 T
5.9165373 -3.0590512 7.87 T
5.9994071 -3.4753840 7.41 T
6.0726096 1.5554882 7.85 T
6.1233191 -2.2193299 6.20 T
6.1370363 -4.6478157 7.80 T
6.3507713 1.9396032 5.86 T
6.4248807 7.6908378 6.92 T
6.5688449 3.8257672 6.87 T
6.5761041 6.0943435 7.90 T
6.6563317 -0.0495103 6.29 T
6.7727008 -5.0039690 7.17 T
6.8343566 2.8140771 7.28 T
7.3164310 -5.9118771 7.84 T
7.3725634 -3.4692408 7.10 T
7.4133396 -2.8406732 7.05 T
7.4625449 -0.3206979 7.96 T
7.4814964 -1.1182409 7.49 T
7.5098807 -3.9574177 5.90 T
7.5360665 4.8602021 6.56 T
7.9198992 -1.7937609 7.06 T
8.0992615 6.9554914 5.68 T
8.2968344 -3.8478383 7.50 T
8.3713227 -0.6089498 7.21 T
8.4758707 3.3197972 7.59 T
8.5346521 5.9580711 7.69 T
8.6127643 -6.5044523 6.96 T
8.6246715 -4.5465013 7.10 T
8.8146201 -3.5929629 5.26 T
8.8692682 4.2946741 7.66 T
8.8876987 -0.5060042 5.99 T
9.0091576 -5.5714085 6.77 T
9.0156609 7.1558978 7.82 T
9.3776200 3.1349815 6.56 T
9.5023713 2.7636167 7.79 T
9.5186617 -0.5035942 6.79 T
9.8101685 3.1358014 7.41 T
9.9101641 -3.0834650 7.94 T
9.9276147 8.1226634 7.39 T
9.9354543 -8.0063925 7.78 T
9.9458156 3.6528708 7.77 T
10.1025573 -7.6573152 7.50 T
10.1764541 -4.3519289 6.01 T
10.1979109 -7.2332738 7.12 T
10.3912816 1.7479235 7.92 T
10.5096327 1.0235168 7.94 T
10.5278960 1.0632161 7.96 T
10.5969484 4.1663136 7.86 T
10.6367954 5.6753462 7.72 T
10.7580731 -3.8562648 7.34 T
10.8287512 -6.3367797 7.55 T
10.8484805 2.5841529 7.94 T
11.0565798 -7.8879315 7.87 T
11.2304638 3.2010134 7.96 T
11.2973174 0.2529603 7.06 T
11.3507563 -4.6289398 6.33 T
11.4181163 7.8450594 7.93 T
11.4780858 0.5795278 7.78 T
11.5240939 6.0904340 7.84 T
11.6690500 -4.4286955 7.65 T
11.8485521 6.7408522 6.07 T
11.9038185 -2.3218385 7.34 T
12.0732496 7.2999535 6.04 T
12.0842624 -0.4893488 7.80 T
12.1004902 5.2735336 5.83 T
12.1711197 7.5847743 4.59 T
12.4161309 6.4071454 7.65 T
12.4349796 -7.8492965 7.98 T
12.4791363 -0.2241895 6.78 T
12.5183384 7.6686010 7.73 T
12.7684367 2.7431370 7.69 T
12.7968553 -5.0400211 7.04 T
12.8264856 3.3846022 6.49 T
12.8863219 -3.1431680 7.25 T
12.9847557 4.0602598 7.87 T
13.2521019 -1.1443600 4.94 T
13.3309396 4.0860008 7.20 T
13.4228412 -4.5256052 6.64 T
13.8317225 6.8542802 7.48 T
13.9266035 -7.3474062 6.03 T
14.0091940 -3.7380182 7.44 T
14.0346040 -8.0237377 7.48 T
14.0560112 -7.5778027 7.77 T
14.1950989 -2.7301648 7.01 T
14.3042939 0.3422726 7.75 T
14.4152885 1.7856764 7.11 T
14.4593938 -1.7660046 6.66 T
14.4941940 7.6117059 7.99 T
14.5812499 6.8442590 6.84 T
14.6170140 -1.6645178 7.87 T
14.6771368 4.2058001 7.63 T
14.6906295 -5.8833305 6.71 T
14.7628239 -2.4534707 7.74 T
14.8355116 -0.6748348 7.71 T
14.8469687 0.7780880 7.82 T
14.9256430 -4.3215938 7.79 T
14.9571457 6.4831758 6.34 T
15.0157922 -2.0193087 7.41 T
15.0233897 2.6329105 7.76 T
15.1683904 -1.6587432 7.09 T
15.2114819 4.8339178 7.79 T
15.2573155 -4.6487412 7.39 T
15.3931842 -6.7995392 7.40 T
15.4149345 7.3052764 7.82 T
15.4993542 2.5261087 7.64 T
15.5286098 7.9407265 7.66 T
15.7057745 7.5006837 7.82 T
15.7353660 7.8902969 4.36 T
15.7598374 -4.8372451 5.53 T
15.9193107 5.2352999 7.77 T
15.9465739 6.7647336 7.14 T
15.9550486 1.3665915 6.10 T
16.1566598 -5.3217647 7.79 T
16.1817290 2.3134534 7.33 T
16.2110878 7.0452944 7.99 T
16.2195137 5.6561634 6.19 T
16.4246850 4.1982740 7.41 T
16.4553192 4.9076260 6.39 T
16.4644546 4.9086165 7.26 T
16.5242961 3.2745110 7.44 T
16.7963017 -1.7321847 7.43 T
16.9361767 -4.7455572 7.86 T
16.9994822 1.9903654 6.54 T
17.1114938 -6.1752004 7.90 T
17.6275561 -6.0845009 7.68 T
17.6397423 2.4455758 6.12 T
17.6790671 -4.8421348 7.36 T
17.9309226 -2.2512215 6.08 T
18.1265861 2.4709084 6.59 T
18.1984210 -6.7834614 6.68 T
18.3468673 -2.5509810 7.37 T
18.4337623 7.5750226 5.22 T
18.4394198 7.5779328 6.15 T
18.4653932 5.1416967 7.75 T
18.4674785 -4.8477239 7.18 T
18.4810033 -7.6226645 7.65 T
18.5942495 -7.9092008 7.85 T
18.6009556 -7.9210809 5.19 T
18.6211588 -5.0482390 7.55 T
18.6765425 6.9949737 6.14 T
18.7047896 -0.9725160 5.75 T
18.8892610 6.9561854 7.83 T
18.8987896 0.9124681 6.72 T
19.1503100 2.7346969 7.59 T
19.1505734 -2.5007687 5.53 T
19.2474788 -2.2800497 6.60 T
19.2907699 2.0153350 7.36 T
19.3312517 1.8411948 7.71 T
19.3354856 4.6646953 7.95 T
19.3459925 -5.6326756 7.94 T
19.3986249 5.8840973 7.76 T
19.4266604 -7.6593711 6.83 T
19.4495189 3.6143225 5.15 T
1.2658333 -0.5030556 6.29 B
8.8120833 -3.5927778 5.20 B
12.0958333 5.2805556 5.75 B
19.9512500 -0.5088889 5.87 B
20.6450000 -0.4497222 6.49 B
21.6137500 -0.3986111 6.41 B
