90.0741976 -44.0058476 7.34 T
90.2126362 -42.8704220 6.54 T
91.1177691 -45.0350578 6.39 T
91.1664646 -45.0772127 6.02 T
91.3633509 -35.5135241 5.80 T
91.4582816 -43.9366019 7.52 T
91.6641646 -41.2200438 6.99 T
91.6707129 -42.2988123 6.18 T
91.6797731 -49.2215160 7.23 T
91.7482437 -46.2057990 6.88 T
91.7652877 -34.3120202 5.82 T
91.8714981 -35.2245795 7.79 T
91.8782131 -36.3095121 7.80 T
91.8818064 -37.2529212 4.98 T
91.9457625 -44.7291478 6.78 T
91.9701358 -42.1541439 5.49 T
92.1441965 -44.3561665 6.22 T
92.1937065 -43.8121230 7.48 T
92.2606317 -41.1180613 7.46 T
92.3475107 -49.5623680 6.54 T
92.4142707 -41.9802963 7.34 T
92.5431875 -40.3533326 5.74 T
92.6329482 -34.8167765 6.74 T
92.6663621 -45.2819377 6.27 T
93.1214900 -36.5636982 6.86 T
94.1380825 -35.1399672 4.47 T
94.1481505 -39.2645024 6.01 T
94.1874731 -43.6439242 7.34 T
94.2551361 -37.7369215 5.66 T
94.2897966 -37.2536518 5.89 T
94.7727271 -41.0742900 7.73 T
94.9206721 -34.3965901 5.74 T
95.0277848 -48.7427578 6.68 T
95.1509975 -34.1440220 5.49 T
95.2969640 -44.7585274 7.66 T
95.5965986 -45.9602781 6.82 T
95.8043045 -34.9968851 6.52 T
95.9385278 -37.0145608 6.86 T
96.0041163 -36.7074205 5.73 T
96.1008219 -42.8426672 6.74 T
96.1853704 -40.2840101 6.28 T
96.4077555 -35.0392484 7.61 T
96.4268421 -35.6973229 7.86 T
96.4319484 -48.1770196 5.87 T
96.4432649 -40.9755592 7.25 T
96.6818169 -44.0674277 7.69 T
96.7815958 -37.8952393 6.53 T
97.1770468 -41.0747705 6.36 T
97.2166640 -45.7775570 7.63 T
97.6693747 -40.4480511 6.77 T
97.7149718 -35.0002388 7.17 T
97.8045358 -35.2588169 5.91 T
97.9382432 -37.1730306 7.53 T
98.0896855 -37.6971774 5.36 T
98.1525781 -44.2209103 7.32 T
98.2406288 -48.5453379 7.00 T
98.2926546 -38.6253092 6.54 T
98.2992639 -37.8219182 7.29 T
98.4560568 -36.2314138 5.57 T
98.6806492 -34.0091618 7.22 T
98.8507253 -36.7798379 5.86 T
98.8507253 -36.7798379 6.94 T
98.8913742 -36.2597690 7.15 T
98.9747309 -36.0892475 6.41 T
99.2136622 -41.5570958 6.47 T
99.2578156 -38.1462175 6.17 T
99.3076044 -36.9905688 5.72 T
99.3331599 -43.4512486 6.83 T
99.4088433 -49.5277369 7.03 T
99.4167127 -38.6282727 7.88 T
99.4274050 -44.4956281 7.68 T
99.4402939 -43.1959656 3.14 T
99.6568599 -48.2200395 5.14 T
99.6652493 -37.9961428 7.12 T
99.6832947 -45.0644007 7.68 T
99.7003119 -43.8246761 7.54 T
99.9449481 -43.4028425 7.37 T
100.1977068 -47.6214638 6.61 T
100.3090004 -40.3497974 6.12 T
100.3255073 -40.2928730 7.77 T
100.4743326 -39.7876518 7.74 T
100.5680843 -38.3987751 6.59 T
100.6684105 -36.6303590 7.85 T
100.7599006 -37.3698526 7.98 T
100.8472770 -39.1931701 6.31 T
101.2731135 -46.9357675 7.72 T
101.2936718 -47.2226964 7.18 T
101.3055284 -46.8532965 7.45 T
101.5133422 -39.5402185 6.60 T
101.5505645 -37.7752599 6.17 T
101.5567539 -34.2427254 7.07 T
101.8381571 -38.9212112 7.63 T
101.8390963 -37.9297621 5.25 T
101.8446974 -48.5633120 6.96 T
102.0757115 -43.8005216 7.43 T
102.1796245 -43.8014206 7.31 T
102.2050357 -34.9367455 6.90 T
102.3064508 -46.7094850 7.34 T
102.3816120 -45.5667415 7.12 T
102.3896028 -41.4283087 7.07 T
102.4775616 -46.6122266 5.19 T
102.5449999 -33.8856586 7.38 T
102.7181583 -34.3673120 5.15 T
102.8582068 -40.5503257 7.44 T
102.8652177 -49.2934770 7.59 T
102.9081714 -38.2149358 7.88 T
102.9264365 -36.2306451 5.96 T
103.1649991 -42.5044624 6.56 T
103.1964418 -43.9755081 6.45 T
103.2483921 -42.6275452 7.30 T
103.5614654 -34.2227910 7.58 T
104.0666459 -48.7210819 5.14 T
104.0744014 -38.6095759 7.67 T
104.3006385 -36.8867585 7.59 T
104.3230032 -35.5070153 6.28 T
104.3807121 -43.7885722 7.29 T
104.4555742 -42.6065695 7.64 T
104.4872080 -49.1465867 7.37 T
104.5028253 -46.0957438 6.80 T
104.5714194 -35.4191205 7.83 T
104.6044567 -34.1116553 5.04 T
104.6737562 -45.7676286 6.20 T
104.7498367 -47.0233699 7.28 T
105.0984243 -49.1351938 6.66 T
105.1580827 -35.8377990 7.83 T
105.2734808 -40.7948860 7.35 T
105.4448845 -40.8967939 6.87 T
105.4466398 -35.5478712 6.54 T
105.5645326 -43.4038672 6.42 T
105.5858049 -42.6323669 6.98 T
105.6907352 -49.9278977 6.85 T
105.7714070 -40.3572192 7.49 T
105.9727822 -49.5830429 4.94 T
105.9879274 -43.6055808 5.61 T
105.9946380 -43.6089536 6.67 T
106.0115258 -42.3368217 5.22 T
106.3505434 -38.2340048 7.80 T
106.3830066 -34.7772513 6.47 T
106.3864357 -40.6400133 6.83 T
106.4906474 -42.3273459 7.19 T
106.5094883 -38.3827760 6.16 T
106.5861148 -37.7095551 7.50 T
106.5872614 -43.6106843 6.51 T
106.7794027 -40.8932053 5.76 T
107.2126947 -39.6555965 4.79 T
107.2421131 -45.3312345 7.00 T
107.3778244 -35.9907440 7.30 T
107.6649968 -41.2651349 7.57 T
107.6976700 -48.9308647 5.26 T
107.8125703 -39.2697561 7.91 T
107.8211910 -34.3893341 7.79 T
107.8440041 -39.1019062 6.89 T
108.0657274 -40.4988780 5.31 T
108.1074700 -36.5443565 6.03 T
108.1388697 -46.7586420 4.52 T
108.1443500 -36.2339683 7.73 T
108.2205438 -43.8851920 7.26 T
108.3054099 -45.1833096 4.87 T
108.3722261 -38.4910167 7.50 T
108.3856287 -44.6377108 4.77 T
108.4959330 -48.3029200 7.49 T
108.6588823 -48.2719441 4.73 T
108.6916593 -46.8496669 5.70 T
108.6954029 -37.2453789 7.19 T
108.7109403 -41.1686884 7.53 T
108.7381681 -41.4263568 5.92 T
108.7992858 -36.2256006 7.36 T
108.8498610 -42.0879675 6.98 T
108.9791877 -42.1401564 7.57 T
109.0644641 -46.7743099 5.79 T
109.0823471 -50.0483929 7.45 T
109.1326176 -38.3188843 5.78 T
109.2057701 -36.5925957 4.98 T
109.2855734 -37.0974429 2.87 T
109.3570975 -39.0247112 7.35 T
109.3632876 -36.9861311 7.92 T
109.5176178 -43.9868589 5.82 T
109.5765428 -36.7339270 4.66 T
109.6395619 -39.2102087 5.25 T
109.6590238 -36.7427132 5.07 T
109.7324952 -45.2965536 7.22 T
109.7771128 -35.1841532 7.80 T
109.8159430 -49.9772541 7.38 T
109.8629543 -37.5066009 7.80 T
110.3360221 -41.9902108 7.86 T
110.3422453 -48.5269657 6.78 T
110.3459319 -48.5327239 7.74 T
110.5678315 -35.9156565 7.08 T
110.6617783 -44.6177941 7.68 T
110.8316312 -36.3400944 6.71 T
110.9929895 -35.8377340 6.28 T
111.1957785 -37.2894802 6.90 T
111.1971994 -37.2910059 6.85 T
111.2657418 -37.9682216 7.48 T
111.2693930 -43.3873006 7.76 T
111.9281787 -47.4139766 7.58 T
112.0731739 -43.9631650 7.57 T
112.3071114 -43.3002528 3.42 T
112.4388830 -46.6894272 7.41 T
112.4499866 -44.9118594 7.83 T
90.2050000 -51.2163889 5.67 B
91.1183333 -45.0366667 6.35 B
91.1675000 -45.0788889 5.93 B
91.1954167 -48.4586111 6.58 B
91.7579167 -45.0913889 6.51 B
94.6950000 -50.3591667 7.04 B
95.0254167 -48.7411111 6.60 B
96.3745833 -35.0638889 6.25 B
97.4545833 -50.2391667 5.27 B
97.7491667 -40.9163889 6.20 B
97.8958333 -36.9400000 6.34 B
98.6470833 -32.7163889 5.62 B
99.4483333 -32.3397222 5.27 B
99.9870833 -38.1588889 6.58 B
100.2054167 -47.6747222 6.65 B
101.1183333 -31.0705556 5.20 B
101.2600000 -30.5861111 6.54 B
101.3450000 -31.7936111 5.92 B
101.3804167 -30.9488889 5.80 B
102.4604167 -32.5086111 3.96 B
102.5970833 -31.7061111 5.70 B
102.4908333 -45.4500000 6.55 B
102.4775000 -46.6147222 5.14 B
103.6112500 -42.3655556 6.32 B
104.1904167 -35.3416667 6.29 B
105.9887500 -43.6080556 5.54 B
105.9950000 -43.6116667 6.79 B
108.3850000 -44.6397222 5.10 B
