300.3513759 -60.7361114 7.59 T
303.4272971 -61.5500873 7.05 T
303.5270097 -62.4892533 7.25 T
303.6074319 -62.2792376 6.97 T
303.7344978 -56.9770050 7.97 T
304.2326269 -59.6437239 7.86 T
304.4326573 -51.9171675 6.73 T
304.5805147 -51.0870092 7.55 T
304.6776782 -51.5040639 7.72 T
304.6819786 -61.9069876 6.60 T
304.7333569 -47.7107889 6.49 T
304.8261438 -47.5814283 6.18 T
305.1347596 -55.0510751 6.45 T
305.1597667 -58.7295721 7.23 T
305.2230089 -59.0359152 7.87 T
305.2594291 -50.0172998 7.32 T
305.4174874 -50.0009719 6.32 T
305.4217857 -50.7768194 7.96 T
305.6512839 -48.8654242 7.83 T
306.0378974 -54.5432289 7.62 T
306.5200627 -46.6601393 6.75 T
306.7535650 -47.2595270 7.70 T
306.7960536 -48.5929370 7.90 T
307.1089875 -55.1775140 8.00 T
307.2653535 -51.0847614 7.93 T
307.4106002 -46.1514612 7.42 T
307.4422642 -58.7719789 7.88 T
308.3055764 -58.1125233 7.93 T
308.8960947 -60.5829074 4.78 T
309.0196992 -59.6790257 7.69 T
309.3277554 -62.1683021 7.90 T
309.3922762 -47.2910916 3.20 T
309.3979202 -61.5303670 4.90 T
309.4630440 -60.6348911 7.57 T
309.4845194 -57.8738609 7.83 T
309.5498970 -50.6230425 7.91 T
309.7590940 -49.3313380 7.39 T
309.8401707 -61.5356628 7.16 T
310.0149634 -60.5524452 5.18 T
310.0945872 -46.8265659 7.60 T
310.2763789 -55.6055972 7.61 T
310.5065933 -50.2628922 7.73 T
310.5169930 -46.4001694 7.65 T
310.7470085 -50.4788357 7.95 T
311.0112890 -51.9213163 4.53 T
311.2400257 -50.4878911 7.95 T
311.2400257 -50.4878911 7.97 T
311.2864213 -50.5065010 7.48 T
311.5231048 -48.9703558 7.54 T
311.6130594 -50.8056498 6.67 T
311.8165764 -47.1727837 7.38 T
311.8431113 -50.5466041 7.68 T
312.1289771 -57.7057653 7.87 T
312.1298411 -48.6697541 7.79 T
312.2116131 -59.2346215 7.54 T
312.3113119 -48.2243546 7.07 T
312.3162784 -46.6490464 7.94 T
312.3710288 -46.2266656 5.06 T
312.5762872 -48.5726948 7.94 T
312.8752060 -51.6082193 5.17 T
312.9110566 -62.4296080 6.23 T
313.1738232 -53.2737486 7.72 T
313.2700824 -56.2201585 7.80 T
313.2856398 -51.7161867 7.12 T
313.2877897 -46.6179141 7.60 T
313.4361255 -59.7085086 7.54 T
313.6463828 -50.7274578 6.20 T
313.7027544 -58.4543084 3.78 T
313.7059152 -46.6015314 7.57 T
313.7854754 -52.1205337 7.12 T
313.8365989 -53.5893244 7.32 T
314.0401524 -57.5697878 7.78 T
314.0459909 -55.2228673 7.44 T
315.0886352 -51.2644976 5.81 T
315.1810883 -53.7392114 6.45 T
315.3430843 -49.3513276 7.75 T
315.7767208 -52.7685639 7.99 T
315.8810549 -52.8890744 7.63 T
316.0339900 -47.9610096 7.17 T
316.0591390 -50.4354554 6.74 T
316.1340831 -46.2560163 7.12 T
316.1425529 -58.9333371 7.37 T
316.1592360 -51.2738506 7.37 T
316.3095434 -54.7272677 5.30 T
316.5713935 -48.5265503 7.33 T
316.6272859 -54.9563595 7.45 T
316.8521274 -59.9920545 6.84 T
316.9637238 -54.2170216 6.72 T
316.9746531 -48.9404079 6.69 T
317.0047410 -46.4930943 7.04 T
317.3193569 -57.8655643 7.50 T
317.4304495 -50.9106645 7.77 T
317.6024160 -59.4078049 7.00 T
317.6076466 -54.5742089 7.79 T
317.8447190 -52.3390566 7.27 T
317.8931583 -56.5172927 7.06 T
318.1442176 -60.0488966 7.67 T
318.1982537 -51.5137386 7.46 T
318.3727703 -47.5506908 7.06 T
318.3859496 -54.9887519 7.36 T
318.6167428 -59.7092895 7.69 T
318.7363530 -59.3115456 7.83 T
318.7586248 -49.0976053 7.03 T
318.8227281 -58.9300567 7.04 T
318.9216531 -57.6314429 6.58 T
318.9415140 -53.2631895 5.74 T
319.1059456 -54.8561136 7.86 T
319.1903033 -49.9667123 7.96 T
319.3435626 -54.0174948 7.54 T
319.4687438 -48.7188211 6.67 T
319.5982732 -46.2479406 7.88 T
319.6141541 -47.0026336 7.14 T
319.6909924 -61.3554665 6.67 T
319.8034999 -49.6115195 7.09 T
319.8355395 -47.0548250 6.77 T
319.8512629 -49.3985640 7.84 T
319.9525917 -50.2753583 7.89 T
320.1615189 -57.8487073 7.83 T
320.3191344 -49.9392429 6.53 T
320.3470752 -51.7531838 6.83 T
320.4990507 -50.1832987 7.62 T
320.5183993 -51.8754706 7.20 T
320.5490554 -51.1247368 7.54 T
320.5970442 -59.8641971 7.72 T
320.6496587 -55.7837597 7.54 T
320.6887028 -48.4583880 7.07 T
320.7162073 -57.7677054 7.65 T
320.7614131 -51.9426190 7.96 T
320.9179323 -55.5438461 7.52 T
321.0872613 -46.6148032 6.32 T
321.1914695 -57.2574866 7.21 T
321.4247717 -46.7225770 7.48 T
321.5643440 -54.6602144 6.12 T
321.9470531 -59.3637430 7.89 T
322.0443444 -52.3024236 6.92 T
322.2513337 -53.7060893 6.51 T
322.3109236 -50.3169980 7.39 T
322.4278183 -50.3422546 7.56 T
322.5211798 -52.1351667 7.74 T
322.6046831 -60.2071659 7.81 T
322.7017499 -62.1680991 7.22 T
323.2479855 -59.7001609 7.72 T
323.3232701 -52.7378534 6.58 T
323.5057922 -46.6110139 7.03 T
323.7190100 -51.8275883 6.82 T
323.9185296 -59.6933510 7.91 T
324.1760536 -50.8466084 7.24 T
324.9203014 -51.5727276 7.73 T
324.9599677 -50.4920136 7.87 T
324.9986266 -52.3589777 6.27 T
325.0230176 -57.4424331 7.20 T
325.1406501 -55.7379312 6.45 T
325.1793390 -48.7164749 7.69 T
325.2664980 -57.7382041 7.96 T
325.5920083 -50.0935816 7.70 T
325.9431366 -57.3686974 7.47 T
325.9529785 -53.9771567 7.99 T
325.9779877 -54.4999847 7.30 T
325.9946257 -57.3255673 6.54 T
326.0002709 -57.2833894 6.90 T
326.0062038 -55.0570075 7.84 T
326.0610439 -62.1143492 7.13 T
326.0755237 -55.4732082 7.08 T
326.5829593 -62.5500245 7.04 T
326.7756763 -62.2156816 7.97 T
328.0411014 -62.0529237 7.28 T
328.7980685 -61.8871603 5.96 T
329.0412769 -60.2294577 7.98 T
329.2365128 -61.8464335 7.22 T
329.7893261 -60.6080377 7.79 T
329.9661260 -60.7650019 7.70 T
330.9280892 -60.4374459 7.94 T
301.8962500 -55.0163889 6.26 B
303.5791667 -52.4455556 5.65 B
306.4120833 -56.7350000 1.94 B
309.9641667 -62.9077778 6.22 B
310.0108333 -60.5488889 5.12 B
311.0095833 -51.9211111 4.51 B
315.5525000 -43.0019444 6.64 B
317.1370833 -63.9288889 5.76 B
319.9666667 -53.4497222 4.39 B
320.3183333 -49.9377778 6.38 B
