210.0716178 -61.4812323 6.51 T
210.4741511 -60.2578407 7.23 T
211.9858701 -61.5089693 7.96 T
212.6831487 -62.4790151 7.65 T
212.9499227 -62.0263654 7.72 T
213.4157313 -54.6256985 6.12 T
213.7377942 -57.0862574 5.03 T
213.7566219 -61.7068116 6.88 T
214.1329798 -57.2975833 7.27 T
214.2377938 -57.8544884 7.52 T
214.3562996 -55.7651547 6.65 T
214.7123087 -58.6865003 7.28 T
214.7875995 -55.8823003 7.31 T
214.8775085 -46.1001866 7.10 T
214.8897833 -59.7526848 7.97 T
214.9624477 -61.2735213 5.24 T
215.0813138 -56.3865383 4.35 T
215.1447001 -58.5159731 7.80 T
215.1773278 -52.3261072 7.37 T
215.2296662 -49.3666599 7.55 T
215.5125244 -58.2912227 7.44 T
215.6540164 -58.4589889 5.03 T
215.6612831 -48.3198801 6.09 T
215.6797771 -55.4312124 7.23 T
215.8139210 -47.4169766 6.53 T
215.8342604 -50.7722261 6.27 T
215.9518242 -53.1763409 6.12 T
216.1345851 -61.3894550 7.71 T
216.1539854 -47.1778714 7.45 T
216.3456089 -55.0183865 6.95 T
216.7992596 -46.1347282 5.85 T
216.8729458 -61.9969593 7.60 T
216.8777836 -47.0991488 7.64 T
216.8897826 -46.2136521 7.21 T
216.9141423 -46.2019360 7.66 T
217.1811573 -59.1975943 6.48 T
217.2160756 -47.9922207 6.37 T
217.2521465 -56.1368696 6.95 T
217.4929221 -56.1313520 6.99 T
217.5868386 -49.5192831 5.38 T
217.8255034 -47.0722246 7.27 T
218.1207567 -51.9707585 7.27 T
218.1288115 -55.4637972 7.41 T
218.1377493 -56.8877521 6.90 T
218.1541063 -50.4572694 4.39 T
218.3748482 -52.6796241 6.00 T
218.3839164 -54.9986380 5.91 T
218.4031248 -58.8208370 7.73 T
218.6391756 -46.3049257 7.60 T
218.7945102 -46.4620119 6.89 T
218.8206836 -60.0158085 6.53 T
218.8887092 -61.0083197 7.60 T
218.9579602 -46.8158436 6.88 T
219.0790367 -46.2453461 5.70 T
219.2998446 -62.0109102 6.88 T
219.3338497 -46.1334755 5.55 T
219.4715159 -49.4260245 4.01 T
219.4785382 -48.0236256 6.63 T
219.5734654 -49.9012008 6.51 T
219.7471540 -59.1417499 6.59 T
219.7934197 -46.5858139 6.11 T
219.8501352 -49.0561009 6.43 T
220.1363702 -56.4408095 6.43 T
220.4837680 -58.6160738 6.26 T
220.5101763 -46.2979803 7.34 T
220.5234153 -58.3596549 7.72 T
220.6308758 -54.5990860 7.57 T
220.7162497 -58.0866202 7.38 T
220.7690349 -62.2074421 7.43 T
220.8138384 -47.5705228 6.88 T
220.8549712 -54.8516610 7.56 T
221.2301460 -58.4777406 6.21 T
221.2955611 -55.6016919 6.08 T
221.6204458 -47.4412199 5.73 T
221.6686511 -57.2354017 7.95 T
221.7552206 -52.3840299 5.33 T
221.8024025 -52.2052971 6.08 T
221.8025901 -57.6773916 7.72 T
222.0528872 -56.0088563 7.89 T
222.2446383 -58.1192856 7.18 T
222.2781837 -56.6685702 6.34 T
222.4465693 -52.7449219 7.18 T
222.4691096 -57.3466049 7.80 T
222.5042923 -62.3307899 7.40 T
222.5759300 -52.3853804 7.78 T
222.7113625 -53.3684996 6.56 T
222.8829171 -60.9300728 7.21 T
222.9939406 -60.3348306 7.91 T
223.7378900 -48.6968345 7.89 T
223.7728378 -61.8741753 6.98 T
223.8924233 -60.1148606 5.31 T
223.9914758 -60.9059752 6.80 T
224.0721830 -52.8095080 5.40 T
224.1331631 -47.8793046 5.98 T
224.1331631 -47.8793046 6.82 T
224.1434658 -46.9504010 7.16 T
224.1595749 -62.3644429 6.38 T
224.1851281 -50.5885182 7.67 T
224.2757796 -55.9129078 7.49 T
224.4230579 -49.8713216 7.81 T
224.5365216 -48.8650381 6.43 T
224.7574428 -48.2348347 7.56 T
224.7940588 -48.8265994 7.27 T
224.8302615 -51.5762093 6.77 T
224.9575907 -46.1602886 7.14 T
224.9774333 -46.2480688 7.15 T
225.0260069 -55.5082994 7.72 T
225.1875339 -59.8120351 7.37 T
225.4098222 -56.2602069 6.88 T
226.0346564 -52.2132737 7.97 T
226.0990799 -56.9170138 7.38 T
226.1241847 -57.6984779 7.37 T
226.2796330 -47.0513594 4.56 T
226.2796330 -47.0513594 4.60 T
226.5100490 -48.8834609 6.45 T
226.7331760 -52.0298579 6.37 T
226.8583252 -49.0885648 5.87 T
226.8643600 -48.2983413 7.58 T
226.9839864 -61.1287138 6.55 T
227.1884015 -61.6338118 6.81 T
227.2637338 -61.8876489 6.97 T
227.6840062 -61.4224025 6.36 T
227.8165631 -55.3460838 5.58 T
227.9827260 -48.7381338 3.83 T
227.9892952 -48.7439826 5.52 T
228.0398320 -52.1068405 6.74 T
228.0700844 -52.0996959 3.50 T
228.1297774 -48.2192566 6.46 T
228.2055204 -52.0292178 7.65 T
228.4965550 -61.3430868 6.72 T
228.4965550 -61.3430868 7.68 T
228.6144792 -47.0381360 7.25 T
228.9736603 -48.0737108 5.98 T
229.0711079 -48.0446834 7.06 T
229.0881517 -62.3634559 7.55 T
229.1529009 -60.9040423 5.79 T
229.2151901 -47.8646635 6.56 T
229.2278397 -46.2025278 6.50 T
229.2370100 -60.9572784 5.07 T
229.5408570 -47.8998299 7.04 T
229.6330754 -47.8754582 4.93 T
229.6330754 -47.8754582 4.99 T
229.6405045 -47.8794748 6.34 T
229.7046988 -60.4963610 5.42 T
229.7893217 -60.1337294 7.39 T
229.8417115 -60.3752442 7.86 T
229.9751954 -60.5613400 7.95 T
230.1354804 -59.5438034 7.31 T
230.1783013 -56.1326693 6.82 T
230.2704169 -47.7604330 6.81 T
230.3021839 -54.2919739 7.41 T
230.4353986 -48.3193482 5.72 T
230.5331341 -47.9286201 5.05 T
230.5576495 -53.6049260 7.29 T
230.6523143 -59.1667708 7.60 T
230.7927372 -60.6573350 5.71 T
230.8538206 -46.1404831 6.59 T
231.1497010 -48.5821195 7.55 T
231.4371520 -53.0579393 6.69 T
231.4374472 -57.0142741 7.47 T
231.8062216 -49.4546975 7.43 T
232.1133423 -51.5979681 6.21 T
232.3510577 -46.7327331 5.44 T
232.3866278 -58.3518230 7.03 T
232.4931355 -52.3028925 6.69 T
232.6244273 -52.9829757 7.41 T
232.7452497 -47.9204538 6.94 T
232.7637510 -52.6480219 7.42 T
233.1798387 -57.4079854 7.53 T
233.3620212 -61.2736223 6.72 T
233.3881292 -47.5382321 7.17 T
233.4711162 -62.0831645 7.82 T
233.5599887 -60.8081676 7.18 T
233.8301416 -49.6698407 7.31 T
233.8614639 -57.4173398 7.95 T
233.8976372 -58.8662328 7.99 T
234.1123946 -57.0143989 7.88 T
234.3261188 -54.4695783 7.95 T
234.5088990 -54.5221321 6.99 T
234.6048070 -53.3051715 7.76 T
234.7057851 -52.3728911 5.42 T
234.9840913 -59.9096682 6.00 T
235.3775815 -53.3913181 6.91 T
235.6550779 -49.4896863 6.16 T
235.8158912 -51.1137605 7.86 T
235.9181196 -57.4520596 7.29 T
235.9802950 -60.2872539 6.59 T
236.0150313 -51.9047842 7.21 T
236.0431111 -50.2158842 6.86 T
236.0674653 -56.1654968 7.06 T
236.1996242 -55.1011650 7.55 T
236.2475734 -50.7856321 6.61 T
236.2504537 -59.1239959 7.58 T
236.2719750 -61.2984880 7.14 T
237.2356289 -60.3672338 6.70 T
238.3455328 -62.6066549 6.37 T
238.7194208 -60.7436995 6.35 T
238.8839626 -60.1780653 5.91 T
239.0093392 -60.0614158 7.98 T
239.0241904 -60.4829653 5.76 T
211.4437500 -54.6694444 6.17 B
212.4783333 -53.4391667 4.75 B
213.3183333 -53.6658333 5.56 B
213.8383333 -53.5097222 6.39 B
219.8529167 -49.0555556 6.39 B
219.8995833 -60.8352778 -0.01 B
220.4820833 -58.6161111 6.22 B
220.4825000 -47.3883333 2.30 B
221.3220833 -62.8758333 5.36 B
223.1458333 -63.8100000 5.87 B
223.8941667 -60.1141667 5.20 B
224.1833333 -62.7808333 5.11 B
224.2558333 -51.4469444 6.64 B
224.5366667 -48.8630556 6.35 B
224.6329167 -43.1338889 2.68 B
224.7904167 -42.1041667 3.13 B
224.8629167 -43.1600000 6.10 B
226.2008333 -64.0316667 5.17 B
226.9866667 -65.2755556 6.17 B
227.3562500 -63.6427778 6.28 B
227.2108333 -45.2797222 4.05 B
227.6858333 -61.4225000 6.30 B
227.8954167 -45.2775000 6.44 B
227.8829167 -45.2794444 7.39 B
228.2541667 -61.7438889 6.32 B
229.4120833 -63.6105556 4.86 B
229.3783333 -58.8011111 4.07 B
230.5345833 -47.9277778 5.00 B
230.4508333 -48.3177778 5.65 B
230.8445833 -59.3208333 4.51 B
237.5287500 -53.2094444 5.77 B
237.7783333 -55.0558333 5.73 B
