305.0607610 -34.5856560 6.70 T
305.2165224 -35.6735505 6.61 T
305.3004720 -32.7397390 7.71 T
305.4300522 -36.6103639 7.54 T
305.7516474 -35.3775024 7.04 T
305.8890508 -26.7350597 7.60 T
305.9358720 -35.1293104 7.68 T
306.0815481 -23.4759140 7.78 T
306.1548864 -25.8339273 7.17 T
306.1779994 -29.0781820 7.09 T
306.3618690 -28.6632432 5.98 T
306.4527181 -26.5565344 7.58 T
306.6082974 -32.3288909 7.51 T
306.6364421 -29.0741914 7.28 T
306.6650170 -30.6759978 7.84 T
306.7187320 -37.4036634 6.58 T
306.8689288 -28.8141020 7.62 T
306.9342488 -30.8710810 6.70 T
307.0055355 -25.6063083 6.81 T
307.0245943 -29.3741431 7.45 T
307.1223270 -24.1638931 7.18 T
307.1369640 -34.4098320 6.89 T
307.1841592 -23.9841936 6.97 T
307.1947715 -35.5960081 6.06 T
307.3806482 -22.3917582 6.32 T
307.7368021 -29.1126908 6.37 T
307.9420302 -28.0735252 7.84 T
308.0553265 -22.1548034 7.77 T
308.1769212 -28.5955182 7.31 T
308.1789288 -31.3824361 7.81 T
308.2182126 -24.9441010 6.34 T
308.3783525 -22.2322958 7.54 T
308.4560203 -29.2926164 7.04 T
308.6958110 -33.9218996 7.90 T
308.6975784 -30.4736053 6.39 T
308.7313046 -38.0899719 6.46 T
308.9542910 -24.3733930 7.77 T
308.9776411 -26.7732830 7.24 T
309.4309158 -22.4427930 7.46 T
309.4681141 -25.1093088 6.42 T
309.4733731 -33.4436473 7.95 T
309.5207132 -24.2290385 6.91 T
309.6925897 -33.6784272 7.51 T
309.9688138 -36.0338665 7.24 T
309.9831886 -27.7174814 7.66 T
310.0523967 -23.7709876 6.44 T
310.0798110 -35.7991094 7.50 T
310.0827837 -33.4316252 5.59 T
310.0942934 -24.1198348 7.27 T
310.1471524 -27.5865861 7.76 T
310.1496600 -26.6453133 6.57 T
310.2183897 -28.5493234 6.81 T
310.3493804 -31.5986601 5.93 T
310.3511468 -26.0000746 6.43 T
310.3891164 -27.9949590 7.61 T
310.4448699 -28.7616464 7.60 T
310.8163584 -29.4251798 7.03 T
310.8600886 -22.4540177 7.32 T
311.1476755 -28.2047817 7.26 T
311.1706756 -35.8275283 7.04 T
311.2987196 -35.1665523 6.90 T
311.3046544 -27.2472380 6.60 T
311.3493114 -30.4783634 6.83 T
311.5409635 -21.7475410 7.96 T
311.5694622 -23.7240560 7.54 T
311.5778437 -36.1204721 6.53 T
311.6141604 -26.8688065 7.05 T
311.6256308 -22.1642482 7.49 T
311.6322195 -24.9144919 7.91 T
311.6877645 -27.1829341 7.91 T
311.8191331 -27.6985004 7.95 T
311.8336549 -26.4151686 7.43 T
311.9702693 -27.7500393 7.70 T
312.0911058 -22.7418123 7.37 T
312.3234715 -25.7813528 5.84 T
312.4920943 -33.7798443 5.00 T
312.5210816 -27.3679165 7.25 T
312.6250356 -24.9835077 6.90 T
312.6630093 -31.7259811 7.47 T
312.6963994 -32.0550055 6.59 T
312.7531091 -37.9134402 5.66 T
312.8900282 -27.2449316 6.80 T
312.9013364 -27.9952416 6.87 T
312.9109183 -29.4426632 7.19 T
312.9186276 -29.7809964 7.37 T
312.9553214 -26.9191486 4.29 T
312.9948944 -33.1780073 6.06 T
313.2554478 -23.7836227 6.57 T
313.2965331 -31.5154849 7.43 T
313.3101988 -36.5143632 7.42 T
313.3542532 -30.7190710 6.47 T
313.4162889 -36.1963217 7.30 T
313.4825291 -26.3204144 7.79 T
313.5047773 -24.2807545 7.39 T
313.5273084 -27.9253454 6.61 T
313.9771813 -31.5057132 7.92 T
314.1978717 -26.2967735 5.75 T
314.2173094 -33.9984041 7.42 T
314.3215048 -23.8460205 7.68 T
314.8553919 -30.5110429 7.46 T
314.8721701 -33.6175240 7.45 T
314.9995176 -36.1300125 6.14 T
315.0532025 -34.2343830 7.20 T
315.1689139 -35.2922736 6.86 T
315.2218236 -36.0535721 6.76 T
315.2638829 -29.7288987 7.10 T
315.3043224 -35.1844861 7.73 T
315.3227230 -32.2577486 4.75 T
315.3577902 -32.8956057 6.88 T
315.3868638 -27.8032865 7.78 T
315.4387743 -26.8811455 6.05 T
315.4610699 -36.5741978 7.27 T
315.7354619 -29.1103589 7.02 T
315.7927150 -27.7318235 6.36 T
315.8244319 -25.0741745 7.71 T
315.9511891 -24.3223916 7.90 T
316.2701280 -32.8261943 7.81 T
316.2862707 -37.2319777 7.12 T
316.2977285 -32.3444806 7.99 T
316.4953711 -36.2595471 7.87 T
316.5050386 -30.1255527 5.80 T
316.5889265 -37.5876243 7.70 T
316.5999819 -34.6288298 6.92 T
316.6027954 -32.3415743 5.32 T
316.7143548 -23.2154976 7.59 T
316.7662598 -23.1486592 7.13 T
316.7817687 -25.0061240 4.69 T
316.8449434 -27.2917725 7.30 T
316.9391781 -31.0561570 7.29 T
316.9832897 -22.3354854 7.84 T
317.1721772 -37.2427146 6.89 T
317.2436710 -28.4784678 7.09 T
317.3004398 -23.6267783 7.21 T
317.3257581 -37.9330551 6.96 T
317.3432395 -36.7066956 6.52 T
317.5248733 -29.7210854 6.83 T
317.5872468 -32.8501643 7.34 T
317.6278476 -22.4773136 7.51 T
318.0112508 -24.1214169 7.98 T
318.0306535 -30.5894635 7.37 T
318.1953086 -35.7630975 7.58 T
318.3228856 -27.6200850 5.55 T
318.3292794 -36.4235103 6.06 T
318.3550588 -22.7619635 7.57 T
318.5076998 -22.2121808 6.97 T
318.5091681 -29.6637705 7.43 T
318.7593849 -30.9834583 7.53 T
318.7634495 -21.8154056 7.34 T
318.9451815 -36.2107604 6.28 T
319.0371310 -31.8149867 7.46 T
319.3569276 -30.7457142 6.97 T
319.4849338 -32.1726937 4.72 T
319.7242567 -28.7662472 6.50 T
319.7628454 -32.3563019 7.11 T
319.9361733 -26.3550713 6.73 T
319.9643519 -27.2091587 7.05 T
320.1747680 -22.3868358 7.94 T
320.2213969 -30.9552912 7.70 T
320.4546746 -29.1662091 6.67 T
320.6691462 -34.9126873 7.54 T
320.6691803 -29.4350369 7.49 T
320.7523177 -22.6690565 5.80 T
320.7794559 -30.8113085 7.88 T
320.8923424 -37.7287269 7.75 T
320.9833056 -25.2026305 6.60 T
321.0329049 -22.7471417 6.49 T
321.0625995 -23.6338489 7.45 T
321.0626065 -25.5613082 7.96 T
321.0868247 -24.4226644 6.76 T
321.0953876 -23.2904721 7.51 T
321.1658324 -34.9676458 7.18 T
321.3158020 -34.8572215 6.96 T
321.4521451 -25.2378336 7.70 T
321.4524159 -23.8221826 6.61 T
321.5299331 -24.4843427 7.32 T
321.5966258 -37.8294926 5.75 T
321.8886304 -27.7290136 7.65 T
321.9167671 -31.7954685 7.94 T
322.1718099 -25.6440560 7.84 T
322.1817387 -21.8072167 4.60 T
322.2657071 -31.2386255 6.52 T
322.3795381 -38.0861533 7.50 T
322.4564634 -37.6930795 7.30 T
322.6842943 -25.7096352 7.30 T
322.7403190 -36.5469011 7.69 T
322.9163291 -25.3011834 7.95 T
322.9563061 -31.5476918 7.95 T
322.9640267 -25.4127674 7.25 T
323.0606578 -33.9446457 5.97 T
323.1390637 -24.5903770 6.45 T
323.3805081 -27.8906554 7.71 T
323.6667784 -36.6470570 7.00 T
323.7209297 -29.6962161 6.40 T
323.8073200 -34.3304094 6.91 T
323.8170068 -23.4544050 6.51 T
324.0464772 -26.1716755 5.75 T
324.2038924 -33.0479212 6.13 T
324.2427009 -35.8842189 7.40 T
324.2509542 -28.6090010 7.74 T
324.7760071 -33.6791140 6.38 T
303.9608333 -30.0052778 6.30 B
305.1170833 -29.1972222 6.30 B
311.5237500 -25.2708333 4.14 B
313.4175000 -39.8100000 5.35 B
315.6133333 -38.5305556 5.94 B
315.7416667 -38.6316667 5.30 B
319.7266667 -28.7655556 6.40 B
319.9408333 -26.3530556 6.56 B
