69.7334746 -25.7062078 7.42 T
69.9043413 -21.2474349 7.33 T
70.0278647 -24.4822508 5.67 T
70.1106102 -19.6720662 4.53 T
70.3915938 -14.6880080 7.46 T
70.4250817 -12.4756890 6.66 T
70.6321786 -20.9731324 7.82 T
70.7452874 -24.3009467 7.54 T
70.8220098 -23.6284285 7.16 T
70.9458237 -20.3517963 7.58 T
71.0335939 -18.6666880 5.53 T
71.0638486 -27.5780329 6.91 T
71.1412611 -16.0648505 7.60 T
71.2674455 -21.2834849 5.87 T
71.5202176 -25.1588376 7.56 T
71.5275480 -12.9753044 7.99 T
71.5395730 -11.5611654 7.66 T
71.7066029 -26.3024992 7.91 T
71.7095731 -18.3994534 7.94 T
71.7385665 -21.2113146 7.21 T
71.9020658 -16.9333929 5.56 T
72.1356119 -16.3292369 5.82 T
72.1620971 -16.1663135 7.42 T
72.2088358 -23.2802246 7.89 T
72.4252358 -13.7707500 6.32 T
72.5283568 -15.8045045 6.84 T
72.5486950 -16.2168257 5.14 T
72.7816052 -25.3099214 7.17 T
73.1021958 -13.2704669 7.84 T
73.1727996 -25.7754081 7.86 T
73.3008189 -20.7721569 7.04 T
73.7784751 -16.7407162 5.79 T
73.8277717 -16.4174735 5.81 T
73.8758523 -25.7276166 6.72 T
73.9094811 -23.2410595 7.55 T
73.9941580 -14.8736877 7.68 T
74.0525378 -17.7363183 7.47 T
74.1094800 -15.3806768 7.68 T
74.1996134 -16.1351198 7.45 T
74.4359259 -13.7049972 7.58 T
74.4361830 -14.2320139 6.11 T
74.5179215 -22.0195528 7.52 T
74.5435536 -16.7801382 6.68 T
74.6512401 -14.7840297 7.40 T
74.7547821 -16.3751383 5.75 T
74.9824945 -12.5379618 4.80 T
74.9911528 -25.0542944 7.45 T
75.1685596 -13.5036525 7.49 T
75.2625351 -11.2080687 7.33 T
75.3263554 -23.7074781 7.53 T
75.3568310 -20.0520161 4.88 T
75.4736504 -19.6627976 7.73 T
75.5415177 -26.2755082 5.12 T
75.6878249 -22.7949631 5.87 T
75.9671991 -14.3702191 6.38 T
75.9721275 -24.3884035 5.60 T
75.9860311 -14.5562024 6.84 T
76.1549926 -17.8850508 7.81 T
76.1580176 -12.9281193 7.40 T
76.1986695 -11.7003783 7.27 T
76.2075835 -20.2452750 7.29 T
76.3175516 -26.1527803 5.83 T
76.3220489 -21.2586158 7.79 T
76.3654165 -22.3714907 3.33 T
76.5923410 -14.6965416 7.10 T
76.6532159 -13.1225356 6.03 T
76.7861546 -17.3009415 7.09 T
76.7903954 -19.3901372 6.54 T
76.8548817 -12.4919517 6.03 T
76.9265269 -17.2892195 7.33 T
76.9573840 -12.5932382 6.53 T
77.0016698 -20.1216633 7.44 T
77.0552376 -15.0953315 6.49 T
77.2154444 -22.6347435 7.99 T
77.3551501 -23.1187091 7.35 T
77.4303205 -22.4940479 7.27 T
77.6420841 -11.6486582 7.12 T
77.6811292 -20.7484144 7.61 T
77.6857950 -25.9103100 6.54 T
77.8455075 -11.8487424 5.87 T
78.0747796 -11.8693765 4.44 T
78.1506330 -14.9509196 7.40 T
78.3077445 -12.9413037 4.43 T
78.3552001 -18.5588335 7.82 T
78.3868665 -17.1065236 7.48 T
78.4998471 -14.6068802 6.25 T
78.5189588 -21.6498570 7.43 T
78.5848870 -15.8280222 7.50 T
78.6277382 -26.2090757 7.06 T
78.6567961 -26.9608944 7.37 T
78.8516307 -26.9436923 5.04 T
78.8517208 -19.0606934 7.99 T
78.9328246 -22.8943086 6.77 T
79.0033103 -14.5055994 7.86 T
79.0439935 -11.3525311 6.54 T
79.1063248 -23.0587857 7.28 T
79.1272223 -21.0999476 7.82 T
79.1346455 -11.2618539 7.27 T
79.1475377 -25.3318789 7.82 T
79.2011268 -17.1423239 6.52 T
79.3429833 -17.7748061 6.79 T
79.3979308 -15.2195686 6.96 T
79.4176278 -13.5201269 5.59 T
79.5794486 -21.8243896 7.97 T
79.6937053 -17.5727783 7.88 T
79.7128366 -18.1296564 6.02 T
79.8226750 -18.5198543 6.31 T
79.8263336 -18.5094964 6.47 T
79.8486623 -27.3689357 5.97 T
79.8938464 -13.1768042 4.24 T
79.9434373 -25.9271102 7.16 T
79.9958517 -12.3155744 5.27 T
80.2297500 -21.0398926 7.61 T
80.2311317 -19.6871113 7.51 T
80.3038108 -14.1522732 7.75 T
80.3261357 -15.1508129 7.55 T
80.3403696 -14.5553866 7.29 T
80.4424197 -24.7730532 5.44 T
80.4624636 -13.7556450 6.60 T
80.4804865 -17.6035854 6.61 T
80.6470545 -19.8783577 7.89 T
80.8001633 -26.7052811 6.55 T
80.8756810 -13.9273791 5.19 T
80.9089523 -22.3083118 7.45 T
81.1189181 -16.9758720 5.63 T
81.2500132 -19.3739260 7.02 T
81.3339361 -12.5543056 6.67 T
81.4126472 -13.1327464 7.32 T
81.4940339 -19.6900435 7.30 T
81.4992694 -19.6955252 5.87 T
81.6004648 -20.7151015 7.71 T
81.6096922 -14.0494215 7.78 T
81.6632380 -13.8594603 7.12 T
81.7699611 -11.9012773 6.36 T
81.7916117 -16.5245243 7.40 T
81.8534237 -26.5852129 7.25 T
81.8858345 -13.5796070 7.27 T
81.9022088 -21.3755065 6.18 T
81.9359372 -25.6367974 7.51 T
81.9868583 -18.0039085 7.65 T
82.0866806 -22.4330001 6.84 T
82.1986779 -24.2612347 7.36 T
82.3792011 -21.0396716 7.51 T
82.7818171 -20.8639268 5.53 T
82.9814759 -16.6778980 7.09 T
83.0211745 -23.4297510 7.79 T
83.1744320 -16.3189027 6.86 T
83.3765840 -24.3390669 7.79 T
83.5572749 -18.3385523 7.75 T
83.8607160 -15.7378900 6.79 T
84.2866858 -11.7756584 6.10 T
84.3069765 -24.4021895 7.73 T
84.4226395 -26.7179215 7.54 T
84.5287396 -27.2107574 6.70 T
84.6584873 -16.9199400 7.66 T
84.6692138 -12.9425083 7.91 T
84.6927493 -17.0708917 7.97 T
84.8175767 -17.8494321 6.42 T
84.8508582 -25.2429842 7.83 T
84.8545706 -11.2101940 7.95 T
84.9361005 -20.4350342 6.87 T
84.9389417 -20.4368401 7.94 T
85.0244565 -23.7240487 7.28 T
85.0717378 -19.2283851 7.76 T
85.1060769 -22.6484424 7.89 T
85.2279086 -11.2003541 6.99 T
85.2474923 -21.5438395 7.84 T
85.3192463 -26.3466103 7.60 T
85.3961210 -15.3376795 7.12 T
85.4229234 -16.7257890 6.18 T
85.4601326 -12.3108594 7.18 T
85.4752670 -15.6312914 7.43 T
85.5365687 -12.9902999 7.49 T
85.5581642 -22.3736558 5.88 T
85.5602291 -17.5303622 6.30 T
85.5833854 -27.7075063 7.88 T
85.6355508 -11.6444005 7.12 T
85.8404272 -18.5575577 5.72 T
85.9437989 -21.4287161 6.80 T
85.9499395 -19.6517490 7.44 T
85.9712907 -21.2796531 7.18 T
86.0174467 -18.2887525 7.36 T
86.0263152 -19.5711679 7.74 T
86.0274523 -14.5119710 7.94 T
86.0515809 -27.5451543 7.81 T
86.1085115 -22.4240374 6.28 T
86.1181922 -20.1263390 6.41 T
86.1633592 -12.7766911 7.89 T
86.2111403 -21.6592445 6.74 T
86.4780298 -23.1405336 7.18 T
86.5582722 -23.6442514 6.82 T
86.6286809 -12.7287643 7.96 T
86.7824625 -16.2381382 6.26 T
86.8415444 -27.1345989 7.22 T
86.8640799 -15.2521642 7.25 T
87.0833633 -24.4640976 7.87 T
87.1142907 -13.3583507 7.49 T
87.1652941 -14.3143739 6.83 T
87.3021339 -19.3998324 7.32 T
87.4728253 -22.9717561 5.87 T
68.7520833 -19.9205556 6.13 B
74.9020833 -14.8058333 7.71 B
78.2329167 -16.2055556 3.31 B
79.7100000 -18.1300000 5.96 B
80.1120833 -21.2394444 4.71 B
82.0612500 -20.7594444 2.84 B
83.1825000 -17.8222222 2.58 B
86.1104167 -22.4216667 6.15 B
86.1158333 -22.4483333 3.60 B
87.8304167 -20.8791667 3.81 B
88.4891667 -19.6383333 6.69 B
