120.3367528 59.0475897 5.82 T
120.4264843 60.3242306 6.03 T
120.5691323 60.9936242 6.90 T
120.6486567 57.2732495 6.56 T
121.1499979 53.6784506 7.07 T
121.1538822 54.7460130 7.90 T
121.1991128 55.4849483 7.82 T
121.2923484 57.7724000 7.11 T
121.5105447 59.2488222 6.70 T
121.8559847 55.3012950 7.31 T
121.8750520 53.5567044 7.84 T
122.3700293 55.2556584 6.86 T
122.5154821 58.2477817 6.06 T
122.5522085 55.8039434 7.61 T
122.7906228 53.2446250 6.85 T
122.8258570 54.5396531 6.59 T
123.3403123 56.5275068 6.88 T
123.4588121 56.4520491 5.96 T
123.8350233 60.0168538 7.39 T
123.9602559 60.3806480 6.51 T
124.0226901 57.0927529 7.58 T
124.0409850 46.8021478 7.01 T
124.0604639 52.3422122 7.79 T
124.2420385 59.1892849 6.71 T
124.4600092 59.5711441 5.65 T
124.5655519 54.1435201 6.43 T
124.6203424 54.5637285 6.63 T
124.6455037 47.0337594 7.48 T
124.7457198 56.2546595 7.00 T
124.8212493 62.5072244 5.82 T
125.0302332 53.1974817 7.36 T
125.1092446 57.7433682 5.92 T
125.1205390 53.5734016 6.53 T
125.6837571 60.6312203 6.52 T
125.8156384 54.5997253 7.85 T
125.9517866 53.2191062 5.52 T
125.9530219 57.4174552 7.61 T
126.0506763 62.3003974 7.68 T
126.2892318 53.9316366 7.40 T
126.7476877 53.6287937 7.89 T
126.9801007 53.4571303 7.47 T
127.0294220 46.2485905 7.10 T
127.0784225 56.6008348 7.78 T
127.0855833 49.6870429 7.44 T
127.2166581 53.8618183 7.18 T
127.2312191 56.6669913 7.17 T
127.6421427 54.1190882 6.75 T
127.6733349 46.7496773 7.53 T
127.7801204 59.9123312 7.22 T
127.7908951 54.9598316 7.63 T
127.9785051 50.6145649 7.49 T
128.1394532 53.1143760 6.34 T
128.2719776 55.3543475 7.77 T
128.4793099 58.6070539 6.87 T
128.6241313 47.1396480 6.67 T
128.7224884 48.5335602 6.76 T
128.8062226 52.2001631 7.67 T
128.8865144 49.2577822 7.90 T
129.1701869 49.3762694 7.31 T
129.3573140 55.9857218 7.67 T
129.3724427 47.1198006 7.66 T
129.4306591 52.0302173 7.88 T
129.5916380 53.4014597 5.75 T
129.7492392 52.9248868 6.47 T
129.7915940 59.9388410 6.47 T
129.8231300 52.7114316 6.02 T
130.0920801 59.5851811 7.90 T
130.0942931 51.7512123 7.82 T
130.1788624 51.4310259 6.95 T
130.3105211 47.4802636 7.63 T
130.3531436 59.0706185 7.16 T
130.4756695 62.2104442 7.79 T
130.5256225 59.0293057 7.94 T
130.7337049 48.1919030 7.94 T
130.7502181 46.9004772 6.31 T
130.7583212 60.9298641 7.40 T
130.8530783 48.8637255 7.87 T
130.8552138 48.8613134 7.72 T
131.4454662 48.8788247 7.48 T
131.5047830 57.4351330 8.00 T
132.5306758 61.8334735 7.90 T
133.2749639 59.0561205 6.38 T
133.2750670 52.3904595 6.97 T
133.2840595 54.9533453 7.46 T
133.3438744 61.9624120 5.75 T
133.7340849 52.9564890 7.85 T
133.7392003 52.7944691 7.28 T
133.9705344 49.0868776 7.98 T
134.2374815 56.8889232 7.12 T
134.2988759 50.7415124 7.32 T
134.3424981 54.8461696 7.90 T
134.3540478 58.2188197 6.91 T
134.5757974 46.7515560 7.79 T
135.0686519 61.9444988 7.54 T
135.4035207 49.7360160 7.99 T
135.4729809 59.4161110 7.98 T
135.7617054 49.9481675 6.87 T
135.8844823 53.1082254 6.97 T
136.0016677 54.2839056 5.73 T
136.1751254 60.9906654 7.82 T
136.3271336 50.8233540 6.80 T
136.3502684 48.5302201 5.52 T
136.4126907 50.2949317 7.84 T
136.4844853 55.3894618 7.77 T
136.5939312 49.6113748 7.45 T
136.6795890 59.3444434 6.44 T
136.6966588 52.9809684 7.65 T
136.7686853 60.5278641 7.99 T
136.8062685 51.6298857 7.29 T
136.8591119 58.8744544 7.74 T
137.0261297 47.4238464 7.20 T
137.2407116 49.2978336 7.65 T
137.4538680 59.1536897 7.18 T
137.4680972 49.8319119 7.64 T
137.5531424 54.9784517 7.81 T
137.5736553 62.4464740 7.89 T
137.9843235 50.4398872 6.68 T
138.1153235 58.7115030 7.69 T
138.1171526 49.2053638 7.74 T
138.1914558 61.6757677 7.33 T
138.1980788 61.6819218 7.65 T
138.2092366 56.9417552 7.14 T
138.2468453 55.3782833 7.96 T
138.4119076 46.9903493 7.85 T
138.5788589 52.6830519 7.79 T
138.5854500 61.4231286 5.25 T
138.5867728 52.6822355 7.88 T
138.7147567 55.6200870 7.57 T
138.9571456 56.7412267 5.46 T
139.0477290 54.0222314 4.83 T
139.3800411 46.8173151 5.95 T
139.4535181 57.4806259 7.76 T
139.5050496 57.9050251 7.71 T
139.8136126 46.9436530 6.88 T
139.8471205 61.5884868 7.93 T
140.1227532 52.4510341 6.55 T
140.1231846 59.7805654 7.65 T
140.1819930 51.2669654 6.19 T
140.2621626 51.3068887 7.88 T
140.4302312 56.6991509 6.02 T
140.5948185 48.4097967 7.49 T
140.6339675 49.5447822 7.08 T
140.9597860 55.1938753 7.72 T
141.0484263 60.4470547 7.47 T
141.1932877 50.2782497 7.12 T
141.2323320 51.5738393 6.53 T
141.4073486 54.0157803 7.69 T
141.7557924 47.7732468 7.59 T
142.2466175 50.0310582 7.30 T
142.3380655 56.2401893 6.93 T
142.4474235 55.7449773 6.53 T
142.8053425 58.7564475 7.60 T
143.1602183 48.1668331 7.98 T
143.2807400 49.4387522 6.77 T
143.4534624 52.4437569 7.76 T
143.5785591 54.0463573 7.30 T
143.5809235 46.9019590 6.56 T
143.6326461 48.7546284 7.65 T
143.7053236 52.0512471 4.47 T
143.8081444 60.8914040 7.33 T
143.9609148 48.4917462 7.07 T
144.1787633 56.9702345 7.07 T
144.4061397 60.2134889 6.51 T
144.7528822 58.5481843 7.52 T
144.9961482 53.4961366 7.54 T
145.1701045 53.3649541 7.66 T
145.3193753 55.8662724 6.62 T
145.3612442 52.1130190 7.94 T
145.6033709 48.7748416 7.25 T
145.6792779 48.4308574 6.35 T
145.6829113 51.2684910 7.32 T
145.7786283 54.3634922 6.49 T
146.6319397 57.1282806 5.31 T
147.2075154 60.0965743 7.13 T
127.5662500 60.7180556 3.36 B
133.0483333 45.3125000 5.99 B
134.1562500 64.6038889 5.58 B
134.2083333 45.6319444 5.74 B
134.8016667 48.0416667 3.14 B
135.9062500 47.1566667 3.60 B
137.2179167 51.6047222 4.48 B
137.7295833 63.5136111 4.67 B
143.2141667 51.6772222 3.17 B
148.0266667 54.0644444 4.59 B
