261.7592140 -12.5128862 6.26 T
261.7911382 -15.8534061 6.61 T
262.0091992 -8.2091891 6.44 T
262.2806144 -14.0807347 7.99 T
262.4470495 -5.9198979 6.57 T
262.4513853 -11.1440679 7.86 T
262.4930660 -17.8150880 7.75 T
262.5833342 -4.3694350 6.77 T
262.7593113 -2.8268253 7.29 T
262.8244944 -10.9718385 7.52 T
263.2111928 -13.4821723 7.26 T
263.2457704 -17.4958443 6.93 T
263.3740967 -5.7453982 5.63 T
263.4953780 -17.8363688 7.97 T
263.5348373 -3.0558015 7.45 T
263.6931495 -11.2419852 5.54 T
263.7196414 -1.6052092 7.98 T
263.7809218 -13.6380520 6.88 T
263.8805175 -2.8917208 7.77 T
263.9273059 -6.1200714 6.74 T
264.3051153 -14.0012192 7.97 T
264.3364920 -2.8733052 7.50 T
264.3496377 -8.0369510 7.84 T
264.3964128 -15.3989359 3.55 T
264.4008405 -15.5710435 5.98 T
264.4612350 -8.1188863 4.62 T
264.5395049 -10.9263251 5.86 T
264.8670832 -11.2670167 7.95 T
264.8760238 -13.6497069 7.60 T
264.9470418 -4.9680472 7.83 T
265.0410355 -3.5359069 7.73 T
265.0497351 -2.1523704 6.37 T
265.3531730 -12.8756501 4.24 T
265.4399722 -13.3151577 7.79 T
265.6231930 -2.4239092 7.91 T
265.6467241 -4.8498265 6.84 T
265.6677646 -15.5592694 7.02 T
265.7963617 -2.2983457 7.69 T
265.9337209 -3.9193710 7.75 T
265.9458923 -7.0796910 6.33 T
265.9512363 -13.5093810 6.41 T
266.0033804 -1.8071067 7.70 T
266.0034502 -5.9296391 7.32 T
266.0370976 -17.7442822 7.60 T
266.0699104 -17.4368481 7.39 T
266.0819261 -16.8650847 7.55 T
266.3067262 -2.7622416 7.41 T
266.4614231 -10.3540253 7.78 T
266.6324967 -7.9865965 7.42 T
266.6355723 -2.8616824 7.74 T
266.7241386 -1.7194382 7.78 T
266.9031051 -14.7259339 5.92 T
267.0801300 -1.8082511 7.78 T
267.1535653 -2.1961837 7.81 T
268.0933143 -1.4303414 7.75 T
268.1543048 -5.2621881 6.95 T
268.1612480 -6.1435925 6.33 T
268.1984882 -3.5638448 7.68 T
268.2439534 -7.9211024 7.82 T
268.2635708 -2.5795940 7.71 T
268.2650309 -10.8997413 6.30 T
268.2710838 -13.6503644 7.41 T
268.2979946 -10.3721141 7.97 T
268.3141403 -5.9290845 6.98 T
268.5153137 -1.6194536 6.72 T
268.5315592 -11.3375499 6.66 T
268.6244093 -3.4633375 7.38 T
268.7322110 -11.6315409 7.03 T
268.7399738 -7.7342814 6.98 T
269.0625880 -4.5764793 7.78 T
269.0792608 -15.8129211 5.93 T
269.1989022 -4.0818598 5.57 T
269.2001934 -15.6839220 7.75 T
269.2792238 -13.6532821 7.56 T
269.6757618 -16.8576643 7.35 T
269.6909587 -5.4249854 7.68 T
269.7565724 -9.7743493 3.42 T
269.7699868 -5.0486796 7.46 T
269.9031674 -4.8216697 6.02 T
270.0532419 -16.0667481 7.76 T
270.1118310 -12.9881742 7.47 T
270.1218432 -3.6905524 4.66 T
270.2383066 -2.5791562 7.67 T
270.3463367 -17.1569119 6.49 T
270.5953535 -5.7354484 7.75 T
270.6185978 -3.1571205 6.82 T
270.6928128 -5.3581915 6.76 T
270.6976807 -1.3364874 8.00 T
270.7680862 -8.3401096 7.78 T
270.7703892 -8.1806520 5.27 T
270.7703892 -8.1806520 5.86 T
270.7752405 -17.4138894 7.59 T
270.8409854 -17.6101348 7.22 T
271.0851581 -10.9105400 7.68 T
271.0891643 -17.3534732 7.53 T
271.2395362 -15.2889248 7.99 T
271.3805094 -11.0202039 7.39 T
271.5072006 -8.1081101 7.16 T
271.5307825 -8.3240805 5.88 T
271.5642062 -4.7514398 5.85 T
271.6430379 -14.9732371 7.98 T
271.7329620 -3.2330833 7.08 T
271.8908595 -9.1779336 7.99 T
271.9507391 -17.1537946 5.63 T
272.0359134 -7.1199386 7.66 T
272.0728823 -10.5507799 7.85 T
272.1197854 -16.4166721 7.67 T
272.1636292 -2.9073989 6.88 T
272.1920660 -3.9909350 7.66 T
272.2496609 -11.7438567 7.77 T
272.4028617 -5.6540227 7.54 T
272.4308534 -13.9344641 6.54 T
272.6577852 -16.8245316 7.90 T
272.8622490 -5.2050148 6.74 T
272.8668316 -11.3094449 7.54 T
272.9207854 -2.7264808 7.41 T
272.9812703 -5.6239350 7.26 T
273.0056506 -8.7311475 7.30 T
273.0999560 -7.2972979 7.78 T
273.1149554 -16.3806861 7.52 T
273.2917562 -4.0114625 6.61 T
273.3169958 -1.7196390 7.38 T
273.3979592 -15.5985214 7.54 T
273.7407808 -15.3847508 7.22 T
273.8341432 -16.8315591 7.54 T
273.8930451 -5.4752923 7.39 T
273.9268947 -3.3577035 7.48 T
273.9912568 -17.6079812 7.53 T
273.9913667 -3.6179896 6.37 T
274.0089235 -14.9242367 7.86 T
274.0190367 -11.1802547 7.80 T
274.0638592 -9.8096900 7.81 T
274.2213735 -3.0091156 6.09 T
274.2984261 -17.3739669 5.97 T
274.3507070 -9.7589436 6.34 T
274.3582986 -14.8490985 8.00 T
274.4071224 -15.4307127 6.78 T
274.4285084 -1.4644641 7.75 T
274.4927038 -12.8700690 7.40 T
274.5054167 -2.0331944 7.88 T
274.5229905 -1.3301380 7.50 T
274.5245603 -12.2425927 7.57 T
274.7112325 -12.4540817 7.96 T
274.7469819 -4.1054973 7.72 T
274.7549071 -3.1685470 7.84 T
274.9514229 -4.9614063 7.88 T
274.9588492 -17.7508427 7.10 T
274.9672574 -11.2877160 7.46 T
275.0158223 -9.5971227 7.00 T
275.0216227 -7.9814476 6.62 T
275.0369029 -15.8319336 5.55 T
275.2595213 -15.2307181 7.14 T
275.2877544 -17.3815781 7.80 T
275.3240751 -2.9032033 3.34 T
275.3455490 -3.1065996 7.73 T
275.4535670 -16.3246010 7.82 T
275.5450242 -7.4988628 7.07 T
275.5665849 -14.3887001 7.22 T
275.7537797 -17.6770892 7.61 T
275.7588539 -10.2190870 6.33 T
275.8006136 -12.0148724 5.70 T
275.8298072 -12.3004395 7.38 T
275.9152312 -8.9341460 4.77 T
275.9992334 -2.4715884 7.33 T
276.0148437 -3.5834443 6.39 T
276.0723895 -4.0881705 7.57 T
276.1251790 -8.1753317 7.38 T
276.1763821 -7.0760975 6.42 T
276.1787488 -6.6036146 7.48 T
276.1805725 -1.8709077 7.75 T
276.2383928 -1.5793591 6.71 T
276.2383928 -1.5793591 7.21 T
276.3133304 -13.9784461 6.74 T
276.5987135 -15.6302078 7.34 T
276.6183427 -8.1856539 7.61 T
276.6396943 -9.2016587 7.68 T
276.7869452 -8.0403631 6.63 T
276.8808007 -15.3734266 7.01 T
276.9496012 -16.4272340 7.86 T
276.9853078 -17.8003735 6.18 T
277.2994036 -14.5658334 4.68 T
277.4209316 -1.9855187 5.47 T
277.4449532 -14.5818959 6.03 T
277.5324498 -16.1914053 7.85 T
277.5595529 -5.7242727 6.37 T
277.7859642 -5.7895983 7.41 T
277.8570806 -10.7959473 5.77 T
277.8587856 -12.0218858 7.63 T
277.8710104 -1.6350226 7.25 T
277.9426713 -2.4184141 7.33 T
277.9598095 -15.1827194 7.33 T
278.0860649 -14.6444125 6.38 T
278.1574792 -15.7016420 7.99 T
278.1805200 -14.8656893 5.69 T
278.2584328 -16.5601850 7.13 T
278.2796241 -5.1625553 7.16 T
278.3449553 -16.0433938 7.64 T
278.4127797 -14.8536748 5.74 T
278.4616881 -14.4258545 7.92 T
278.5327852 -16.5000958 7.83 T
260.2195833 -10.6961111 6.46 B
278.7600000 -10.9772222 5.14 B
278.8016667 -8.2441667 3.85 B
280.5683333 -9.0525000 4.72 B
