68.1364105 44.9024824 7.85 T
68.3402426 43.0315550 6.83 T
68.3538169 43.0639174 6.12 T
68.5185874 45.6357463 7.72 T
68.5188692 43.0872363 7.42 T
68.5694502 45.9131325 7.49 T
69.0630350 47.3707699 7.59 T
69.1725829 41.2647144 4.37 T
69.2108244 37.4388579 7.65 T
69.6612723 38.4485282 7.67 T
69.7455334 36.5464214 7.73 T
70.0453175 40.7888661 6.63 T
70.1506981 44.0970015 7.49 T
70.3509349 48.3006272 5.65 T
70.4058294 42.1158629 7.35 T
70.4613284 38.2795621 6.03 T
70.5439179 49.9196596 7.68 T
70.6567060 36.3115485 7.93 T
70.6980228 38.4265946 6.69 T
70.7267155 43.3648061 5.30 T
70.8399164 49.9736907 5.86 T
71.0127552 42.4188023 7.64 T
71.0543549 40.7862889 6.10 T
71.1460802 44.7662095 7.77 T
71.1486459 38.2550020 6.84 T
71.6121622 42.3489785 6.61 T
71.6853977 40.3123389 6.09 T
71.7589219 41.3049578 7.22 T
71.9723382 45.4891808 7.79 T
72.4203836 49.5883681 7.89 T
72.4773453 37.4885155 5.04 T
72.7217867 37.7607394 7.35 T
72.7884890 48.7404702 5.75 T
72.8728404 35.8144070 6.84 T
72.8857844 43.5781021 7.47 T
72.9348503 45.8306534 7.04 T
73.0582393 34.4434141 7.65 T
73.0901126 45.9395673 6.75 T
73.1580510 36.7031423 4.94 T
73.1989064 42.5866282 5.69 T
73.3948759 36.8056793 6.80 T
73.7136904 44.0605159 6.05 T
73.9777517 45.0347307 7.89 T
74.0836990 36.1685036 6.13 T
74.2609921 49.9213267 6.99 T
74.2691539 47.8788088 7.88 T
74.5546425 40.0562249 7.28 T
74.6188694 37.3287251 6.77 T
74.8145758 37.8896300 5.00 T
74.8385469 43.3233825 7.43 T
74.9279413 41.8732742 6.77 T
75.0763663 39.3947042 6.02 T
75.1386356 36.6273776 7.31 T
75.3264622 45.4462650 8.00 T
75.3396689 45.8885361 7.46 T
75.3682198 44.3978657 7.31 T
75.6196115 41.0756909 3.89 T
75.6944503 46.6601455 7.74 T
75.7390543 42.5690040 7.48 T
75.7801116 40.5530918 7.71 T
75.8276571 41.4416090 6.13 T
75.9094348 37.2684835 7.33 T
76.0676218 45.7789773 6.54 T
76.1364881 43.7275491 7.64 T
76.2442943 41.8802423 7.33 T
76.3636534 46.9163831 6.70 T
76.4553735 35.8459996 7.38 T
76.4784423 50.0459340 7.32 T
76.5037528 35.9363425 6.53 T
76.5224990 48.6596403 7.99 T
76.5349015 33.9185896 7.05 T
76.5650007 49.9740778 7.68 T
76.6123739 40.0373884 7.98 T
76.6428753 38.5222291 7.78 T
76.6537363 44.7316898 7.55 T
76.6972742 34.5354140 7.74 T
76.7064392 43.1746867 6.26 T
77.2681254 49.1219029 6.66 T
77.5783408 37.3017935 6.78 T
77.6793529 46.9611305 5.72 T
77.9255829 46.9422700 7.84 T
77.9679471 45.6568792 7.68 T
78.0604095 41.2151606 7.83 T
78.0623926 40.1015378 6.98 T
78.1573065 44.4351760 7.77 T
78.2836351 44.5669781 7.32 T
78.3041405 49.8607967 7.70 T
78.3055650 40.1934839 7.39 T
78.3215523 37.3364742 6.53 T
78.3570300 38.4840297 4.85 T
78.3823638 35.6530440 7.91 T
78.4552604 37.0324530 6.87 T
78.4562468 46.9767464 7.59 T
78.5104946 36.9162346 7.69 T
78.8152377 47.1700604 7.03 T
79.0755886 34.3125928 6.03 T
79.1128017 46.4160554 6.95 T
79.1206496 36.0717868 7.24 T
79.5423862 37.6501198 7.99 T
79.5655597 42.7919132 5.81 T
79.5788603 33.7672025 6.14 T
79.5877819 36.6320262 7.86 T
79.6680539 40.4650339 6.36 T
79.7502361 33.7482154 5.34 T
79.8139962 34.8905295 7.10 T
79.8491585 33.9853390 6.52 T
80.0038513 33.9580459 5.08 T
80.0191623 39.7891317 7.33 T
80.0475184 36.6746462 7.49 T
80.0609503 41.0858544 5.47 T
80.1631182 46.9637303 6.61 T
80.1795126 37.4386713 6.80 T
80.2280285 40.8848259 7.27 T
80.2562320 39.6217372 7.76 T
80.2672440 42.5043245 7.74 T
80.4518568 41.8043593 5.18 T
80.4807131 39.5730037 7.42 T
80.5459767 45.0816247 7.72 T
80.6467860 37.6759586 7.46 T
80.7095383 41.0292921 5.56 T
80.9636317 36.3983343 6.94 T
81.1272622 41.8270809 7.68 T
81.1630865 37.3852746 5.16 T
81.3038494 34.8547306 6.65 T
81.3749910 34.1863412 6.75 T
81.4102984 38.0446882 7.90 T
81.7033669 34.3917738 5.92 T
81.7262088 35.4572068 6.32 T
81.9120024 34.4756436 5.22 T
81.9132673 43.3678806 6.75 T
81.9413332 33.9459389 7.50 T
82.0040571 33.7624090 6.47 T
82.1100882 34.6974326 6.68 T
82.2548896 42.2703193 6.67 T
82.4277134 35.3750082 6.92 T
82.6880154 39.8256965 6.49 T
82.7027252 41.4617780 6.12 T
82.9397883 34.8819310 7.83 T
82.9479547 48.9348707 7.51 T
83.0420073 47.1926066 7.77 T
83.0859615 49.3932326 7.47 T
83.0890836 49.3938694 7.54 T
83.1477884 44.3601238 7.98 T
83.2221111 36.3195599 7.20 T
83.2847863 46.8812073 7.83 T
83.3696959 42.1089291 6.54 T
83.4091211 34.7254997 6.28 T
83.5399289 43.9372768 7.20 T
83.8650144 37.9018812 7.67 T
84.0455714 44.3264550 7.30 T
84.0666246 47.7151601 6.13 T
84.2183853 40.1823659 6.19 T
84.2800313 41.8280068 7.45 T
84.4409758 33.5592040 6.50 T
84.5658952 37.7446086 7.56 T
84.7366642 49.4161854 6.96 T
84.7677761 37.9766645 7.51 T
84.7859704 41.3578255 6.55 T
84.9033111 37.9888859 6.96 T
84.9762685 37.9579946 7.92 T
85.1341717 39.8341548 7.80 T
85.2755984 40.8825431 7.80 T
85.4420752 48.4656336 7.86 T
85.4861998 35.6313407 6.83 T
85.5785142 38.1976155 7.97 T
85.5827572 43.0595613 7.25 T
85.7491570 44.8514591 7.59 T
85.8080194 41.6956803 6.89 T
85.8214919 41.1228641 7.45 T
86.2780011 33.6257786 6.84 T
86.4560386 40.5072107 6.59 T
86.4750723 49.8262794 5.46 T
86.5479764 44.7831748 7.99 T
86.6027097 47.9029467 7.99 T
86.7145383 47.4673166 7.46 T
86.7522165 34.3118224 7.06 T
86.8112550 42.5262072 6.45 T
86.9846321 35.1592756 6.67 T
87.2159234 39.5334454 6.91 T
87.2932644 39.1809104 4.62 T
87.4735549 49.8408858 7.80 T
87.6553305 44.0115481 7.59 T
87.7604704 37.3052745 4.92 T
87.8724241 39.1485314 4.09 T
88.0579186 38.5599316 7.07 T
88.1626375 34.2683004 7.50 T
88.1652706 39.5746664 6.40 T
88.1671889 33.9175294 6.23 T
88.3690262 37.3395773 6.91 T
88.9593001 36.9364051 7.30 T
88.9856370 41.3231628 6.67 T
89.0966934 47.7162387 7.77 T
89.2692559 49.0296449 6.68 T
89.4055468 45.9012494 6.69 T
89.5784763 40.7867657 7.89 T
89.8407251 49.9245154 6.04 T
89.8493934 41.9173712 7.93 T
89.8536442 45.6195884 6.83 T
89.8867197 46.5347418 7.45 T
89.9837060 45.9366881 4.52 T
75.0966667 39.6550000 6.58 B
75.4920833 43.8233333 2.99 B
76.6287500 41.2344444 3.17 B
78.8516667 32.6877778 5.02 B
79.1725000 45.9980556 0.08 B
79.5445833 33.3716667 4.54 B
79.7854167 40.0991667 4.71 B
80.0095833 44.4255556 6.62 B
81.7137500 33.2627778 6.15 B
87.7350000 51.5147222 6.29 B
89.0600000 51.8038889 6.49 B
89.8816667 54.2847222 3.72 B
89.8820833 44.9475000 1.90 B
