25.2107165 19.3714707 7.59 T
25.2688187 13.7729663 7.71 T
25.2802399 23.0252339 7.57 T
25.3273737 25.7454551 6.25 T
25.3869259 18.6521501 7.89 T
25.6123508 15.7785035 7.71 T
25.6220117 20.2643069 5.34 T
26.1983645 25.7962817 7.89 T
26.2323127 20.0824883 6.36 T
26.6474086 17.4127084 6.57 T
26.7637896 26.1681860 7.65 T
27.0459320 16.9553387 5.84 T
27.0865157 17.0230601 7.37 T
27.2272353 16.3773992 7.60 T
27.3631763 26.4725607 6.89 T
27.5357536 22.2747600 6.33 T
27.5357536 22.2747600 7.21 T
27.7895406 20.5142482 6.74 T
27.8055204 24.6520092 7.21 T
27.9180197 17.7966605 7.96 T
27.9462971 18.2892666 6.73 T
28.0430476 24.1174455 6.88 T
28.3109187 26.0449387 7.99 T
28.3745850 12.6821593 7.11 T
28.4832520 25.7759667 7.56 T
28.6024743 11.4028050 7.24 T
28.6967088 13.7569831 7.58 T
28.8118519 15.3405068 7.93 T
28.9146601 12.5732236 7.71 T
28.9627437 23.5772571 5.88 T
29.1963602 23.0510193 7.93 T
29.3379638 17.8173903 5.21 T
29.4815254 23.5959785 4.80 T
29.4898137 23.6030017 6.65 T
29.6600780 15.9300989 7.90 T
29.6985774 17.0255686 7.85 T
29.7273329 18.3579587 6.93 T
29.8290227 24.8289773 7.62 T
29.8579110 12.2946478 6.10 T
29.8996250 21.0584808 6.01 T
30.2903473 16.5649828 7.70 T
30.2929159 24.4442637 7.57 T
30.3767804 17.9536400 7.47 T
30.3884458 23.3954346 6.63 T
30.4600643 15.0670994 6.67 T
30.5299599 22.1037777 7.27 T
30.6047550 12.6848503 6.99 T
30.6461475 13.4766968 6.18 T
30.8875260 27.4818441 7.50 T
30.9148676 25.9355532 5.82 T
30.9148676 25.9355532 7.87 T
30.9274850 18.2531162 6.38 T
31.0884544 25.9200982 7.25 T
31.1421167 25.4132182 7.51 T
31.4439490 25.1447985 7.66 T
31.4469139 13.3429085 7.93 T
31.5664296 20.5921609 7.64 T
31.6235839 13.4618266 7.26 T
31.6260623 24.3330683 6.96 T
31.6414909 22.6480859 5.04 T
31.6772698 25.8308191 7.28 T
31.7052722 25.7044626 6.01 T
31.7338854 26.3235319 7.41 T
31.8358143 27.2375621 7.01 T
31.9413918 18.0294949 6.64 T
32.0166235 15.8043644 7.25 T
32.0710907 24.8193263 7.36 T
32.3471967 17.2230535 6.47 T
32.3560624 25.9396396 5.02 T
32.4439298 13.1758469 7.73 T
32.6572513 19.5001684 5.89 T
32.7270863 23.7991681 7.36 T
32.8001789 25.9368997 6.16 T
32.8482770 21.3772654 7.40 T
33.1566952 24.1677389 6.11 T
33.1777519 13.9184396 7.25 T
33.2014420 21.2110198 5.28 T
33.2644123 15.2797199 5.89 T
33.4225510 25.5957294 7.13 T
33.4656319 19.6144572 7.00 T
33.5100786 26.6270865 7.42 T
33.7379292 22.6285258 7.94 T
33.8548653 24.2700703 6.88 T
33.9276318 25.0424802 5.64 T
33.9430998 25.7825234 5.84 T
34.2932731 23.7675834 6.65 T
34.4393947 18.4551546 7.45 T
34.5154004 14.4666813 7.72 T
34.5247794 13.4295971 7.86 T
34.5313093 19.9011654 5.57 T
34.6438122 21.8974234 7.84 T
34.7187029 12.9925190 7.01 T
34.7413610 23.1677854 6.48 T
34.7861860 19.6869140 6.88 T
35.3104207 23.4265066 7.74 T
35.4464783 15.5192031 7.90 T
35.5274941 22.8735910 6.70 T
35.5283870 27.6036407 7.87 T
35.6385888 16.8702324 6.80 T
35.7484660 17.5978910 7.49 T
36.1133535 15.5247658 7.92 T
36.1668190 27.6595185 7.72 T
36.2577757 25.4869580 7.92 T
36.3287369 27.6837173 7.89 T
36.3906222 11.9694783 7.41 T
36.4470418 20.2797290 7.92 T
36.4669867 25.1596264 7.13 T
36.7416050 26.0404895 7.08 T
36.7799597 27.0119277 6.28 T
36.8838191 16.6432629 7.29 T
37.3075900 23.4688901 6.20 T
37.6352398 25.2345576 5.93 T
37.6606118 19.8550830 6.16 T
37.7268688 17.7033368 6.33 T
37.8832666 27.5692052 7.39 T
37.9493343 21.3752248 7.62 T
38.0510587 22.0068888 7.39 T
38.0613019 21.1180641 7.57 T
38.0960717 22.3340741 7.85 T
38.2254561 15.0347853 6.05 T
38.4027735 18.8800988 6.84 T
38.5163427 12.1806418 7.57 T
38.6083228 11.6046468 6.99 T
39.0055687 13.7550268 7.32 T
39.1597813 12.4471042 5.70 T
39.2415411 24.6479690 7.02 T
39.2531071 24.6471226 6.50 T
39.3933445 20.5748666 7.02 T
39.4385414 12.2696313 7.69 T
39.6555525 19.7276030 7.35 T
39.7040988 21.9613110 5.47 T
39.7492529 14.8603708 7.36 T
40.1128052 13.5270561 7.65 T
40.1715968 27.0607725 5.31 T
40.1767822 26.6223543 7.90 T
40.2775790 18.8000389 7.66 T
40.2783827 18.7997019 7.50 T
40.5100920 17.7565751 7.75 T
40.5846734 16.9589990 8.00 T
40.5915980 20.0111721 5.73 T
40.7543710 20.2305175 7.78 T
40.8630405 27.7070946 4.62 T
40.9084165 24.0728180 7.75 T
40.9125600 17.5484554 7.51 T
40.9213529 21.1469374 7.81 T
40.9634743 25.6383792 6.40 T
41.0798809 17.7637025 6.53 T
41.1374160 15.3117656 5.77 T
41.2005990 21.6139528 7.92 T
41.2407104 12.4452290 5.21 T
41.2597886 14.2373286 7.95 T
41.4296193 17.0212703 7.38 T
41.4492629 20.6925961 7.68 T
41.5650163 25.6489774 7.97 T
41.5687185 15.0076759 7.89 T
41.7206475 12.2605331 7.55 T
41.8025526 26.7383342 7.97 T
41.8138349 22.9601372 7.29 T
41.8650168 19.3708252 7.51 T
41.8762539 23.6367581 7.50 T
41.9086509 15.2311600 7.62 T
41.9976084 15.5078647 6.82 T
42.0400472 27.0678768 7.65 T
42.1339872 18.2835915 5.97 T
42.1899548 25.0767032 7.60 T
42.1916728 25.1880421 5.89 T
42.3231916 17.4642426 5.32 T
42.4964528 27.2597862 3.58 T
42.5583275 25.3334995 7.54 T
42.7235333 23.7410375 7.89 T
42.9614554 27.2738805 7.90 T
23.7045833 18.4605556 5.89 B
25.6241667 20.2686111 5.24 B
28.3825000 19.2958333 4.83 B
28.3825000 19.2936111 4.75 B
28.6600000 20.8080556 2.64 B
31.7933333 23.4625000 2.00 B
32.3462500 17.2244444 6.43 B
34.7375000 28.6425000 5.03 B
