170.1770697 -35.7200072 7.64 T
170.2856743 -35.5237752 7.43 T
170.3979407 -31.5214330 7.80 T
170.5671640 -36.4862530 8.00 T
170.7005844 -36.2424605 7.43 T
170.7712838 -28.8969990 7.52 T
170.8026686 -36.1647811 5.16 T
170.9478290 -36.0892013 6.98 T
170.9702390 -26.9578981 7.76 T
171.1290593 -34.2862672 7.61 T
171.1976502 -22.8327538 7.43 T
171.3718867 -36.0629542 5.33 T
171.3875614 -37.7476423 6.09 T
171.4240241 -27.5486980 7.98 T
171.6762684 -38.1580936 7.85 T
171.8710089 -24.0859297 7.73 T
171.9064385 -25.8606942 6.86 T
171.9182915 -32.1496307 7.86 T
171.9945602 -35.3288577 6.62 T
172.0351674 -37.0857714 7.62 T
172.0971300 -23.8268615 7.41 T
172.1234161 -31.8570308 7.62 T
172.4062629 -28.0305939 6.80 T
172.4104953 -24.4639728 5.82 T
172.4388967 -25.0019543 7.27 T
172.5858931 -25.7985894 6.69 T
173.0667164 -29.2624158 5.73 T
173.0681813 -29.2601077 5.64 T
173.0964321 -26.7466775 6.36 T
173.2127219 -36.2093763 6.75 T
173.2253412 -31.0871903 5.31 T
173.2408608 -23.4438071 7.47 T
173.2489481 -31.8578862 3.63 T
173.5889647 -36.2046507 7.56 T
173.6178852 -32.8261805 6.05 T
173.6305182 -28.2882541 7.72 T
173.7048286 -28.4103139 7.69 T
173.7561858 -30.0319048 7.33 T
173.7612975 -30.7245296 7.26 T
173.8085474 -35.6120363 6.89 T
174.1458396 -33.5702326 6.01 T
174.1475555 -36.1212996 6.82 T
174.1544687 -34.6457020 7.63 T
174.1694682 -37.2371595 6.29 T
174.1898077 -24.4393266 7.15 T
174.2491286 -22.9477654 6.66 T
174.2549785 -32.9886876 6.37 T
174.3713380 -36.7268197 7.58 T
174.4438532 -31.2190380 7.01 T
174.5497960 -28.2907571 7.68 T
174.5867416 -33.6056539 7.27 T
174.7520661 -24.7225889 6.49 T
174.8428424 -24.8964310 7.72 T
174.9007660 -35.2322594 7.89 T
174.9872357 -33.4500448 6.98 T
174.9933267 -38.1084819 6.74 T
175.0009280 -26.6407763 7.98 T
175.0529539 -34.7446747 4.67 T
175.2826384 -29.1949686 6.49 T
175.3421843 -26.6669426 7.58 T
175.3433546 -35.6037355 7.11 T
175.4330798 -32.4996182 5.37 T
175.4914597 -24.3859539 6.92 T
175.6483095 -29.6398804 7.58 T
175.8631277 -37.1903015 6.14 T
175.9839057 -29.7474705 7.02 T
176.0076923 -36.3008149 7.98 T
176.2207197 -36.4098816 7.54 T
176.3627715 -37.6225447 7.94 T
176.5872188 -27.9635672 7.61 T
176.5925765 -34.7537792 7.70 T
176.6161344 -24.9764329 7.74 T
176.7796967 -35.9070572 6.25 T
176.7951597 -35.3969481 7.66 T
176.8139456 -30.2879339 6.55 T
176.8326588 -25.9614181 7.36 T
176.8591360 -31.2548166 7.30 T
176.9734338 -28.3231977 7.62 T
177.0150473 -35.2257554 7.19 T
177.1083920 -23.0904854 7.50 T
177.1271334 -25.0859293 7.97 T
177.1633490 -35.9869696 7.19 T
177.1875984 -26.7498366 5.29 T
177.6486693 -37.6808760 7.78 T
177.6543455 -27.2778879 6.59 T
177.6738942 -33.1411696 7.45 T
177.7711920 -27.0802726 7.29 T
177.7966925 -36.9358042 7.82 T
177.9232948 -30.8366383 5.91 T
178.1754805 -37.9867845 7.75 T
178.2267734 -33.9081070 4.34 T
178.3202336 -36.5775907 6.66 T
178.3610943 -35.0668207 6.18 T
178.5427049 -35.9922462 7.57 T
178.6050594 -37.7485914 6.53 T
178.6775873 -25.7134271 5.37 T
178.8759804 -24.8573490 6.93 T
178.9172506 -28.4772727 6.07 T
178.9795163 -22.1840761 7.64 T
178.9873582 -24.9260547 7.81 T
179.1749948 -32.2681780 7.67 T
179.1810717 -32.2674554 7.83 T
179.2652173 -33.3154945 6.18 T
179.3782979 -27.0563416 7.05 T
179.4765940 -27.7109172 7.11 T
179.5146264 -31.6511680 7.13 T
179.7263489 -25.9089971 6.42 T
179.7595036 -23.4140983 7.78 T
179.8427899 -30.0608185 7.03 T
179.8822766 -35.3085151 7.34 T
180.0729127 -36.2855617 7.42 T
180.0849613 -36.5627411 7.43 T
180.1007287 -30.3366418 7.89 T
180.1758722 -21.8375591 6.39 T
180.3533963 -34.0503764 7.21 T
180.4406465 -34.6501966 7.04 T
180.7561190 -31.6917537 7.55 T
180.8853194 -32.2577734 7.86 T
181.1434301 -31.1876453 7.53 T
181.2078227 -32.8024735 7.93 T
181.3073135 -28.7197880 7.85 T
181.4858296 -35.6939197 6.21 T
181.5212828 -32.9626329 6.69 T
181.5684240 -22.7961728 7.37 T
181.6575087 -37.8601027 6.74 T
181.7548630 -23.7660480 6.99 T
181.8448942 -32.6619219 7.66 T
181.8962870 -31.4112321 6.79 T
181.9032660 -29.0627884 7.95 T
181.9134367 -23.9773874 6.78 T
182.0804716 -34.6749056 6.85 T
182.4486320 -33.4875564 7.76 T
182.5102294 -34.7048594 6.35 T
182.6192218 -24.9589002 7.49 T
182.6412656 -37.8705539 6.09 T
182.7177236 -28.0680849 7.46 T
182.7187822 -33.4684318 7.84 T
182.7655633 -23.6025489 5.45 T
182.9244574 -30.6038575 7.78 T
182.9959431 -25.9415186 7.57 T
183.1196548 -33.4049873 7.24 T
183.2687534 -31.5183675 7.69 T
183.3026379 -33.3331045 7.64 T
183.3036728 -34.1252184 6.62 T
183.4033823 -33.7930544 6.47 T
183.4192903 -27.3210669 7.79 T
183.5031411 -32.3870418 7.47 T
183.5254479 -36.7290215 7.22 T
183.5288572 -36.5564288 7.83 T
183.5749724 -33.7791072 7.40 T
183.6734513 -24.7753898 7.55 T
183.7480935 -36.2209478 7.80 T
183.7764501 -29.2374152 6.61 T
183.9444615 -23.3541075 6.86 T
184.2153600 -26.5986790 7.39 T
184.4459522 -28.2716465 7.74 T
184.4466240 -36.0940271 6.14 T
184.4812094 -24.0133852 7.01 T
184.6007048 -31.4956446 7.54 T
184.7479295 -33.2922124 7.85 T
184.8837849 -32.5888159 7.47 T
184.9799521 -26.7370252 6.79 T
184.9980881 -28.5257435 7.88 T
185.0185099 -37.8042530 7.73 T
185.0441459 -22.1759000 6.04 T
185.5356185 -35.5119248 7.12 T
185.6105059 -24.2366370 7.15 T
185.7499930 -24.8709867 6.95 T
185.8092560 -37.4897334 7.19 T
185.8398095 -24.8407886 5.79 T
185.8410036 -26.4715440 7.87 T
185.8972719 -35.4127248 5.30 T
185.9493652 -30.3354980 6.58 T
186.3071155 -25.9861105 6.89 T
186.3267247 -27.7490052 6.23 T
186.3402506 -35.1864538 5.70 T
186.3995217 -26.8117113 7.74 T
186.7153198 -32.8303012 5.56 T
186.7596417 -22.3894289 7.95 T
186.8595694 -28.7162753 7.48 T
186.9170599 -24.7275114 7.43 T
186.9873593 -36.7072342 7.72 T
187.2222631 -37.9669712 7.88 T
187.2843048 -34.8346054 7.21 T
187.4534379 -29.3120839 7.76 T
187.5725034 -23.6964066 5.81 T
187.7308809 -30.6776154 7.47 T
187.7840252 -31.6357014 7.91 T
187.9111166 -30.9819059 6.85 T
188.0180943 -32.5338461 6.48 T
188.1458669 -32.4641735 7.58 T
188.1553794 -24.2009705 7.51 T
188.1927472 -38.0769742 7.99 T
188.2084552 -30.0447299 6.87 T
188.5201243 -23.5458261 7.55 T
188.5485374 -32.0926336 7.00 T
188.8880812 -34.8827531 7.96 T
189.3126480 -35.1017468 7.87 T
189.6618574 -35.1634478 7.74 T
189.6730095 -36.7306671 7.80 T
173.6229167 -32.8313889 5.98 B
175.2850000 -29.1963889 6.44 B
176.8154167 -30.2869444 6.48 B
178.6075000 -37.7488889 6.46 B
178.9779167 -39.6891667 6.13 B
179.5845833 -40.9472222 6.79 B
182.1033333 -24.7288889 4.02 B
182.5312500 -22.6197222 3.00 B
189.7645833 -30.4222222 5.89 B
