104.0276937 -14.0435343 5.27 T
104.0342551 -17.0542152 4.37 T
104.1458612 -8.3337603 6.95 T
104.1641816 -8.1827211 7.58 T
104.2149242 -3.6925437 7.16 T
104.2503878 -8.1793732 6.41 T
104.2873053 -17.5599882 7.86 T
104.2890851 -10.8244674 6.97 T
104.3828908 -16.8893161 7.25 T
104.6007078 -4.5250119 7.57 T
104.6010431 -16.0545347 7.12 T
104.6174009 -3.0237319 7.28 T
104.7383601 -4.0185078 7.74 T
104.9003753 -13.0021382 7.84 T
104.9684813 -15.0217234 7.42 T
105.0744329 -5.3666504 6.35 T
105.0878194 -5.8266541 7.20 T
105.0975297 -15.2588722 7.84 T
105.0989442 -8.4068146 5.93 T
105.1638902 -9.2029527 6.53 T
105.3626926 -3.1175705 7.68 T
105.4562585 -11.3009489 6.65 T
105.4848518 -5.7220034 5.40 T
105.4880371 -17.6444506 7.27 T
105.6684168 -13.1897763 7.84 T
105.6722211 -17.5815052 7.43 T
105.7010214 -13.0958648 7.78 T
105.7824239 -11.1992120 7.87 T
105.8556512 -3.0254156 7.49 T
105.9048422 -2.4741913 7.19 T
105.9395468 -15.6333530 4.08 T
105.9893800 -10.1237574 6.42 T
106.0108803 -12.2881657 7.43 T
106.0218328 -5.3239931 5.75 T
106.1063165 -10.4543566 7.12 T
106.1594575 -11.5238233 7.36 T
106.3197536 -12.3262543 7.97 T
106.4253481 -12.8118359 7.31 T
106.4569401 -10.6601063 6.51 T
106.6151960 -3.1157596 7.57 T
106.6498204 -12.3939507 6.46 T
106.6698741 -11.2940184 5.44 T
106.7351510 -11.3273550 7.66 T
106.7472568 -5.4716283 7.36 T
106.8403286 -9.9851474 7.01 T
106.9868400 -4.6777039 7.47 T
107.0513870 -3.1918416 7.92 T
107.0966307 -11.8523666 7.70 T
107.1342724 -12.8859340 7.20 T
107.3343499 -10.3465485 6.22 T
107.3845637 -6.0439037 6.98 T
107.3890102 -16.2345061 6.04 T
107.3989635 -15.2431513 7.13 T
107.4671164 -16.2347212 6.64 T
107.4712472 -5.7357655 7.82 T
107.5339399 -11.8027374 7.63 T
107.5369338 -15.6847143 7.33 T
107.5570035 -4.2357492 5.03 T
107.6384777 -7.8710377 7.38 T
107.6921456 -11.5740811 7.74 T
107.6956284 -9.3359785 7.40 T
107.7937942 -4.7032889 7.05 T
107.8130735 -10.5415438 7.89 T
107.8368294 -10.4288311 7.31 T
107.8548551 -17.3311093 6.65 T
107.8668484 -13.0705916 7.66 T
108.1894737 -15.5017836 7.83 T
108.2799576 -11.2512847 5.93 T
108.3364126 -8.8624301 7.60 T
108.4839439 -9.4556411 7.83 T
108.5479316 -12.8099210 7.71 T
108.6176961 -10.3162523 5.97 T
108.7013179 -15.4763161 7.42 T
108.7465375 -7.6802673 7.66 T
108.9303760 -10.5836022 6.07 T
108.9844094 -16.2352562 6.82 T
108.9888046 -12.5431087 7.89 T
109.0248135 -14.5100553 7.07 T
109.0540992 -17.2964591 7.80 T
109.0603442 -15.5857866 5.46 T
109.1766806 -13.4546687 7.70 T
109.1960756 -13.6811159 7.19 T
109.2792612 -12.0342090 6.78 T
109.2805244 -13.9898014 7.80 T
109.3816118 -5.8226545 7.20 T
109.3968647 -3.7480296 7.35 T
109.8266662 -17.5248378 6.71 T
109.8684993 -16.3961116 5.75 T
110.0189017 -4.9914798 7.15 T
110.0784393 -8.5498060 7.18 T
110.2077792 -6.1354587 7.23 T
110.2427698 -14.3604940 5.69 T
110.3201969 -8.8787452 6.61 T
110.3942503 -5.8971716 6.57 T
110.5075816 -5.5707269 7.41 T
110.5086102 -8.9792940 6.37 T
110.5774098 -2.9791965 6.32 T
110.6057102 -5.9828923 5.86 T
110.9072208 -14.1001530 7.62 T
110.9737715 -17.4135695 6.89 T
111.1674281 -16.2016053 5.21 T
111.2781815 -14.8832245 6.76 T
111.2833455 -13.7519809 5.83 T
111.4633031 -5.7749857 6.07 T
111.4837236 -14.1787717 6.82 T
111.4883047 -2.2487629 7.04 T
111.5140711 -4.5374757 6.76 T
111.5146122 -15.6665702 6.95 T
111.6053505 -10.0895202 6.98 T
111.6492261 -13.1889925 6.91 T
111.7656761 -12.2239338 7.90 T
111.9285121 -3.0714575 7.81 T
111.9652184 -11.5569427 6.00 T
112.0703641 -11.2652784 7.46 T
112.1430447 -10.0437457 6.60 T
112.3276982 -1.9053825 5.75 T
112.3399098 -15.0000753 6.39 T
112.3420938 -10.3266886 5.90 T
112.3572329 -7.5503599 5.91 T
112.4729709 -14.3581669 7.33 T
112.4762696 -13.9893930 7.18 T
112.6789420 -9.3100507 7.74 T
112.7130160 -5.2265198 6.37 T
113.0234313 -8.8823813 5.98 T
113.1742356 -9.6693593 7.54 T
113.2054510 -2.0344328 6.82 T
113.3424302 -14.3382989 6.19 T
113.4498041 -14.5238821 5.11 T
113.5346963 -13.0394526 7.83 T
113.5543214 -16.1869467 6.79 T
113.6200500 -13.8695933 6.75 T
113.7270468 -14.1627434 7.56 T
113.9872869 -14.7108189 7.93 T
113.9907830 -3.3682910 7.81 T
114.0042330 -3.1510693 7.22 T
114.0161577 -14.4927768 5.64 T
114.1142977 -14.5950870 7.00 T
114.1488000 -14.4834167 6.92 T
114.1511561 -14.4611993 7.66 T
114.1718360 -14.4436145 6.67 T
114.1964830 -14.5615803 7.96 T
114.3191229 -4.1108741 5.18 T
114.4116226 -14.4407544 6.51 T
114.4299291 -7.7271884 7.11 T
114.4647940 -6.9580305 6.94 T
114.8634344 -11.5639953 7.33 T
114.9977995 -1.8745333 7.57 T
115.0573112 -12.0804380 7.90 T
115.0966881 -15.2641067 5.14 T
115.1481280 -8.1855740 6.03 T
115.3113304 -9.5512502 4.04 T
115.7456190 -17.0613683 6.67 T
115.8100978 -4.1312647 7.22 T
115.8838005 -4.6806770 7.11 T
116.3697209 -14.6862941 6.73 T
116.3713643 -14.6906578 6.00 T
116.4281882 -5.6784701 7.10 T
116.4868930 -14.5637665 5.07 T
116.5094450 -6.7731002 5.66 T
116.5423094 -3.9611295 7.66 T
116.6862291 -12.6753397 6.38 T
116.9855561 -12.1923530 5.73 T
117.0662714 -6.7736481 7.18 T
117.2749877 -11.1809806 6.76 T
117.3048233 -10.4993018 7.42 T
117.3700047 -13.3530145 6.22 T
117.4220263 -17.2291331 5.31 T
117.5440574 -9.1834450 5.77 T
117.6274458 -3.5977354 7.33 T
117.6537375 -5.8029629 7.78 T
117.7301607 -11.1288096 6.28 T
117.8352257 -9.4046746 6.83 T
117.8820679 -6.9832375 7.63 T
117.9204093 -12.8194463 6.41 T
117.9425258 -13.9001135 5.26 T
117.9857782 -9.6557729 7.33 T
118.0350001 -3.0541453 7.13 T
118.0786066 -14.8461690 5.73 T
118.1580399 -15.4279692 7.65 T
118.1993119 -5.4284345 5.81 T
118.6374433 -2.7959333 7.32 T
118.8214785 -11.1514894 7.30 T
118.8835673 -10.6624265 7.37 T
118.9214187 -13.7322912 7.31 T
118.9939477 -12.6076617 6.68 T
119.0375482 -9.8632411 7.84 T
119.1654326 -16.5317580 7.30 T
119.3321378 -7.7999852 7.66 T
119.7666336 -4.3326819 7.01 T
119.9336280 -3.6795900 5.07 T
119.9373498 -12.8671264 7.63 T
120.1206434 -4.8797977 7.33 T
120.1838575 -2.8819001 6.46 T
120.2262934 -15.7391782 7.45 T
120.2592474 -14.1382411 7.40 T
120.2637260 -6.4194696 6.54 T
120.3059867 -1.3930851 4.85 T
120.5019984 -9.3566764 7.18 T
120.6082468 -6.3372040 6.39 T
121.1354369 -17.6656004 6.70 T
108.5458333 -3.9013889 5.75 B
108.5645833 -9.9475000 5.90 B
109.3820833 -6.6800000 6.29 B
109.8670833 -16.3950000 5.70 B
111.7833333 -17.8644444 5.63 B
113.0241667 -8.8808333 5.90 B
114.0691667 -8.3113889 6.27 B
117.9429167 -13.8980556 5.17 B
121.6145833 -9.2450000 6.23 B
