237.7396825 -33.6273511 3.94 T
238.0523241 -29.8870974 6.49 T
238.3038451 -30.7791805 7.26 T
238.4028926 -25.3272844 4.69 T
238.4745442 -24.5333163 5.37 T
238.4826708 -23.9782565 5.39 T
238.6253494 -27.3388043 6.13 T
238.6646123 -25.2438928 5.85 T
238.6732301 -22.7663963 6.86 T
238.8750522 -26.2661657 5.64 T
238.8774425 -31.0834980 6.36 T
238.9245412 -26.7477040 7.42 T
239.0211468 -25.9360247 7.66 T
239.0588290 -31.7858680 6.33 T
239.1993214 -23.1842364 7.76 T
239.2210392 -29.2142278 3.83 T
239.2229740 -33.9663443 5.09 T
239.2255603 -33.9645380 5.56 T
239.2709488 -35.9277171 6.91 T
239.3067229 -27.6428873 7.34 T
239.3387694 -36.1854639 5.94 T
239.4532769 -23.5274134 6.77 T
239.4971810 -31.7290998 7.01 T
239.6282062 -37.5040407 6.42 T
239.6452007 -24.8316486 5.41 T
239.8345299 -33.0123066 6.97 T
239.9151778 -30.0833857 7.20 T
239.9574923 -31.8354190 7.43 T
239.9702032 -31.1686799 6.68 T
239.9793042 -33.3854550 6.83 T
240.4809860 -21.9805349 7.20 T
240.4951945 -37.5345235 7.42 T
240.5199884 -36.7440463 6.98 T
240.5564021 -22.6877194 7.34 T
240.6645066 -29.1358658 6.21 T
240.7163183 -25.0145630 7.17 T
240.8172142 -26.7182199 7.01 T
240.8354581 -25.8654817 5.11 T
240.8928749 -32.0007000 6.05 T
241.0740385 -33.2139423 6.13 T
241.1524035 -37.8636607 5.95 T
241.1762628 -37.8162597 7.06 T
241.3297071 -23.6692928 7.65 T
241.3490548 -31.4570874 7.10 T
241.4307385 -21.8389522 7.81 T
241.5265248 -23.6064592 5.88 T
241.6479505 -36.8024685 4.17 T
241.7927568 -33.1485886 7.61 T
241.8179176 -36.7559881 5.74 T
241.9660896 -24.4625052 6.31 T
242.0181179 -36.2320132 6.73 T
242.0323026 -26.3267113 5.55 T
242.1821076 -23.6855796 5.86 T
242.2962641 -32.1022490 7.51 T
242.3619026 -31.0535499 7.17 T
242.3821354 -32.6492122 6.70 T
242.3846108 -32.6489889 7.23 T
242.4689397 -33.5460807 5.48 T
242.5025618 -35.6430322 7.22 T
242.5410328 -24.5826151 6.64 T
242.5662217 -26.9093449 6.59 T
242.5828469 -22.1571704 7.08 T
242.6055268 -23.1066857 7.82 T
242.7580167 -29.4167633 5.23 T
242.8895186 -27.1509981 6.96 T
243.0666542 -28.4175927 5.80 T
243.0757799 -27.9265323 4.54 T
243.4395004 -24.4222126 6.43 T
243.5491427 -31.6652655 6.62 T
243.5853783 -22.1361852 7.75 T
243.5931304 -33.0112090 6.03 T
243.7220788 -22.3804397 7.39 T
243.7225503 -25.4771215 6.06 T
244.1111341 -24.2819362 6.73 T
244.2189363 -29.7437522 7.67 T
244.5672395 -28.0418627 7.06 T
244.5743507 -28.6146442 4.79 T
244.6176573 -23.2744641 7.54 T
244.8213467 -35.4911006 6.67 T
244.8819663 -30.9016742 6.88 T
244.8870203 -30.9065734 5.55 T
245.1409324 -29.5149332 7.83 T
245.1590386 -24.1694289 4.67 T
245.2970672 -25.5929384 2.91 T
245.3298878 -23.7081356 7.06 T
245.3580445 -33.3014172 7.42 T
245.7156847 -23.1188956 7.81 T
245.7971626 -34.9252696 7.20 T
245.9862074 -33.1995656 6.93 T
245.9871151 -33.2011442 7.29 T
246.1265989 -27.1513315 7.50 T
246.1321922 -37.5662469 5.40 T
246.1662525 -29.7040486 6.60 T
246.1662526 -29.7051136 5.89 T
246.1821237 -34.8938749 7.08 T
246.2694450 -31.4221343 7.13 T
246.3511221 -23.4603622 6.81 T
246.3960973 -23.4053796 7.29 T
246.3966655 -23.4473956 5.07 T
246.4021365 -32.0770146 7.45 T
246.4130251 -29.4005410 7.71 T
246.8735540 -29.2883207 7.01 T
247.0603965 -37.1800569 5.92 T
247.0629959 -25.4539013 6.99 T
247.1044985 -24.7506680 7.56 T
247.4773482 -24.9796164 7.86 T
247.4964655 -25.1479797 7.37 T
247.5519524 -25.1153801 4.76 T
247.5652383 -27.9163307 6.90 T
247.5971324 -37.9725565 7.78 T
247.8450391 -26.5378588 6.20 T
247.8454745 -34.7044940 4.20 T
248.2510387 -33.5326797 7.54 T
248.4210330 -37.3831571 7.50 T
248.8075906 -35.7248093 6.63 T
248.9705703 -28.2161479 2.76 T
249.0937507 -35.2552488 4.35 T
249.1732606 -35.9163446 6.94 T
249.7716682 -37.2176540 5.91 T
249.8183698 -29.9242144 7.17 T
250.1576806 -35.6872158 6.66 T
250.1940819 -37.1539724 7.42 T
250.4003646 -24.4680236 6.09 T
250.4066126 -27.8099211 6.64 T
250.4308091 -32.8213296 7.56 T
250.4389462 -33.1461132 5.91 T
250.6209079 -37.0799214 6.62 T
250.9112928 -32.1060874 6.44 T
250.9152457 -22.7366461 7.59 T
250.9482281 -38.1566279 6.04 T
250.9641774 -26.8095732 6.79 T
251.0724036 -27.4563185 6.58 T
251.0734658 -22.5237109 7.59 T
251.2505892 -28.5096627 6.00 T
251.2859848 -23.1842092 7.03 T
251.3930589 -28.8406951 7.64 T
251.3986200 -33.8509734 7.18 T
251.4517980 -26.6496067 7.03 T
252.0472151 -36.8840281 7.51 T
252.1027117 -31.2037734 6.80 T
252.1570519 -37.2526383 7.45 T
252.3299135 -34.0172919 7.28 T
252.4351247 -24.6409067 6.75 T
252.5362479 -34.2948229 2.39 T
252.5445405 -26.7427165 7.50 T
252.6895538 -38.2565675 7.23 T
252.7500363 -37.5148832 6.23 T
252.7503076 -37.5126267 7.77 T
252.9659120 -26.8740004 7.57 T
253.0670517 -25.6006994 6.92 T
253.0838435 -38.0176824 3.51 T
253.1501863 -37.5996525 6.81 T
253.2770989 -31.8802867 7.58 T
253.2793351 -30.4296103 7.05 T
253.2828149 -33.2831170 7.67 T
253.5855627 -25.8296278 7.26 T
253.6099105 -33.4755306 7.04 T
253.6500590 -30.5873616 6.36 T
253.7116863 -23.5125966 6.86 T
253.7526362 -29.8529547 7.92 T
253.7860622 -31.4028850 6.73 T
253.8664410 -32.5035977 7.23 T
253.9348667 -25.5339557 7.59 T
253.9676620 -31.4698924 7.66 T
254.1999620 -23.1502957 6.25 T
254.1999620 -23.1502957 6.32 T
254.2408304 -32.3381260 7.55 T
254.2966125 -33.2595570 5.67 T
254.4684894 -37.9965341 7.41 T
254.7178301 -37.6207753 6.07 T
254.9904600 -25.0922952 6.08 T
255.0400282 -24.9894145 5.78 T
255.1206484 -28.6345131 7.63 T
255.1540662 -35.9345391 6.07 T
255.3041908 -38.2033003 7.49 T
255.3302512 -27.2512138 7.71 T
255.4311319 -33.3664813 7.21 T
255.4543407 -30.7790715 7.69 T
255.4692714 -32.1438409 5.00 T
255.4805799 -37.3015169 7.74 T
255.4845773 -27.9390685 7.29 T
255.6145359 -32.2599540 7.43 T
255.7513339 -37.7197328 7.44 T
255.8247141 -31.6146443 6.95 T
255.9629717 -38.1528071 5.95 T
255.9865682 -37.8441115 6.56 T
255.9961030 -28.2563821 7.76 T
256.0033482 -25.6981437 6.63 T
256.1166043 -28.5843591 6.68 T
256.1812264 -25.6459104 6.63 T
256.2056476 -34.1229449 4.89 T
256.3762310 -22.0728343 7.08 T
256.4290188 -36.7405658 7.57 T
256.4861138 -28.8725768 7.55 T
256.5840362 -37.2277591 6.00 T
256.6182411 -35.4510510 6.21 T
256.6245078 -30.1490531 7.50 T
256.6707787 -36.0779041 7.43 T
256.7217382 -26.5131009 6.24 T
257.0582867 -35.0043691 7.20 T
240.3312500 -31.8894444 6.33 B
246.0054167 -39.1930556 5.40 B
247.3516667 -26.4319444 0.96 B
248.0341667 -21.4663889 4.45 B
251.7137500 -25.5286111 6.71 B
252.5408333 -34.2933333 2.29 B
253.9908333 -33.5072222 6.37 B
257.1979167 -30.4036111 5.97 B
