216.6974808 8.3817644 7.42 T
216.7557249 9.9810781 7.33 T
216.7563505 5.9617705 7.54 T
216.7584800 1.7149185 7.83 T
216.8757726 14.7543019 7.43 T
216.9445234 3.6214363 7.59 T
217.0635822 16.1175241 7.52 T
217.1188511 5.6808700 7.58 T
217.1285168 2.7891658 7.08 T
217.1338936 10.3258216 7.93 T
217.2352400 3.7197146 7.05 T
217.2618147 11.0426201 7.74 T
217.4734251 16.2086167 7.70 T
217.5346966 8.3530390 7.46 T
217.6891403 4.7722021 6.17 T
217.8904601 17.6427436 7.40 T
217.9192631 12.8569113 7.60 T
218.0539914 4.1422912 7.47 T
218.2064595 14.0606587 7.08 T
218.2405510 3.6594658 7.45 T
218.2417078 6.9326911 7.54 T
218.2626389 5.3227447 6.96 T
218.3561256 6.2845608 7.75 T
218.7302767 9.8866927 7.94 T
218.7535822 13.0956355 7.24 T
218.8996003 3.4674535 7.71 T
218.9552169 11.0682147 7.54 T
219.0036281 9.7449547 7.60 T
219.1817789 12.8780596 6.99 T
219.2640465 11.2079903 7.68 T
219.3683297 2.2768641 6.52 T
220.0159653 7.3413470 7.82 T
220.0254734 5.0669164 7.92 T
220.1595292 8.9779236 7.72 T
220.1769787 13.5342243 5.95 T
220.1816016 16.4184449 4.88 T
220.2876529 13.7282182 4.46 T
220.2876529 13.7282182 4.55 T
220.4113962 8.1617808 4.97 T
220.4303204 11.6599610 5.66 T
220.6303798 2.2951196 7.93 T
220.6453887 4.4865648 7.99 T
220.6767803 14.7085358 6.61 T
220.6973588 6.5910976 7.44 T
220.7295847 8.0762636 7.46 T
220.8042778 1.8245966 7.33 T
221.2004760 7.7010717 7.96 T
221.3098565 16.9639522 4.71 T
221.3396939 10.5990394 7.03 T
221.3492756 13.8448955 7.96 T
221.4010100 8.1594003 7.08 T
221.4656050 13.1009457 6.72 T
221.4747616 16.7981705 7.48 T
221.4859985 10.0518588 7.58 T
221.5242174 15.1319012 6.02 T
221.5614544 1.8927374 3.72 T
221.5654794 9.6450816 7.79 T
221.5682064 3.5036838 7.45 T
221.5761859 14.5101888 7.44 T
221.6233154 14.8553753 7.80 T
221.6838662 7.2813795 7.49 T
221.8152856 2.7027398 7.87 T
221.8566465 2.0354785 6.82 T
222.2217048 5.9538726 7.01 T
222.3586288 10.0436351 6.77 T
222.4098372 1.5044598 7.76 T
222.4216921 10.2006197 7.58 T
222.4254683 7.9866922 7.17 T
222.4342484 3.8705219 7.48 T
222.4500576 10.4927013 7.11 T
222.6457908 12.7839223 7.41 T
222.7582629 9.7240049 7.61 T
222.7618020 12.1640641 7.97 T
222.8848896 13.4770337 7.98 T
222.9818390 8.8251366 7.73 T
223.2350419 15.1322487 7.05 T
223.3471772 15.7052785 6.88 T
223.3471772 15.7052785 7.55 T
223.4124363 2.2374207 7.02 T
223.4157608 6.2418277 6.77 T
223.7081142 15.3253895 7.16 T
223.7544793 14.9795758 7.02 T
223.7780432 17.7010995 7.88 T
223.8452426 6.7847148 6.96 T
223.8600646 7.7619349 7.80 T
223.8688967 12.4304822 6.78 T
224.0550493 14.4462584 5.89 T
224.0698674 3.4158823 7.16 T
224.1244767 17.1029509 7.85 T
224.1287834 2.9202468 7.64 T
224.1760809 5.3988114 7.98 T
224.2327075 4.1505621 7.89 T
224.2684444 5.4307035 7.42 T
224.2986428 16.3880935 5.82 T
224.4483590 15.0586300 7.15 T
224.5671935 14.0376750 6.93 T
224.6298320 9.4977162 7.86 T
224.7422644 17.3265174 7.91 T
224.8463231 4.5677290 6.12 T
224.9720584 8.4784644 7.82 T
224.9902021 14.8332751 7.33 T
225.0778538 7.6482516 7.16 T
225.0951512 7.7346894 7.96 T
225.1451237 8.5981833 7.33 T
225.2552654 2.8969566 6.79 T
225.6363118 16.0555365 7.07 T
225.7248210 2.0913866 4.51 T
225.8353202 4.8341218 7.72 T
226.0262105 5.4953622 7.37 T
226.0268052 5.4926546 7.19 T
226.3735582 11.8571337 7.95 T
226.4922880 4.2335105 7.25 T
226.5755922 5.5503195 7.26 T
226.6161910 3.0091691 7.35 T
226.7786271 2.3625023 6.75 T
226.8301930 8.9583611 7.04 T
226.8374121 10.5283588 7.74 T
226.8855086 9.2252066 7.54 T
226.8860875 9.2262336 7.35 T
226.8929978 6.2691943 7.45 T
226.9180108 5.4979050 6.27 T
227.0752519 3.9305173 7.75 T
227.0853720 10.1137627 7.44 T
227.1621212 10.0993064 7.76 T
227.1867010 12.4889111 7.26 T
227.2226762 13.2356906 6.25 T
227.2392539 1.6892448 7.59 T
227.3670147 3.8656832 7.09 T
227.4477444 3.7085989 7.98 T
227.6313428 11.6737503 7.06 T
227.7516487 7.3244320 8.00 T
227.8741529 2.8283118 7.61 T
227.8933122 8.5170267 7.56 T
227.9485402 10.2167142 6.88 T
227.9577023 11.4754803 7.97 T
227.9743184 9.7766514 7.53 T
228.1872387 3.5444108 7.83 T
228.1963042 10.7018811 6.65 T
228.3829933 5.0439792 7.89 T
228.7971746 4.9393791 5.46 T
228.8975534 10.1263348 7.14 T
228.9731302 6.4647159 6.61 T
229.0297305 13.4700789 7.23 T
229.1066509 16.7932298 7.75 T
229.1493306 9.7129573 6.77 T
229.4036657 7.8445256 7.92 T
229.6741462 10.4276823 7.20 T
229.8306685 1.7621895 5.12 T
230.0253770 14.5611273 7.68 T
230.0351761 16.1851879 7.81 T
230.1794498 8.9135085 7.22 T
230.5003666 5.5966013 7.42 T
230.5968146 12.5674978 6.28 T
230.7151941 13.3662612 7.97 T
231.0004585 8.9059197 7.45 T
231.0607706 10.5549151 7.38 T
231.0748651 9.0871977 7.87 T
231.0826003 8.4814823 7.14 T
231.2054021 10.9920262 7.21 T
231.2343024 7.7915584 7.78 T
231.4473957 15.4279917 5.34 T
231.5868060 14.6933648 7.91 T
231.6260603 10.0359851 7.15 T
231.7935946 13.3798358 7.70 T
231.8255618 9.6995679 8.00 T
231.9255096 6.1010792 7.93 T
232.0187754 11.8618224 6.97 T
232.1587941 1.8418816 5.18 T
232.2834714 13.0326985 7.12 T
232.3002651 16.3960016 6.49 T
232.4350036 16.1920520 7.25 T
232.5990856 12.0000395 7.29 T
232.7311628 8.5790698 6.61 T
232.9141743 14.2594672 7.82 T
232.9519513 16.2344328 7.47 T
233.0402984 16.0562035 6.21 T
233.1818473 10.9692979 7.28 T
233.2698005 16.0119528 6.70 T
233.4692920 17.1370438 6.52 T
215.8441667 8.4450000 6.86 B
215.8445833 8.4466667 5.12 B
216.0037500 8.2436111 5.95 B
216.0762500 8.0850000 6.19 B
233.7004167 10.5375000 3.80 B
233.7004167 10.5391667 3.80 B
233.9725000 11.2655556 6.07 B
234.1233333 10.0100000 5.26 B
