282.7552377 34.3939300 7.17 T
282.9021223 36.5390950 6.07 T
283.0062682 37.5164858 7.31 T
283.4315140 36.9717084 5.55 T
283.5551450 27.9090894 5.80 T
283.5565367 36.7334323 7.59 T
283.6261289 36.8986236 4.46 T
283.6870524 22.6450820 4.67 T
283.7188086 33.9685248 6.14 T
284.3884531 32.9896502 6.94 T
284.5078685 38.2661921 5.87 T
284.7129052 30.1818710 6.86 T
284.7359067 32.6895677 3.22 T
284.7611162 33.1171662 6.99 T
284.9401172 26.2303397 5.40 T
284.9957989 26.9656414 6.78 T
285.0034674 32.1455499 5.10 T
285.2300765 33.8021724 6.15 T
285.3223135 26.2913628 5.67 T
285.3249592 28.4120151 7.02 T
285.3305785 29.5189575 6.82 T
285.3748137 32.3922948 7.21 T
285.4515767 33.6212372 6.36 T
285.4560606 22.2645008 6.46 T
285.8244744 25.8260995 6.96 T
285.9816798 34.1512051 7.28 T
286.0888123 27.3207254 7.12 T
286.1604528 23.3292497 7.25 T
286.6577680 28.6291199 5.55 T
286.6603950 24.2508951 5.79 T
286.8255328 36.1001342 5.24 T
286.8575106 32.5019191 5.26 T
287.0083260 24.7260362 6.59 T
287.0674641 27.0941927 7.55 T
287.1883172 34.7602785 7.03 T
287.2686745 34.6015955 6.78 T
287.3463277 30.5662652 6.92 T
287.4419278 37.7940288 6.85 T
287.7935613 23.4799314 7.03 T
287.8793191 26.7356686 6.39 T
287.9416740 31.2834441 5.92 T
288.0616686 32.2527779 7.45 T
288.1015472 36.1822907 6.93 T
288.2336541 29.2316576 7.13 T
288.4690442 36.4242742 7.11 T
288.4724361 25.7588471 6.99 T
288.5801837 25.0131433 7.19 T
288.7452500 27.9611016 6.89 T
288.9873734 27.4558174 7.03 T
288.9873734 27.4558174 7.55 T
288.9901189 31.2408067 6.80 T
288.9979252 27.9263063 6.22 T
289.0920409 38.1337389 4.48 T
289.1812163 33.1275060 7.21 T
289.3829840 21.8138064 6.91 T
289.4166468 22.4411518 6.86 T
289.4318342 23.0254478 5.43 T
289.5036408 31.0219247 6.70 T
289.6174765 26.0570848 7.53 T
289.7548491 37.4454517 6.25 T
289.7654662 33.3885971 6.55 T
289.7947573 26.9319033 7.38 T
289.8654129 31.9662945 6.81 T
289.9120089 37.3293973 6.35 T
290.1064235 32.0988937 6.82 T
290.1378006 35.1859629 6.27 T
290.2262445 22.1987179 6.54 T
290.3662058 25.6039402 7.43 T
290.4129070 25.5748457 7.37 T
290.6389847 33.5179708 6.20 T
290.7120259 26.2623500 5.17 T
290.8923009 33.2229794 6.45 T
291.0316607 29.6214379 4.96 T
291.0750358 31.0472808 7.37 T
291.0939044 28.0875381 6.51 T
291.3561088 24.9088295 6.25 T
291.4125733 26.1039920 7.38 T
291.5380397 36.3179822 5.14 T
291.9016448 37.9411752 6.27 T
292.1754943 24.6642429 4.61 T
292.2378990 24.7688024 5.93 T
292.3754479 36.2880726 6.71 T
292.6803481 27.9596698 3.19 T
292.6891380 27.9652562 4.68 T
292.6951192 36.2284353 6.25 T
292.8173704 33.4706792 6.71 T
292.8401396 26.6173266 6.00 T
292.9015813 26.9865413 7.32 T
292.9430161 34.4529376 4.71 T
293.0230646 25.5966011 6.92 T
293.2287966 31.2361398 6.74 T
293.3593694 33.2032705 6.70 T
293.5033382 26.0627316 7.08 T
293.7122975 29.4630753 5.47 T
293.7461275 27.2255590 6.76 T
293.7831017 22.1585830 7.40 T
293.8410126 34.6880104 7.12 T
293.8834181 31.2766875 7.42 T
293.9512949 36.9445296 6.02 T
294.0348200 22.5857213 6.31 T
294.0704213 33.4613930 7.29 T
294.2174786 30.3249983 7.63 T
294.2776744 22.0059396 6.93 T
294.2901166 29.3336817 6.43 T
294.2986780 28.4993582 6.74 T
294.6596347 23.0423169 7.27 T
294.6640196 32.4062029 7.22 T
294.8442070 30.1535546 4.78 T
294.8740451 30.4082139 7.15 T
294.8966950 29.7487216 7.49 T
294.9371416 33.9789783 6.10 T
295.0562077 26.9952925 7.31 T
295.0991763 23.4802501 7.10 T
295.1648997 23.7178968 6.64 T
295.4120594 33.0829369 7.06 T
295.4692313 27.3821542 6.67 T
295.6858699 32.4267393 5.94 T
295.7050425 29.3320510 6.57 T
295.7798687 24.5962590 6.93 T
295.7900323 30.6779311 6.07 T
295.8130228 30.2323377 7.22 T
295.8543636 22.4949546 6.81 T
295.9289383 25.7720205 5.60 T
295.9644491 34.1627506 6.04 T
296.0697574 37.3545907 4.99 T
296.3215490 31.4241278 7.41 T
296.4152827 36.0910816 6.37 T
296.4194638 36.0887697 7.04 T
296.4640589 35.0127116 6.22 T
296.5662411 32.1161029 7.49 T
296.6068400 33.7247831 5.06 T
296.6653347 25.1338132 6.69 T
296.9527163 25.3839224 6.11 T
296.9985682 31.5063690 6.81 T
297.0180817 27.7026913 7.56 T
297.1429613 24.9621773 7.56 T
297.1745037 29.4022998 7.02 T
297.1831120 35.3118114 6.76 T
297.2107673 33.4372201 6.48 T
297.4780138 28.4396573 6.43 T
297.5825437 36.0981609 7.07 T
297.6111197 30.7662310 7.35 T
297.7287829 24.6269405 7.43 T
297.7672905 22.6099481 4.86 T
297.9050298 26.2256343 7.47 T
297.9223823 31.1412451 7.12 T
298.0066393 24.9921349 5.67 T
298.2094948 28.9926614 7.33 T
298.3655215 24.0798028 4.63 T
298.4110064 22.9889265 7.53 T
298.4470905 34.5838060 7.00 T
298.4696023 26.5933339 6.86 T
298.6296165 24.3193895 5.56 T
298.7011268 36.9957333 5.87 T
298.7771107 30.1948662 6.63 T
299.0323765 33.0745802 7.26 T
299.0366225 33.4928269 7.50 T
299.0762933 35.0832501 4.01 T
299.1839126 36.2505815 5.99 T
299.2076781 23.7770318 6.82 T
299.2847656 30.7774853 6.94 T
299.2944078 30.8563100 7.50 T
299.4768468 27.2518987 7.59 T
299.4770868 28.8743051 7.31 T
299.4971166 36.3278974 7.44 T
299.6432294 38.1057672 6.69 T
299.6585135 30.9836853 5.49 T
299.7153770 35.4978199 7.00 T
299.7934460 23.1013180 5.71 T
299.8997086 32.8948579 7.51 T
299.9131195 31.8265478 6.67 T
299.9799849 37.0428849 5.12 T
300.0294205 32.7896605 7.27 T
300.0647816 29.9206003 7.46 T
300.1809551 23.7988593 7.43 T
300.1867398 36.5897173 6.69 T
300.2447833 31.2304649 6.91 T
300.2756143 27.7535942 4.67 T
300.4363556 24.8004194 5.85 T
300.4814690 31.1175756 6.59 T
300.5066730 24.9384090 5.83 T
300.5066730 24.9384090 6.19 T
300.5076013 35.3324754 7.40 T
300.5920446 22.1513978 6.52 T
300.6942541 37.8128393 6.94 T
300.6971718 28.5147680 6.93 T
300.8724121 36.0249746 7.09 T
300.9107835 29.8935296 5.81 T
301.0543947 31.2433684 6.89 T
301.1507071 32.2185304 5.70 T
301.2441428 23.2104150 6.55 T
301.4346313 22.7971388 6.90 T
301.4839770 35.6720457 7.31 T
301.4888064 35.7883474 6.78 T
301.4945968 35.7971488 7.29 T
301.5889503 35.9697195 5.48 T
301.7758953 36.8266485 6.98 T
301.9226565 34.4228790 6.16 T
302.1499790 36.6719640 7.44 T
302.3567725 36.8396952 4.90 T
282.8995833 28.7836111 6.18 B
284.2566667 32.9013889 5.22 B
286.2412500 31.7444444 5.56 B
286.2429167 30.7333333 6.06 B
286.4462500 29.9216667 6.31 B
288.8533333 30.5263889 5.85 B
291.0254167 36.4519444 6.36 B
291.3575000 24.9127778 6.19 B
292.3370833 20.2797222 6.33 B
293.4016667 38.7622222 6.61 B
294.2358333 38.3838889 6.50 B
295.3120833 22.4527778 6.36 B
295.9829167 27.1355556 6.28 B
296.2029167 29.2647222 6.82 B
296.1591667 34.4138889 6.57 B
296.6066667 33.7277778 4.99 B
296.6458333 32.8886111 6.18 B
297.6412500 32.9141667 4.23 B
300.9058333 29.8966667 5.71 B
