270.3920655 -85.2157300 6.50 T
275.1025154 -82.5056389 7.80 T
277.0275396 -84.3873345 6.48 T
280.2745995 -82.8978928 8.00 T
280.5607224 -81.8082190 6.25 T
280.7641139 -78.0662659 6.83 T
281.9539513 -77.8673285 6.46 T
282.7900887 -83.5630305 7.78 T
282.9919820 -83.3164690 7.31 T
283.4283724 -74.9583938 7.39 T
284.0004711 -80.7279419 6.57 T
284.5425968 -83.4223083 6.38 T
284.8626241 -75.3901115 6.84 T
285.5598938 -83.9398628 7.49 T
285.6107209 -79.2154282 7.69 T
285.8712817 -76.1161744 7.88 T
286.3011072 -73.7791813 7.99 T
286.7339803 -74.7575866 7.50 T
287.6831544 -76.4054826 7.06 T
287.9258758 -81.4126209 7.63 T
288.0566482 -83.4845422 7.30 T
288.2882935 -77.8639862 7.26 T
288.5896856 -77.0477970 7.55 T
289.0935114 -75.8002325 6.62 T
289.7959557 -72.6498965 7.86 T
290.1778321 -74.6599328 7.80 T
290.2038430 -72.6292973 7.97 T
291.0766206 -70.1086641 7.86 T
292.0458695 -73.0911003 7.07 T
292.1208865 -75.1740211 7.77 T
292.2308660 -84.7206409 7.78 T
292.7546129 -73.9853382 7.39 T
293.1821060 -81.5308555 7.88 T
293.2018930 -73.4962661 7.61 T
293.7492737 -81.7528901 6.73 T
295.4350688 -77.5746417 7.74 T
295.8450744 -74.7692639 7.74 T
296.0708279 -74.4558038 7.66 T
296.2275218 -80.0888257 7.85 T
296.2918557 -70.0168807 7.87 T
296.4138913 -70.6271085 7.23 T
297.1794469 -82.9266970 7.80 T
297.2932885 -76.9087973 7.14 T
297.3468614 -73.5232215 7.36 T
297.3555856 -72.5032803 5.42 T
297.8093882 -72.7955342 7.35 T
298.2218071 -76.1794929 7.98 T
298.3223684 -72.4735867 7.73 T
298.4534229 -71.4062936 7.60 T
299.0079174 -81.3498441 6.55 T
299.2845997 -72.1138229 7.89 T
299.8426684 -74.1304765 7.56 T
300.1498237 -72.9113266 3.94 T
300.2339191 -74.0127260 6.69 T
300.2711314 -76.2322778 7.57 T
300.4152744 -74.7638848 7.72 T
301.9838151 -70.8150570 7.96 T
302.1257518 -74.7577396 7.37 T
302.5627796 -79.1103067 7.37 T
302.6439325 -71.6421013 7.71 T
304.1255364 -79.0064160 7.92 T
304.6124691 -72.9795735 6.72 T
304.6244588 -72.8080651 7.04 T
305.3100832 -73.9775553 7.95 T
305.4304929 -79.5977219 7.59 T
305.6728749 -78.9611930 6.63 T
305.9781001 -79.0512548 7.57 T
306.1852458 -71.6593396 7.83 T
306.2300548 -83.3105745 6.17 T
306.5519558 -86.1047537 7.70 T
306.8572268 -78.7557776 7.99 T
307.8221644 -80.5443766 7.59 T
308.0613900 -71.8644431 7.37 T
308.3238285 -80.9649872 5.89 T
308.7753662 -71.1887139 6.55 T
309.0521415 -71.2611187 7.63 T
309.1498886 -71.0716056 6.83 T
309.5364789 -76.8928309 7.82 T
309.5775511 -81.2893006 6.10 T
309.6256641 -70.0730090 7.87 T
309.7341969 -71.0944575 7.28 T
310.4376055 -75.3518155 6.51 T
310.4437404 -75.3474712 7.07 T
310.5174262 -76.1806491 6.03 T
310.5220118 -70.9312104 7.80 T
310.6450929 -84.4072665 6.96 T
310.7244151 -71.9272479 7.65 T
310.8093592 -76.5483466 7.73 T
311.9009823 -79.8535915 7.72 T
312.2537269 -72.5328515 7.22 T
314.6671695 -70.4220251 7.91 T
315.1358720 -83.1466544 7.40 T
316.1797983 -77.0260748 5.18 T
316.6860494 -80.6988981 7.25 T
317.1975075 -76.2125930 6.71 T
317.2218402 -73.3965408 7.85 T
317.3483963 -82.0275812 7.05 T
317.3873684 -79.2735774 7.96 T
317.8379349 -72.5445515 6.31 T
318.3362274 -70.1263854 5.26 T
318.5755983 -70.8585002 7.95 T
318.9810559 -83.2659817 7.73 T
319.2847340 -80.3449444 7.56 T
319.5066746 -85.2013205 7.13 T
319.5682213 -75.3469917 6.61 T
319.6062086 -73.0265713 7.51 T
319.8622918 -84.7568278 7.80 T
320.5532718 -83.2100719 7.23 T
320.5675388 -71.5713944 7.31 T
320.7774866 -85.6386995 7.50 T
320.8637937 -75.4931684 7.97 T
320.9177316 -85.2885081 7.91 T
321.3255205 -71.7990157 6.23 T
321.3508762 -72.5956262 7.41 T
321.4790554 -70.7176493 7.92 T
322.2108940 -79.9258195 7.47 T
322.6889927 -75.2025204 7.78 T
322.8399309 -83.0335438 6.96 T
323.0150078 -84.8102519 6.57 T
323.2779680 -78.5430527 7.59 T
323.3389309 -80.0395043 6.47 T
323.4784913 -82.6831176 6.36 T
323.6989379 -81.9270853 7.78 T
324.7373303 -79.4427521 6.22 T
325.1069733 -71.5036682 7.50 T
325.1208902 -74.0729422 7.15 T
325.9024475 -83.0730588 7.97 T
326.3703769 -71.0089336 6.00 T
326.9573961 -72.6819274 7.66 T
327.4064528 -82.4343178 7.21 T
327.5282272 -78.2220795 7.98 T
327.6604302 -83.9610684 7.62 T
327.7299024 -82.7191437 5.56 T
327.7821020 -72.1394148 7.41 T
327.9480894 -70.3520081 7.85 T
328.0776444 -70.5493644 7.88 T
328.3425394 -78.5793937 7.66 T
328.5912062 -85.0334882 6.72 T
328.6839845 -73.4412328 7.51 T
328.8654917 -70.1155862 6.65 T
328.8934786 -70.0685615 6.65 T
329.2675530 -76.2112389 6.79 T
329.3479516 -79.7208771 7.51 T
330.4688522 -77.6625846 6.42 T
330.5308710 -75.6793219 6.82 T
330.7665939 -76.1188561 5.97 T
331.9734985 -70.2856331 6.72 T
332.3527658 -70.9041397 6.93 T
332.5162962 -83.3582802 7.50 T
332.6777996 -75.8816428 6.66 T
332.9775317 -76.1162640 6.24 T
333.8216682 -70.6533526 6.99 T
334.4597467 -77.5114653 5.51 T
335.0090503 -80.4400146 5.32 T
335.3010358 -74.9675959 7.54 T
335.9317430 -72.8039450 7.96 T
336.1804943 -72.2596133 5.35 T
336.2964447 -70.4320159 5.81 T
336.4646284 -75.0156202 6.19 T
336.8811058 -77.7185058 7.83 T
337.4622125 -78.2132790 6.96 T
337.9029023 -85.9668654 5.87 T
338.8137897 -78.6142418 7.96 T
338.8622127 -78.7716352 6.30 T
339.0281805 -70.9637991 7.28 T
339.0934701 -72.7131473 6.84 T
340.0016044 -83.2518631 6.71 T
341.0856857 -74.8207546 7.82 T
341.4074067 -83.7419739 7.89 T
341.5120868 -81.3816211 4.16 T
341.5965577 -75.4221509 7.31 T
342.4237091 -77.0510943 6.74 T
342.5957623 -80.1239275 5.29 T
343.6172881 -74.8648869 7.44 T
343.9905995 -74.9953997 7.86 T
345.7193537 -82.7088754 7.86 T
347.1024955 -79.4809170 6.13 T
348.0532596 -80.9127623 6.61 T
349.7869732 -79.4723269 6.43 T
352.3181900 -85.7094888 7.58 T
354.8085433 -86.3992368 7.97 T
355.9827715 -82.5090643 7.76 T
356.9071982 -83.8616607 7.93 T
358.2036990 -85.8953887 7.97 T
358.4628997 -83.0067257 7.00 T
271.3612500 -81.4863889 6.35 B
283.6954167 -87.6058333 5.28 B
277.3312500 -80.2327778 5.95 B
280.5587500 -81.8077778 6.27 B
281.9558333 -77.8672222 6.39 B
317.1925000 -88.9563889 5.47 B
299.0062500 -81.3497222 6.39 B
300.1479167 -72.9105556 3.96 B
306.2266667 -83.3105556 6.17 B
308.9654167 -69.6111111 6.11 B
310.5120833 -76.1805556 6.00 B
310.4320833 -75.3505556 6.55 B
312.3254167 -68.7763889 5.41 B
315.3670833 -68.2097222 6.37 B
316.1791667 -77.0238889 5.15 B
317.1995833 -76.2125000 6.58 B
317.3429167 -73.1730556 5.68 B
317.8362500 -72.5441667 6.20 B
323.0175000 -84.8100000 6.45 B
321.0695833 -69.7341667 6.41 B
323.4766667 -82.6830556 6.38 B
323.3358333 -80.0391667 6.47 B
324.7341667 -79.4425000 6.18 B
325.3687500 -77.3900000 3.76 B
327.7262500 -82.7191667 5.29 B
341.3691667 -88.8183333 6.57 B
330.4670833 -77.6625000 6.41 B
332.9804167 -76.1161111 6.15 B
335.0062500 -80.4397222 5.10 B
337.9058333 -85.9672222 5.77 B
336.4625000 -75.0155556 6.04 B
338.8600000 -78.7716667 6.15 B
342.4204167 -77.0505556 6.73 B
347.0987500 -79.4808333 6.12 B
348.0500000 -80.9127778 6.41 B
349.7837500 -79.4727778 6.33 B
352.0154167 -87.4822222 5.49 B
353.3312500 -77.3852778 5.81 B
356.1695833 -78.7913889 5.75 B
358.0266667 -82.0188889 5.11 B
359.3862500 -82.1700000 5.73 B
