80.0863197 -34.6988596 6.38 T
80.3202379 -34.3450278 6.05 T
80.8001633 -26.7052811 6.55 T
80.8006669 -31.7492351 7.57 T
80.9120750 -37.3366409 6.92 T
81.0343335 -34.4150932 7.47 T
81.6867396 -36.5847491 7.19 T
81.7773059 -31.5659208 7.25 T
81.8107319 -34.6143979 7.06 T
81.8534237 -26.5852129 7.25 T
81.9359372 -25.6367974 7.51 T
81.9605341 -32.4178163 6.93 T
82.0546946 -32.8228884 7.76 T
82.0639698 -37.2303502 5.55 T
82.0866806 -22.4330001 6.84 T
82.1986779 -24.2612347 7.36 T
82.2777677 -30.1166678 6.86 T
82.8033359 -35.4707302 3.98 T
83.0211745 -23.4297510 7.79 T
83.2815468 -35.1395525 5.88 T
83.3175664 -34.3039863 6.90 T
83.4666116 -29.8492013 6.50 T
83.7311261 -31.6944896 7.37 T
83.8147223 -33.0789957 5.88 T
83.8611451 -33.2685682 6.82 T
84.0430710 -28.7080371 6.28 T
84.3069765 -24.4021895 7.73 T
84.3187562 -27.8717216 6.18 T
84.4153007 -28.6263043 7.30 T
84.4226395 -26.7179215 7.54 T
84.4356394 -28.6894329 5.33 T
84.9575422 -32.6294241 5.54 T
85.0266525 -31.2458177 7.68 T
85.1060769 -22.6484424 7.89 T
85.3192463 -26.3466103 7.60 T
85.3622380 -33.4008180 6.34 T
85.5482171 -30.5354040 6.17 T
85.5581642 -22.3736558 5.88 T
85.5633430 -34.6675024 5.28 T
85.5833854 -27.7075063 7.88 T
86.0515809 -27.5451543 7.81 T
86.1085115 -22.4240374 6.28 T
86.3044102 -31.6693061 6.86 T
86.4995870 -32.3065851 5.11 T
86.6753529 -36.2314846 6.84 T
86.7187639 -28.8909200 7.60 T
86.7690192 -28.6388371 6.19 T
86.8278364 -35.6736916 6.42 T
86.8415444 -27.1345989 7.22 T
86.8424577 -38.2309673 7.60 T
87.3583822 -37.1850640 7.97 T
87.4728253 -22.9717561 5.87 T
87.4760240 -30.6212067 6.74 T
87.5388817 -32.8093727 6.83 T
87.7403982 -35.7657853 3.23 T
87.7934811 -23.4193215 7.86 T
87.8691888 -22.9272349 6.27 T
87.9763431 -25.2194113 7.03 T
87.9842158 -35.9097185 7.39 T
88.0334019 -25.9429618 6.97 T
88.0993077 -26.2911137 7.83 T
88.1385153 -37.6312432 5.73 T
88.2047961 -34.5608170 6.74 T
88.2786310 -33.8011703 4.84 T
88.3106408 -32.8066178 7.77 T
88.4711247 -37.5338117 7.63 T
88.5275119 -35.9029308 6.83 T
88.5582520 -29.1473919 6.38 T
88.6630462 -26.6600225 6.87 T
88.7480430 -30.3057078 7.81 T
88.8749145 -37.1207875 5.08 T
88.9300003 -38.1044533 7.53 T
88.9952955 -31.5319540 6.71 T
89.0602759 -22.8397827 6.07 T
89.0872646 -31.3824056 5.56 T
89.1331962 -33.4344233 7.29 T
89.1435896 -23.2151137 6.48 T
89.2042086 -31.9761572 6.54 T
89.3841876 -35.2832119 4.32 T
89.4692357 -34.4761983 7.57 T
90.2873085 -36.4689114 7.68 T
90.3044954 -25.4178967 6.04 T
90.3179475 -33.9120121 5.71 T
90.4158620 -35.0436729 7.21 T
90.5269386 -27.4279021 7.22 T
90.7633707 -37.5469642 6.91 T
90.7845977 -36.8729092 6.88 T
90.8154681 -26.2840070 5.19 T
90.8539756 -21.7908786 7.37 T
91.0300239 -29.3390369 7.79 T
91.0843221 -32.1716814 5.60 T
91.1802518 -28.0607581 7.48 T
91.3633509 -35.5135241 5.80 T
91.3683281 -33.5018799 7.43 T
91.5231536 -29.7588823 5.79 T
91.5236648 -33.2189382 6.75 T
91.6336834 -23.1110115 5.47 T
91.6860291 -24.9264476 7.00 T
91.7142826 -23.0939921 7.49 T
91.7396136 -21.8123264 5.97 T
91.7652877 -34.3120202 5.82 T
91.8220779 -22.5685931 7.63 T
91.8714981 -35.2245795 7.79 T
91.8782131 -36.3095121 7.80 T
91.8818064 -37.2529212 4.98 T
92.0360909 -25.4159964 7.56 T
92.2411396 -22.4276533 5.48 T
92.4463112 -26.7010070 6.39 T
92.4504481 -22.7739816 5.77 T
92.5314297 -29.8185466 7.46 T
92.6329482 -34.8167765 6.74 T
92.6444470 -27.1547116 5.82 T
92.8069037 -26.4820584 6.06 T
92.8661216 -27.0583235 7.41 T
93.1214900 -36.5636982 6.86 T
93.1278176 -29.0184265 7.50 T
93.2465388 -28.4634462 7.27 T
93.3894156 -29.3957211 6.50 T
93.4384262 -23.8612251 6.45 T
93.6261066 -29.6043176 6.99 T
93.7271819 -30.8532586 7.66 T
93.7570485 -29.3654485 7.30 T
94.1380825 -35.1399672 4.47 T
94.2551361 -37.7369215 5.66 T
94.2658462 -22.7168582 6.12 T
94.2830711 -22.3744843 7.02 T
94.2897966 -37.2536518 5.89 T
94.3034326 -24.0747612 6.83 T
94.3077648 -26.9327662 6.97 T
94.4062429 -24.4455033 7.55 T
94.7315983 -25.0127024 7.00 T
94.7412747 -22.0349235 7.66 T
94.8136279 -24.9748882 7.32 T
94.9206721 -34.3965901 5.74 T
95.0226466 -23.1053162 7.94 T
95.0727740 -36.3531847 7.86 T
95.1463441 -23.6383821 6.61 T
95.1509975 -34.1440220 5.49 T
95.1952428 -24.3001433 7.41 T
95.2353311 -29.6713614 7.07 T
95.4923584 -26.3696567 7.84 T
95.5282572 -33.4367387 3.93 T
95.6023743 -23.5940118 7.63 T
95.7402645 -24.5560009 7.44 T
95.8043045 -34.9968851 6.52 T
95.8100057 -31.7902992 6.42 T
95.8155493 -30.9455160 7.72 T
95.9148895 -33.3190941 7.46 T
95.9385278 -37.0145608 6.86 T
95.9830137 -25.5778845 5.79 T
96.0041163 -36.7074205 5.73 T
96.0252356 -36.7030270 6.91 T
96.0544901 -26.4450455 6.78 T
96.1816624 -28.7808729 6.44 T
96.3750283 -35.0644448 6.40 T
96.4077555 -35.0392484 7.61 T
96.4186276 -29.7029949 6.88 T
96.4268421 -35.6973229 7.86 T
96.7788528 -32.1673823 7.26 T
96.7815958 -37.8952393 6.53 T
96.8682359 -22.1240638 7.66 T
97.0233639 -27.1436249 7.79 T
97.0424305 -32.5799218 4.44 T
97.1633790 -32.3712340 5.86 T
97.1633790 -32.3712340 7.60 T
97.3565081 -22.5909976 7.03 T
97.5025208 -31.1744478 7.55 T
97.6604817 -22.3217990 7.12 T
97.6928141 -27.7695289 5.88 T
97.7149718 -35.0002388 7.17 T
97.8045358 -35.2588169 5.91 T
97.9382432 -37.1730306 7.53 T
98.0896855 -37.6971774 5.36 T
98.1545102 -32.0317713 7.87 T
98.1623886 -32.0304159 5.68 T
98.1931396 -27.4038054 6.94 T
98.2992639 -37.8219182 7.29 T
98.3663216 -29.2097822 7.99 T
98.4159261 -26.3296296 7.20 T
98.4560568 -36.2314138 5.57 T
98.5337759 -29.6300746 7.13 T
98.6472455 -32.7162384 5.60 T
98.6806492 -34.0091618 7.22 T
98.6806492 -34.0091618 7.74 T
98.8046599 -25.8401968 7.83 T
98.8507253 -36.7798379 5.86 T
98.8507253 -36.7798379 6.94 T
98.8629174 -31.5913911 7.86 T
98.8784749 -22.1091808 6.43 T
98.8913742 -36.2597690 7.15 T
98.9747309 -36.0892475 6.41 T
98.9985291 -35.1713587 7.72 T
99.0210919 -24.1187343 7.70 T
99.0519195 -36.1390219 7.30 T
99.1162552 -31.8866963 6.89 T
99.2578156 -38.1462175 6.17 T
99.3076044 -36.9905688 5.72 T
99.4492151 -32.3393127 5.39 T
99.6652493 -37.9961428 7.12 T
99.9876296 -38.1592106 6.71 T
84.9120833 -34.0741667 2.64 B
87.7400000 -35.7683333 3.12 B
87.9979167 -29.4486111 6.45 B
88.1987500 -38.5258333 6.70 B
88.7187500 -39.9580556 5.57 B
91.4404167 -24.1955556 6.95 B
93.9883333 -29.7883333 6.67 B
95.0783333 -30.0633333 3.02 B
96.7966667 -25.8566667 6.07 B
99.9279167 -30.4702778 5.71 B
