114.5680732 -26.8984891 7.74 T
114.6654570 -26.3166898 7.12 T
114.7056762 -26.8017017 4.62 T
114.7076501 -26.8036845 4.40 T
114.8623977 -26.8631269 6.47 T
114.8742674 -26.9189725 6.75 T
115.0563646 -19.6607795 6.05 T
115.2915967 -17.1449600 7.98 T
115.4158540 -27.2330970 7.88 T
115.4400560 -22.4037357 6.92 T
115.4776800 -23.6196738 7.95 T
115.5801796 -27.1837892 7.85 T
115.5870835 -19.1066597 7.41 T
115.6089433 -27.7299049 7.38 T
115.7006243 -26.3515298 5.74 T
115.7412408 -25.8397174 7.58 T
115.7456190 -17.0613683 6.67 T
115.7625410 -27.6682937 6.96 T
115.8345728 -22.2986013 7.04 T
115.8839784 -27.1791698 7.96 T
115.8987981 -21.2815888 7.99 T
115.9129318 -25.5038062 6.56 T
115.9296013 -22.1680202 7.86 T
116.0655507 -17.8639497 7.72 T
116.1423368 -24.6740468 5.58 T
116.3697209 -14.6862941 6.73 T
116.3713643 -14.6906578 6.00 T
116.4660070 -24.2560387 6.70 T
116.4868930 -14.5637665 5.07 T
116.5053723 -23.2598656 7.47 T
116.5140642 -23.1417920 7.00 T
116.6451727 -11.6880062 7.94 T
116.6862291 -12.6753397 6.38 T
116.6917561 -20.8312915 7.37 T
116.8022518 -22.5194393 5.85 T
116.9416927 -19.9846779 7.95 T
116.9855561 -12.1923530 5.73 T
116.9855561 -12.1923530 7.32 T
116.9951829 -19.4035578 7.71 T
117.0517441 -24.5771630 6.83 T
117.2567729 -24.9121008 5.40 T
117.3235305 -24.8597934 3.45 T
117.3327609 -11.4291751 7.98 T
117.3700047 -13.3530145 6.22 T
117.3850711 -21.2849584 7.94 T
117.4194149 -19.5056093 6.62 T
117.4220263 -17.2291331 5.31 T
117.4383559 -20.2084112 6.60 T
117.4956800 -23.7982668 6.75 T
117.5235724 -19.5234967 6.24 T
117.7502838 -24.5287588 6.47 T
117.7760545 -18.2471785 6.68 T
117.9204093 -12.8194463 6.41 T
117.9289584 -21.1734459 5.71 T
117.9394772 -18.3575321 7.59 T
117.9425258 -13.9001135 5.26 T
117.9553724 -20.7208274 6.83 T
118.0786066 -14.8461690 5.73 T
118.1185913 -13.8633056 6.74 T
118.1580399 -15.4279692 7.65 T
118.2696633 -26.4141787 7.72 T
118.4105809 -23.3137199 6.92 T
118.4168320 -23.1871765 7.19 T
118.7523964 -23.4653571 6.98 T
118.8165010 -26.4253499 7.64 T
118.8715477 -19.0474225 6.85 T
118.9021577 -24.0583450 7.68 T
118.9214187 -13.7322912 7.31 T
118.9939477 -12.6076617 6.68 T
119.0224920 -26.7244426 7.91 T
119.0903903 -20.4633404 6.83 T
119.1262246 -23.0043093 7.55 T
119.1654326 -16.5317580 7.30 T
119.2145531 -22.8800557 4.26 T
119.3537323 -24.5202855 7.79 T
119.7737278 -23.3103698 5.20 T
119.8383769 -19.4661891 7.50 T
119.9373498 -12.8671264 7.63 T
119.9668623 -18.3994538 4.62 T
120.0124547 -23.3508079 7.53 T
120.2262934 -15.7391782 7.45 T
120.2592474 -14.1382411 7.40 T
120.3091910 -25.4132657 7.20 T
120.3273386 -22.3369609 7.14 T
120.3442694 -24.9536171 7.43 T
120.4878846 -27.2145597 6.85 T
120.5760999 -26.0649966 7.95 T
120.6197968 -20.3183467 7.69 T
120.6489683 -25.0370992 7.43 T
120.6501263 -22.2627790 7.55 T
121.0052699 -26.9730557 7.22 T
121.0210934 -21.3765219 7.83 T
121.1725559 -19.7281431 6.08 T
121.3818712 -13.5724929 7.48 T
121.4950141 -19.8924179 6.96 T
121.5719062 -18.3732625 7.61 T
121.7147096 -27.1142557 7.04 T
121.8250972 -20.5543329 5.35 T
122.0082055 -13.5082611 7.30 T
122.0806026 -23.6177784 6.48 T
122.1234274 -19.8602213 7.03 T
122.1815192 -20.3631505 6.38 T
122.2137196 -21.6998337 7.99 T
122.2367561 -11.3396611 6.30 T
122.2567209 -19.2450486 4.37 T
122.3191515 -15.5701168 7.30 T
122.3688338 -16.2489256 5.62 T
122.5646921 -22.5333928 6.81 T
122.6643330 -13.7988429 5.58 T
122.7638994 -18.9740802 7.50 T
122.8177920 -12.9269411 4.82 T
122.9592651 -27.5234952 7.90 T
123.2793039 -12.7194471 7.67 T
123.3035285 -23.5118955 7.62 T
123.3184672 -24.2926805 7.45 T
123.3331172 -15.7882402 5.11 T
123.3793264 -23.9531428 7.84 T
123.7327894 -17.2755183 7.03 T
124.1856046 -21.8820423 6.93 T
124.2258840 -21.3206094 6.61 T
124.3462965 -16.2851612 6.32 T
124.3712823 -26.3020812 7.36 T
124.3954522 -18.9561975 7.90 T
124.5046520 -14.9749593 7.58 T
124.6015772 -12.6383547 6.03 T
124.6555294 -14.5664544 6.96 T
124.8427066 -20.1642186 6.68 T
125.0443454 -23.3592438 7.79 T
125.1138518 -22.9246878 6.24 T
125.1895203 -14.3630231 7.60 T
125.3384358 -20.0791428 5.66 T
125.3763782 -20.7944594 7.28 T
125.4296542 -20.6878978 7.87 T
125.4769249 -17.5864221 5.83 T
125.6949483 -13.0550735 6.22 T
125.7080292 -26.3481932 5.93 T
126.2194952 -23.6887359 7.03 T
126.2297283 -23.1535717 5.68 T
126.2429132 -15.2940134 6.78 T
126.2515814 -12.7647740 6.87 T
126.2653784 -24.0460701 5.48 T
126.3289409 -21.0455916 6.04 T
126.4139195 -17.4394211 6.56 T
126.4815616 -14.9294273 5.97 T
126.5734833 -27.1454390 7.04 T
126.6742312 -12.5347638 5.65 T
126.7003734 -18.1732606 7.46 T
126.7456769 -23.2528698 7.47 T
126.8618321 -14.9352159 6.64 T
126.8887266 -20.8440348 6.59 T
126.9733830 -26.1330781 6.62 T
127.0530630 -27.5647442 7.48 T
127.1499483 -23.0709844 6.50 T
127.1726991 -23.8290262 7.64 T
127.2226215 -20.9504943 6.67 T
127.3647841 -27.3321618 6.67 T
127.3816369 -18.7575188 7.81 T
127.6050689 -13.4684393 7.32 T
127.6185191 -12.6336963 7.79 T
127.7657758 -14.0120770 7.51 T
127.7687150 -20.3040619 7.43 T
127.8495610 -19.5057738 7.15 T
127.8667185 -25.6820734 7.96 T
127.8786058 -19.5775467 5.42 T
127.9162926 -26.0161938 7.77 T
127.9842152 -26.7037151 7.98 T
128.1387064 -15.0299558 6.41 T
128.2701136 -24.6071009 6.30 T
128.3896330 -16.1095838 6.67 T
128.5072117 -25.0993914 7.01 T
128.6084372 -23.8271084 7.68 T
128.8693612 -26.8433762 5.99 T
129.3901710 -12.5855301 6.71 T
129.4671261 -26.2550845 5.24 T
129.5066866 -11.7437558 6.56 T
129.7811876 -22.6591489 5.37 T
129.7811876 -22.6591489 6.81 T
129.7943697 -16.0326452 7.76 T
129.8121668 -12.7375186 6.64 T
129.8697756 -18.2678318 7.13 T
130.0056248 -12.4753710 5.13 T
130.1004282 -14.6968542 7.45 T
130.1722582 -12.1689861 7.86 T
130.2846187 -19.9158329 7.59 T
130.3958735 -22.1943099 7.79 T
130.4305922 -15.9439950 4.98 T
130.5406971 -11.9660945 6.47 T
130.7817683 -12.4220846 7.64 T
130.8857159 -14.0418117 7.63 T
131.2296233 -21.1678028 6.13 T
131.4550731 -25.3880315 6.07 T
131.5940365 -13.5478114 4.40 T
131.6898474 -18.7578841 6.71 T
131.8393651 -17.0529211 6.57 T
131.8968557 -13.5265699 7.50 T
132.3142109 -15.5649735 7.32 T
132.4372923 -21.0488026 6.51 T
132.6032052 -21.1448293 7.94 T
132.6320742 -27.7092962 4.16 T
132.9950691 -27.6415735 7.67 T
113.3312500 -19.4125000 5.66 B
114.1708333 -19.7022222 5.74 B
114.7795833 -18.6791667 6.72 B
116.9104167 -15.9908333 6.34 B
116.9383333 -16.0144444 6.43 B
121.8858333 -24.3041667 2.81 B
124.5995833 -12.6319444 5.98 B
129.6679167 -19.7369444 6.33 B
129.7833333 -22.6619444 5.05 B
