340.5255485 -5.1022768 6.71 T
340.5276786 -3.4735086 7.16 T
340.5420621 8.0746411 7.81 T
340.5885146 5.1737016 7.39 T
340.6772223 0.0708892 7.22 T
340.7051285 0.2318271 7.01 T
340.7210007 4.9688594 6.96 T
340.7419240 1.2171909 7.04 T
340.7424084 0.4008773 7.83 T
340.8040785 -7.2150546 7.78 T
340.8095930 -6.9629934 6.40 T
340.9622678 3.8889180 7.48 T
341.0211680 6.7359341 7.73 T
341.2523532 -0.7317607 7.66 T
341.3409311 3.6898062 7.68 T
341.3445597 1.7522722 7.57 T
341.4084500 3.6311664 7.88 T
341.6196571 7.5829272 6.95 T
341.6678092 4.9079829 7.86 T
341.8037469 -2.7099869 7.74 T
341.8433973 -6.7302765 7.90 T
341.8706339 7.7086169 7.43 T
341.8739788 -1.7888485 7.58 T
341.8748908 5.8875296 7.59 T
341.9576608 -4.2309259 7.30 T
341.9576608 -4.2309259 7.68 T
342.0392578 5.8788789 7.79 T
342.0938428 -8.1122930 7.53 T
342.1691222 7.8452148 7.96 T
342.2342509 4.2923725 7.28 T
342.6290959 -6.9144237 7.92 T
342.6599243 4.0678253 7.25 T
342.6768817 -0.5777512 7.48 T
342.6927770 -7.3120012 7.13 T
342.9236167 4.7860246 7.13 T
343.1370513 3.5522103 6.66 T
343.1421986 7.6566820 7.75 T
343.1669810 -2.6258453 7.86 T
343.3643772 -5.9883464 6.95 T
343.4339303 -4.6574474 7.76 T
343.4674183 1.8430549 7.00 T
343.6420725 -7.2048462 6.33 T
343.6841411 7.2573204 7.46 T
343.7479771 1.0649331 6.13 T
343.7904132 -7.5399406 7.98 T
343.7958364 -4.9879336 5.88 T
343.8383384 -5.6897137 7.39 T
344.1347270 6.8053626 7.56 T
344.2787465 -3.2451117 6.65 T
344.3215225 -4.8101091 6.42 T
344.3582990 -3.1581958 7.80 T
344.3871141 3.8104448 6.41 T
344.5647185 -2.3954776 6.25 T
344.5991259 -1.4102557 6.42 T
344.6764833 5.3420164 7.73 T
344.6774251 7.3396656 6.35 T
344.7208473 -0.3158582 7.53 T
344.7978892 6.1505064 7.96 T
344.8284939 4.3581016 7.26 T
344.8649602 0.9624995 5.54 T
344.8719361 -2.8855918 7.92 T
344.9486719 7.3561432 7.67 T
344.9563131 -2.4397374 7.77 T
344.9976978 5.1595364 7.29 T
345.0269551 7.3838430 7.66 T
345.1581869 0.1859520 6.32 T
345.1787750 3.0112721 6.00 T
345.3462400 0.1212972 7.80 T
345.3484110 -7.0612078 6.39 T
345.3822110 -4.7114020 6.04 T
345.4146578 4.4605039 7.12 T
345.4317672 3.5305875 6.55 T
345.4412697 -6.9605253 7.80 T
345.4672614 -3.8500367 7.59 T
345.4763560 -5.9664799 7.97 T
345.6007836 0.4397562 7.44 T
345.6356188 -6.5742186 6.36 T
345.7836326 -0.4306983 7.85 T
345.9693054 3.8199924 4.46 T
345.9906297 -4.7946294 6.76 T
346.0030602 6.6163728 6.46 T
346.0224914 3.2929410 7.45 T
346.0948636 -6.6898816 7.63 T
346.2384590 4.5999090 7.51 T
346.2411165 6.5174408 7.95 T
346.2516430 4.2243830 7.12 T
346.2915844 -7.6937360 5.47 T
346.3236870 1.3069978 6.49 T
346.3272716 -7.7547020 7.21 T
346.4689524 -7.9367583 6.69 T
346.7613575 3.0523318 7.12 T
346.7988455 -7.6948751 7.39 T
346.9402841 -0.2960755 7.17 T
347.1093513 -0.4998389 7.50 T
347.1451910 4.6780027 7.64 T
347.1714196 2.1285454 5.53 T
347.2675348 -2.4526257 7.68 T
347.3440180 2.1444740 7.25 T
347.5282093 7.3624200 7.37 T
347.6038700 -7.8128325 7.39 T
347.6651524 -5.9602672 6.94 T
347.8057738 3.1530323 7.94 T
347.8086721 5.0043130 6.98 T
348.1611826 2.6853079 7.78 T
348.2516115 0.0307605 7.76 T
348.3492147 2.6756093 7.52 T
348.3681301 0.9304526 7.57 T
348.4210827 2.2038216 7.22 T
348.5021856 4.9970229 7.03 T
348.5264645 -2.6351205 7.18 T
348.5808792 -6.0502207 4.41 T
348.8040430 -6.1218825 7.59 T
348.8562152 6.1798089 7.86 T
348.8926554 -3.4964023 5.56 T
348.9190103 1.3079698 6.82 T
348.9932002 -1.4239239 7.08 T
349.1838516 -1.8302359 7.92 T
349.2121231 -7.7265855 5.17 T
349.2472778 -7.1605016 6.74 T
349.2961602 3.2823978 3.80 T
349.8351770 7.2148514 7.50 T
349.8511691 -5.1244871 5.62 T
349.9501677 7.9818747 7.03 T
350.0678355 -3.9198417 6.70 T
350.0862639 5.3809308 5.20 T
350.1697158 -5.9083467 6.29 T
350.2101051 2.4564032 7.85 T
350.2968615 2.1971274 7.54 T
350.3108819 -7.0231422 7.90 T
350.3141197 -6.1924750 7.42 T
350.3396139 -4.6729532 6.80 T
350.4337228 3.0603484 7.84 T
350.6839392 3.7399502 7.69 T
350.7219200 2.8182299 7.04 T
350.8478866 5.2416440 7.79 T
350.8835513 0.2914001 6.51 T
351.0184471 4.9313279 7.72 T
351.0273305 -7.5507925 7.69 T
351.0685708 3.7153345 6.87 T
351.0910235 6.1863138 7.16 T
351.1633518 -1.7415829 7.63 T
351.6432984 -6.6077920 7.42 T
351.6818113 2.4784712 6.84 T
351.7336866 1.2550134 4.92 T
351.8119453 1.1223975 6.38 T
351.8120107 -2.6374536 7.71 T
351.8273348 8.0671136 7.17 T
351.9317441 1.8870509 7.77 T
351.9912878 6.3787167 4.39 T
352.0688453 6.0743724 7.43 T
352.1945325 -5.3895254 7.16 T
352.3623517 -1.7913585 6.47 T
352.3762404 -1.0360951 6.96 T
352.3848018 -4.5341910 6.38 T
352.5561671 5.0129545 7.39 T
352.6685734 0.8775250 7.33 T
352.6697676 5.2493842 7.77 T
352.7547054 -6.2882747 6.53 T
352.7781541 2.3630451 7.21 T
352.8823754 -4.0886027 6.55 T
352.9899134 -1.0857862 6.52 T
353.0527753 7.0845579 6.86 T
353.2311193 -3.0168080 7.10 T
353.2962041 4.3421764 7.82 T
353.3696207 -4.4013761 6.97 T
353.4231319 -2.2446991 7.79 T
353.5382396 -1.2476498 5.91 T
353.6055890 5.4705434 6.95 T
353.7677842 -7.6773618 7.52 T
353.8114452 -3.8535462 7.27 T
353.8687820 1.3129853 6.59 T
353.8836356 -7.4643299 6.51 T
354.0243508 3.1507219 7.91 T
354.0627537 6.8606678 7.65 T
354.0727690 -7.1173401 7.88 T
354.0963724 2.1026075 5.72 T
354.4550475 3.3700561 7.34 T
354.5267089 -1.3355924 7.74 T
354.7933124 6.2010962 7.85 T
354.9900343 5.6235638 4.18 T
355.1671460 0.4158476 7.56 T
355.2034159 -7.9144694 7.20 T
355.2982885 6.2627355 7.80 T
355.3260432 2.4674699 7.61 T
355.4637999 -5.9864617 7.76 T
355.4860278 7.2503011 5.90 T
355.5108848 1.7790714 4.51 T
356.1354444 -3.1755531 7.33 T
356.2040794 7.1917337 6.99 T
356.2502276 -0.6602890 7.25 T
356.2680978 2.0914116 7.75 T
356.5977673 3.4866529 5.31 T
356.6441882 0.5298680 7.29 T
356.9104364 -5.8254608 7.69 T
356.9137211 -4.4616156 7.60 T
356.9247765 -0.7623301 7.23 T
356.9705408 4.1752719 7.73 T
356.9861990 -2.7615656 5.59 T
357.0507255 8.2454299 6.68 T
357.0600807 7.1629943 7.00 T
338.8391667 -0.1175000 4.02 B
345.9887500 -4.7952778 6.68 B
347.9341667 8.7200000 5.16 B
348.9729167 -9.0877778 4.21 B
349.2912500 3.2822222 3.69 B
352.3837500 -4.5327778 6.25 B
352.8812500 -4.0872222 6.49 B
357.2054167 2.2141667 6.46 B
357.3645833 1.0761111 5.77 B
358.6941667 0.1091667 5.61 B
