283.9368856 -16.3493990 7.23 T
284.1844215 -8.4288474 7.78 T
284.1921325 -14.8576802 7.18 T
284.1966873 -14.0280665 7.81 T
284.2656714 -5.8465549 4.94 T
284.6971973 -5.6348195 7.28 T
284.7213402 -4.7266910 7.53 T
284.7554925 -12.5877750 7.04 T
284.7827602 -8.9707590 7.66 T
284.8030968 -6.8421443 7.53 T
284.8491768 -12.8406639 5.50 T
284.9063945 -2.8354475 7.42 T
285.1072670 -17.4844097 7.78 T
285.1236291 -7.3865225 7.73 T
285.3638244 -6.1925785 7.67 T
285.3896200 -15.2826387 6.42 T
285.4199660 -5.7393687 4.13 T
285.5559199 -13.2538384 7.84 T
285.6008380 -5.5466848 7.88 T
285.6423007 -10.7218563 6.67 T
285.7271751 -3.6989541 5.40 T
285.8037064 -11.1898096 7.22 T
285.8234452 -5.5590565 7.03 T
285.8422375 -12.7095905 7.70 T
286.2085168 -8.6509862 7.39 T
286.2264659 -8.1227999 7.57 T
286.2349061 -4.0411158 6.98 T
286.2404478 -4.0315847 5.52 T
286.3120281 -16.8668223 7.97 T
286.3272590 -1.5121307 6.55 T
286.4215807 -15.6604853 5.93 T
286.5448519 -9.6322693 6.77 T
286.5759612 -11.6494706 7.63 T
286.6043873 -11.8999970 7.31 T
286.6463230 -1.3462169 6.83 T
286.7171596 -16.2293469 6.10 T
286.8273398 -17.2419003 7.63 T
287.0038734 -7.8480746 7.00 T
287.2177805 -2.2870590 6.73 T
287.2209378 -7.6181742 7.96 T
287.2584680 -7.0174692 7.76 T
287.3510627 -13.4571075 7.24 T
287.3561042 -6.9117852 7.59 T
287.5122920 -7.2782326 7.48 T
287.7429312 -6.6219609 6.86 T
287.7549814 -7.4277871 6.85 T
287.9794799 -14.5845085 7.18 T
288.1697048 -7.9395611 5.36 T
288.1830588 -11.5503004 7.74 T
288.3147542 -12.2827755 5.66 T
288.3579333 -14.4473853 7.81 T
288.5001589 -14.0391413 7.17 T
288.5670090 -8.7192673 6.65 T
288.7120240 -17.3468600 7.55 T
288.8429876 -6.0496891 6.68 T
288.8619840 -3.1138771 7.70 T
288.9267247 -14.8376813 7.80 T
289.0695237 -8.6900765 7.37 T
289.2185437 -10.9717157 6.99 T
289.4166818 -15.9672391 7.07 T
289.4173555 -15.9650209 7.90 T
289.6385817 -6.6883226 7.71 T
289.7498268 -15.5383265 6.23 T
289.8864805 -14.1536094 7.83 T
290.0112323 -9.4116714 7.44 T
290.0117104 -6.6280900 6.98 T
290.1029239 -10.5603724 7.25 T
290.1378235 -5.4154858 5.09 T
290.1550422 -2.4756808 7.65 T
290.2154068 -11.3008997 7.42 T
290.4179941 -17.8470665 3.94 T
290.4230315 -17.2456717 7.45 T
290.4317780 -15.9550542 4.58 T
290.4370823 -14.0334538 7.69 T
290.4451173 -1.8393590 7.96 T
290.5154125 -4.7393725 7.76 T
290.5867462 -8.2012023 6.66 T
290.6415440 -3.7183028 7.09 T
290.7686302 -7.4007651 6.48 T
290.7920534 -10.7032045 7.11 T
290.9045047 -15.8124088 7.42 T
290.9539481 -17.1959715 7.05 T
291.0140447 -6.9772002 7.47 T
291.0174934 -5.5008650 7.71 T
291.1732895 -12.6155468 7.40 T
291.1854051 -5.4178763 7.73 T
291.2565884 -4.8845409 6.54 T
291.3403448 -13.8967545 5.87 T
291.4088575 -2.0610777 7.82 T
291.5461198 -15.0532590 5.71 T
291.6026383 -14.5512626 6.70 T
291.6924698 -16.7836145 7.89 T
292.1472162 -15.1023240 6.76 T
292.3390230 -7.0441420 6.53 T
292.3910115 -15.3587473 7.13 T
292.4084064 -12.6469202 6.97 T
292.5090467 -15.9756961 7.71 T
292.6661292 -2.7889514 5.23 T
292.6747439 -8.1866207 7.49 T
292.6947344 -16.1668901 7.44 T
292.7187610 -6.5153062 7.34 T
292.7423382 -11.4847533 7.12 T
292.7424829 -14.5632015 7.08 T
292.8157702 -2.1102600 7.22 T
293.0294495 -11.2748258 7.63 T
293.1085248 -15.7515616 7.90 T
293.5649717 -16.3179665 7.67 T
293.6073331 -12.9272740 7.79 T
293.7802920 -10.5604508 5.24 T
293.8743401 -7.4605297 6.45 T
293.8893840 -12.2532373 6.39 T
293.9609486 -2.4560843 7.04 T
294.1421537 -4.7716577 7.91 T
294.2112683 -10.1576009 6.95 T
294.2227122 -7.0274946 4.94 T
294.2592815 -13.1730355 7.06 T
294.2960615 -14.4312883 7.22 T
294.3927245 -14.3027143 5.51 T
294.3989377 -9.7310758 7.99 T
294.4292827 -9.9743374 7.24 T
294.4323021 -5.0618790 7.51 T
294.4478152 -4.6479791 5.49 T
294.4525491 -13.9564110 6.98 T
294.6806949 -10.1570678 6.79 T
294.8018376 -16.9092731 7.45 T
294.8042010 -16.9077274 7.17 T
294.9176999 -6.7088915 7.63 T
294.9679110 -15.1675842 6.71 T
294.9750777 -14.8493397 7.57 T
295.0212031 -14.0448353 7.16 T
295.0227799 -7.9809567 7.59 T
295.0887676 -5.4475756 6.71 T
295.1812180 -16.2935868 5.42 T
295.1884413 -7.5127055 7.02 T
295.1901247 -16.2841923 7.65 T
295.2304612 -1.8702363 7.59 T
295.2999552 -2.3134534 7.21 T
295.5124357 -9.1941706 6.45 T
295.6301599 -16.1240434 5.08 T
295.7638274 -8.3077290 7.11 T
295.7790550 -8.3299717 7.56 T
295.7986234 -10.6806766 7.96 T
295.8907333 -15.4712428 5.54 T
296.1284809 -17.4005490 7.94 T
296.2262706 -10.5732634 6.89 T
296.2901224 -12.7262927 7.54 T
296.2902990 -3.0354774 7.45 T
296.3446337 -1.4989980 7.32 T
296.3685964 -7.0199568 7.55 T
296.4676277 -2.8834580 6.46 T
296.6461627 -1.3769028 7.41 T
296.9167576 -17.0713991 7.25 T
297.0016250 -17.4801063 7.80 T
297.0127853 -13.7037629 6.11 T
297.1624532 -1.8265557 7.35 T
297.2090648 -12.3195691 6.67 T
297.2593694 -10.8708830 6.13 T
297.4450256 -11.4092318 7.32 T
297.4629965 -10.7250297 7.59 T
297.5408166 -10.0070949 6.91 T
297.6110340 -13.9239706 7.37 T
297.6947292 -10.7633213 5.42 T
297.7028225 -4.6941392 6.79 T
297.7961873 -2.4612396 6.29 T
297.8970934 -12.6209335 7.38 T
297.9243799 -14.7768813 6.91 T
297.9284777 -10.9490802 7.24 T
297.9379192 -13.0328687 7.02 T
298.0076963 -10.3541949 7.34 T
298.0310296 -10.8926920 6.80 T
298.0875085 -11.3669473 7.91 T
298.2765778 -14.6035632 6.50 T
298.3069876 -5.5405316 7.47 T
298.3282056 -3.1143728 5.65 T
298.5345358 -8.5743271 5.97 T
298.6569288 -8.2274733 5.65 T
298.6586457 -8.2371625 6.34 T
298.8313979 -6.7351751 6.55 T
299.1429426 -15.7037435 7.76 T
299.2985583 -7.4047084 7.88 T
299.3531705 -6.6988272 6.68 T
299.3911884 -10.0380907 7.66 T
299.4877325 -15.4921332 5.01 T
299.4896899 -6.4447787 7.67 T
299.5490450 -15.9699459 7.70 T
299.5948402 -2.2316288 7.54 T
299.8914265 -11.7172122 7.68 T
299.9230230 -1.9705946 6.72 T
299.9453853 -9.9607549 5.94 T
300.1242757 -15.8871068 7.26 T
300.2490551 -12.2579311 7.79 T
300.2765069 -13.9412972 7.24 T
300.3142204 -10.7811966 7.76 T
300.3484969 -9.4874714 7.68 T
300.3876355 -16.8694766 7.41 T
300.4658125 -17.5501574 7.98 T
300.4944246 -13.6371424 5.70 T
300.5440942 -4.9898207 6.73 T
300.7547208 -9.0438263 7.71 T
300.8892508 -15.4134012 7.30 T
282.7437500 -9.7741667 5.83 B
283.2579167 -9.5761111 6.34 B
286.1008333 -5.6850000 6.90 B
289.7504167 -15.5363889 6.06 B
295.8895833 -15.4700000 5.49 B
299.9475000 -9.9583333 5.88 B
301.0050000 -7.4697222 6.72 B
301.2725000 -11.5994444 6.34 B
302.1304167 -10.0627778 6.18 B
302.7920833 -8.8422222 6.49 B
