306.5722861 -13.8630922 7.88 T
306.6318894 -17.3778289 7.40 T
306.7691304 -14.7860759 7.96 T
306.8544243 -1.5589996 7.18 T
306.8618362 -2.1199598 7.51 T
306.8642775 -2.1035087 6.75 T
307.0128010 -13.9970881 7.46 T
307.1039538 -3.3579219 6.11 T
307.1110350 -9.3703374 6.96 T
307.1545763 -4.4276448 7.80 T
307.1816747 -15.7414946 6.51 T
307.2000756 -11.7268940 7.37 T
307.2085268 -1.7348217 6.88 T
307.2150637 -17.8138287 4.97 T
307.2150637 -17.8138287 6.88 T
307.2458419 -17.4348966 6.80 T
307.3750370 -12.5914203 7.51 T
307.4129458 -2.8856786 5.03 T
307.5069168 -4.4382178 7.68 T
307.6656897 -16.5511625 7.81 T
307.6923470 -15.7713870 7.18 T
307.7325513 -10.0356895 7.43 T
307.7676803 -15.0564548 6.20 T
308.0213184 -5.2422399 6.75 T
308.1006778 -9.8527424 5.73 T
308.1320488 -16.6096854 7.19 T
308.5076189 -12.3437235 7.00 T
308.5491813 -13.7206539 6.18 T
308.7650212 -9.5806598 7.37 T
308.8060103 -9.0037806 7.96 T
308.8440941 -5.5292208 7.97 T
308.8623251 -2.0514459 7.74 T
308.8849558 -16.5260542 6.20 T
309.0686405 -12.3811635 6.94 T
309.1818579 -2.5500497 5.07 T
309.3113240 -13.1842946 7.88 T
309.3387204 -15.1476369 6.90 T
309.4539349 -17.1225658 7.07 T
309.4827582 -11.0332887 7.17 T
309.5361057 -4.3819152 7.05 T
309.5879022 -4.5118938 7.84 T
309.7388381 -8.3993664 7.78 T
309.7686208 -16.5597217 7.21 T
309.7744218 -4.9294713 6.57 T
309.8052653 -2.4129605 6.21 T
309.8180360 -14.9549082 5.23 T
310.0521145 -2.6556087 6.73 T
310.1350577 -16.1237235 5.91 T
310.2508304 -14.5113287 7.84 T
310.3039433 -13.5004197 7.43 T
310.3297615 -17.3785036 7.09 T
310.3523095 -5.9979753 7.46 T
310.6142037 -2.3269303 7.32 T
310.6221659 -5.3023062 7.69 T
310.6640715 -2.3623913 7.89 T
310.6694780 -10.9697606 7.80 T
310.8949328 -11.6415519 6.93 T
310.9873972 -5.5902844 7.22 T
311.0526191 -3.9154464 7.17 T
311.0683129 -9.0497394 7.70 T
311.1387681 -14.1859136 7.08 T
311.3129250 -15.7982101 7.00 T
311.3462421 -15.0345781 7.50 T
311.6423504 -17.1632692 7.73 T
311.7647167 -2.4870399 6.45 T
311.9191774 -9.4959995 3.76 T
311.9343188 -5.0279477 4.64 T
312.0321565 -16.3486194 7.64 T
312.0535803 -16.5216791 7.03 T
312.0547800 -16.7392955 7.89 T
312.0646617 -4.6405939 7.08 T
312.2672767 -12.6106520 7.80 T
312.3545681 -11.4549165 7.76 T
312.4534238 -6.6968301 7.98 T
312.6748796 -12.5453622 5.99 T
312.8294747 -13.9247943 7.64 T
312.8578849 -5.6266682 6.40 T
312.8578849 -5.6266682 7.43 T
312.9470744 -10.3172738 7.56 T
313.0036067 -11.4396623 7.21 T
313.0362408 -5.5070981 5.54 T
313.1296286 -13.2029542 7.02 T
313.1637553 -8.9835144 4.76 T
313.2735804 -11.5733881 6.46 T
313.4934431 -6.8895961 6.48 T
313.5205066 -4.5421371 6.82 T
313.6931747 -8.8835290 7.14 T
313.7257615 -1.3758446 7.80 T
313.7333333 -15.2832416 7.91 T
313.7639555 -7.1798227 7.88 T
313.7845574 -1.3728685 6.57 T
313.9490560 -17.1145944 7.38 T
314.0388885 -17.2431171 7.64 T
314.0762232 -3.5616476 6.55 T
314.1861188 -3.6746390 7.36 T
314.2250716 -9.6975971 5.66 T
314.4173831 -7.7134686 7.50 T
314.4196909 -16.0315301 5.89 T
314.5079357 -11.9550052 7.53 T
314.6491077 -13.3694397 7.55 T
314.6739761 -14.4832337 5.99 T
314.6879473 -3.8413738 6.96 T
314.7064428 -3.3183458 7.61 T
314.9782366 -13.0516802 6.62 T
315.0361754 -10.6282463 7.52 T
315.0851472 -11.0083353 7.97 T
315.1362136 -5.4774175 6.52 T
315.1412991 -4.7311226 6.26 T
315.2154876 -17.5310060 6.19 T
315.2847149 -13.5299576 6.65 T
315.4991814 -11.6964627 7.06 T
315.5915341 -17.3105588 7.89 T
315.6426219 -15.4744067 7.89 T
315.6467162 -9.9955409 6.80 T
315.8335415 -17.4687326 7.57 T
315.8494302 -2.5708758 7.78 T
315.8564701 -5.3748048 7.77 T
315.8727631 -2.3224269 7.08 T
315.8730651 -1.5797340 6.95 T
315.9044668 -12.8497292 7.96 T
316.0197084 -5.8232581 5.80 T
316.0197084 -5.8232581 7.50 T
316.2131655 -17.1630295 7.26 T
316.7900995 -15.9734094 7.35 T
316.7957186 -13.9231669 7.29 T
316.7976325 -15.7484603 7.59 T
316.8593503 -8.2349514 7.05 T
316.9274539 -2.0521538 6.89 T
316.9339673 -5.5644756 7.65 T
316.9364225 -17.4561961 6.16 T
317.2387830 -5.5821945 6.71 T
317.3297513 -3.8922364 7.69 T
317.3546515 -16.6156914 6.88 T
317.3991304 -11.3717933 4.60 T
317.5331911 -15.7041752 7.55 T
317.6963232 -9.3544480 6.40 T
317.8895103 -2.1491782 7.73 T
317.9022790 -3.1203003 7.64 T
317.9224978 -14.4723735 6.48 T
318.0254750 -14.5582042 7.66 T
318.3755105 -5.9115070 7.42 T
318.5306359 -12.4665111 7.66 T
318.5697767 -10.6053990 6.75 T
318.6481148 -5.9632833 7.96 T
318.7270667 -7.0876215 7.43 T
318.7427949 -8.3527377 7.42 T
318.7657041 -5.5521404 7.16 T
318.7661215 -2.5719257 7.10 T
318.7775877 -17.3452841 6.15 T
318.9369849 -15.1714658 5.51 T
318.9542439 -9.1209216 7.40 T
318.9793481 -9.3910811 7.86 T
318.9984628 -13.2030820 6.74 T
319.0740413 -9.2146375 6.65 T
319.1245469 -9.1578137 7.43 T
319.1646049 -1.6078457 6.59 T
319.2426697 -10.1351316 7.03 T
319.3063450 -13.2789887 6.40 T
319.4090906 -5.7827124 7.49 T
319.5462081 -4.5193866 5.79 T
319.5654879 -17.4622633 7.09 T
319.6132000 -3.6801618 7.82 T
319.8123603 -16.1797418 7.01 T
319.8356566 -13.0479606 6.91 T
319.9527986 -14.0175165 7.03 T
320.0382938 -13.5023045 7.19 T
320.2679220 -4.5600516 5.95 T
320.3765162 -11.4587064 7.83 T
320.4635897 -16.2748940 7.51 T
320.4944810 -9.3282539 6.94 T
320.5618463 -16.8345088 4.38 T
320.6111238 -3.1302545 6.72 T
320.7342163 -9.3194935 6.15 T
320.8371352 -13.5133491 7.65 T
320.9245811 -12.0602095 7.99 T
320.9610373 -6.5839741 7.65 T
321.0484728 -12.8780500 5.51 T
321.1496201 -6.7156536 7.17 T
321.1786250 -5.5815612 7.32 T
321.2152672 -3.3986685 6.42 T
321.2365329 -8.1784364 7.82 T
321.2797521 -1.9886985 7.97 T
321.3043775 -9.7495874 5.74 T
321.3205869 -3.5571721 5.64 T
321.3538821 -14.2773546 6.84 T
321.6046959 -12.0967614 6.81 T
321.6225765 -2.9888860 7.94 T
321.8161001 -8.7898021 7.55 T
321.8468935 -13.5875753 7.08 T
321.8469199 -7.0163396 7.59 T
321.9106314 -11.6673216 7.08 T
322.0582040 -11.5685570 6.67 T
322.0902928 -2.8854592 7.00 T
322.2207491 -8.9910781 7.29 T
322.4174228 -14.0273756 7.03 T
322.5635926 -4.5019628 7.62 T
322.6681406 -14.2914293 6.76 T
322.8924112 -9.7454608 7.50 T
323.0923377 -12.2673416 6.93 T
323.4179361 -16.2016724 7.33 T
305.7533333 -9.6547222 6.30 B
308.0987500 -9.8533333 5.65 B
313.6995833 -17.9230556 5.78 B
314.9004167 -19.0352778 6.25 B
315.7483333 -0.9247222 6.50 B
316.4866667 -17.2327778 4.07 B
324.8670833 -10.5769444 6.08 B
