247.5246806 48.9607656 6.43 T
247.5614483 47.9506568 7.04 T
247.6534080 43.5455701 7.75 T
247.8802124 42.1625311 7.77 T
247.9467195 45.5984970 5.69 T
247.9834861 44.2642423 7.83 T
248.1381989 40.1132857 7.97 T
248.4239702 38.0915778 6.64 T
248.5256600 42.4373633 4.19 T
249.0465586 46.6133392 5.93 T
249.0923995 33.8217965 7.07 T
249.1318978 36.0397710 7.26 T
249.3757471 43.5648586 7.27 T
249.5165467 39.5768416 6.87 T
249.6356199 48.8621626 6.80 T
249.6864053 48.9285242 5.07 T
249.7872387 38.3449692 7.43 T
249.9381506 35.5156573 7.63 T
249.9490683 34.6253926 7.94 T
250.2365075 42.4615111 7.70 T
250.2693281 36.2010735 7.32 T
250.4138690 34.5891436 7.68 T
250.6171634 49.9357735 6.53 T
250.7243065 38.9217288 3.58 T
250.7676008 36.5096941 7.02 T
250.9648106 34.0391629 6.05 T
251.1440650 49.8625847 7.24 T
251.2990631 43.2168626 6.23 T
251.4509697 35.6308785 7.51 T
251.4661677 46.0446528 7.62 T
251.5431644 33.7937189 7.84 T
251.8322865 42.2387469 6.10 T
251.9073013 37.5601957 7.17 T
252.1725638 35.9218002 7.49 T
252.2581683 41.6635369 7.54 T
252.2675683 34.9564686 7.05 T
252.2724709 48.2357273 7.51 T
252.3094401 45.9829617 4.84 T
252.4189235 43.4303742 6.31 T
252.4973034 46.6493013 7.04 T
252.6373415 33.7975120 7.94 T
252.6497972 41.8968972 6.41 T
252.7865884 42.0806953 7.75 T
253.3227689 47.4173279 6.14 T
253.3857362 42.8228204 6.88 T
253.4068562 43.7831046 7.65 T
253.5750974 35.1280329 7.99 T
253.5783680 46.5387795 6.88 T
253.5787735 43.4064101 7.16 T
253.6778168 40.7087935 7.86 T
254.0188090 47.3710677 7.05 T
254.0265420 50.0388107 6.80 T
254.3391543 43.6837117 7.60 T
254.4590029 42.5121770 6.50 T
254.4701422 47.3683496 7.93 T
254.9433445 36.9215588 7.90 T
255.0221154 39.1013616 7.36 T
255.0418001 34.3384237 7.17 T
255.1188310 45.7792459 7.52 T
255.1331590 38.9080733 7.45 T
255.3902834 42.7272610 7.34 T
255.4015254 33.5682692 5.27 T
255.5666501 49.5938702 7.30 T
255.6528001 47.0872307 6.85 T
255.7715625 34.5401362 7.79 T
255.8591110 34.3835084 6.81 T
255.8761294 35.4137946 6.43 T
255.9727738 34.7901764 6.10 T
256.0220031 46.0885090 7.89 T
256.2076533 48.8034955 6.23 T
256.2706300 43.8122391 6.46 T
256.3571101 46.3558919 7.48 T
256.6732642 35.3233301 7.35 T
256.6879050 33.9361859 7.96 T
256.8429370 48.3996005 6.79 T
256.9441629 40.5158437 6.34 T
257.0084355 35.9350634 5.44 T
257.1316216 35.0345934 6.85 T
257.3881797 40.7770681 5.21 T
257.3986142 38.2937044 7.41 T
257.6336801 39.8521653 7.58 T
257.6683632 46.5555291 7.71 T
257.9160956 45.3243886 6.77 T
257.9179693 49.7464526 6.18 T
257.9591830 41.7301085 6.89 T
258.0958708 43.7383782 7.32 T
258.3634760 38.9849428 7.12 T
258.3654654 45.3721866 7.53 T
258.3801148 42.1060591 7.72 T
258.6837962 42.2030825 7.69 T
258.7615838 36.8091835 3.29 T
258.9086215 34.7075342 6.91 T
259.2024455 49.6912890 7.63 T
259.2246375 39.4693699 7.55 T
259.2824678 39.9683108 7.50 T
259.4173872 37.2918715 4.62 T
259.4536735 36.0941685 7.59 T
259.5968253 38.8118540 6.08 T
259.9619061 45.3091768 6.69 T
260.0548626 41.8694220 7.90 T
260.0877253 46.2410439 5.67 T
260.1162954 35.3709549 7.46 T
260.1256773 44.1924001 6.96 T
260.1328707 49.0124237 7.80 T
260.1426315 48.1887559 6.41 T
260.1953724 36.6910883 7.70 T
260.3036020 46.1503616 7.66 T
260.3726064 42.2693630 7.74 T
260.4114991 35.8239549 7.49 T
260.4318288 39.9742734 5.64 T
260.6801439 34.1755730 7.87 T
261.0093176 38.5830114 6.61 T
261.0462736 36.9229578 7.31 T
261.1127723 36.9522034 6.35 T
261.1615930 39.2096828 7.48 T
261.6843395 48.2600399 5.84 T
261.6920809 34.6960654 5.93 T
261.8722872 35.7207968 7.90 T
262.3670555 34.9386217 7.29 T
262.5700922 47.4026828 7.30 T
262.6675388 38.8822785 6.49 T
262.8880109 49.7232667 7.88 T
263.0023208 34.2715432 6.59 T
263.0564432 46.3303944 7.45 T
263.1117179 35.7731029 7.78 T
263.2071942 47.8888158 7.83 T
263.2597508 49.3452103 7.37 T
263.2796755 41.2430564 5.85 T
263.6724659 40.9094030 7.17 T
263.6728942 43.3969560 7.38 T
263.6892443 34.7515947 6.96 T
263.9029289 34.2074513 7.70 T
263.9266123 37.3016071 6.23 T
264.0732915 49.4456099 7.55 T
264.1426378 48.4568357 7.52 T
264.1571870 48.5860274 5.48 T
264.3370933 35.7992945 7.62 T
264.4207551 42.8337416 7.89 T
264.5144084 43.5988348 7.05 T
264.5157287 45.5577883 7.56 T
264.5791192 36.7472921 6.90 T
264.5858705 47.1458243 7.73 T
264.7849990 48.4408816 7.96 T
264.8661036 46.0063492 3.76 T
264.8769850 44.0014303 6.88 T
264.9496967 49.7798870 6.60 T
265.1569839 43.4710245 6.49 T
265.3073488 41.6550380 7.13 T
265.3665540 37.8615821 7.89 T
265.4803559 41.0248800 7.90 T
265.5544138 38.0714015 7.36 T
265.7727477 44.0845322 6.56 T
265.8959433 34.7747229 7.92 T
266.0179434 45.0348017 6.73 T
266.2070913 35.2177633 6.76 T
266.2162451 38.3236180 7.88 T
266.2311277 50.0442307 7.23 T
266.4738596 38.8811849 6.65 T
266.4935927 39.3225745 6.69 T
266.6688333 45.8780028 7.99 T
266.7217195 36.0872976 6.71 T
266.7833594 47.6122642 6.48 T
266.9668963 34.2778382 6.58 T
266.9766901 36.0013783 7.59 T
266.9864163 36.5551087 6.73 T
266.9916105 36.1174216 7.71 T
266.9939345 39.9816211 7.62 T
266.9973795 47.5836711 6.93 T
267.0056382 44.1071152 7.79 T
267.0316597 40.5920835 7.95 T
267.0549738 38.2321167 7.84 T
267.1928504 48.8357050 7.51 T
267.2434617 37.0611874 7.24 T
267.5139072 48.3942384 6.75 T
267.6189927 44.4895145 7.86 T
267.6311756 36.8461210 7.01 T
267.7824461 38.4425746 7.92 T
267.8082992 40.0725209 6.62 T
268.0040743 46.6428482 6.50 T
268.0126575 33.8881278 7.45 T
268.0195699 39.9824123 6.16 T
268.0385573 42.8570450 7.56 T
268.1765281 38.8206008 7.20 T
268.2363957 42.2124333 7.48 T
268.3251800 40.0082280 5.28 T
268.3827130 35.6722713 7.41 T
268.5001991 34.6667271 7.68 T
268.5059598 42.6471112 7.45 T
268.6673098 45.5542822 7.77 T
269.0632746 37.2505842 3.98 T
269.1790952 44.9873441 6.91 T
269.2023471 45.3506448 6.51 T
269.2712706 45.8565925 6.88 T
269.2944023 47.2261674 7.81 T
269.4855860 43.4171220 6.82 T
269.5050581 42.0020070 7.96 T
269.7179387 45.4763868 6.47 T
269.9036056 43.2358521 6.84 T
269.9355632 46.8213243 7.99 T
269.9842360 45.5011684 5.86 T
259.3312500 33.1000000 4.82 B
260.1650000 32.4677778 5.39 B
260.1400000 48.1883333 6.43 B
260.9195833 37.1466667 5.47 B
263.0045833 34.2708333 6.56 B
265.3408333 51.8180556 5.99 B
267.2679167 50.7811111 5.02 B
269.1516667 51.4888889 2.23 B
