135.0926593 -43.1740086 6.03 T
135.3367588 -41.8641593 5.52 T
135.3815048 -49.5793156 7.40 T
135.5285309 -40.5546454 6.96 T
135.6482500 -42.7075176 7.30 T
135.9929674 -36.7386691 7.32 T
136.0239749 -47.4413943 6.41 T
136.0382517 -47.0978051 3.87 T
136.2078729 -46.8157309 6.89 T
136.3471425 -42.1669910 7.64 T
136.5959935 -36.8030705 7.87 T
136.6433845 -47.9191740 7.75 T
136.8002221 -34.5195903 7.87 T
136.9271158 -44.6324295 6.79 T
136.9987906 -43.4325000 2.38 T
137.0300708 -37.3587992 7.30 T
137.1539812 -38.7839627 7.43 T
137.4375019 -49.4245844 6.50 T
137.4699535 -47.4761617 6.79 T
137.5255782 -49.2897176 6.99 T
137.7406539 -43.2676804 7.03 T
137.7682871 -44.8678839 5.04 T
137.8589926 -35.7478398 7.40 T
137.8832532 -41.6039386 7.61 T
137.8890303 -46.5838888 5.74 T
137.9203831 -39.2587939 5.98 T
137.9703672 -45.2347714 7.95 T
138.0570782 -45.8484906 6.71 T
138.1272385 -43.6132045 5.96 T
138.3276600 -42.2728809 6.41 T
138.3576001 -38.6165756 6.30 T
138.3933413 -47.3383228 5.89 T
138.5339781 -44.1457362 5.82 T
138.6018225 -43.2274446 5.22 T
138.6416264 -41.8925429 7.57 T
138.6931228 -35.9619223 7.28 T
138.7382391 -37.6024730 5.94 T
138.8108819 -45.5554999 6.31 T
138.9023850 -38.5700014 5.04 T
138.9379496 -37.4132061 4.67 T
139.0167611 -44.8986967 6.07 T
139.0959600 -44.2657058 5.30 T
139.1668801 -49.5786817 7.04 T
139.2375676 -39.4017614 5.43 T
139.2414494 -45.0119664 6.72 T
139.4835957 -37.3976143 7.14 T
139.4988198 -45.6362669 7.17 T
139.6327025 -39.0437188 6.89 T
139.6949425 -47.2048105 7.53 T
139.9496364 -34.1033793 6.37 T
140.0042225 -46.9503480 7.24 T
140.1234959 -37.5818164 6.19 T
140.1447019 -47.5667730 7.73 T
140.2649729 -45.0417458 7.64 T
140.2927429 -35.3571872 7.52 T
140.4205253 -47.3200807 7.74 T
140.4629496 -42.1951659 5.77 T
140.5999375 -46.0472998 5.83 T
140.7060272 -35.5238342 7.27 T
140.7293575 -34.8740365 7.83 T
140.8555505 -48.2869183 6.24 T
140.9154440 -46.9087091 6.17 T
140.9362967 -37.7567440 6.49 T
140.9574019 -35.2475899 6.57 T
141.0679542 -39.4256475 6.08 T
141.2779209 -38.0797852 7.91 T
141.6023317 -42.2511638 6.72 T
141.6186738 -40.5016654 6.21 T
141.6690558 -44.2395389 7.50 T
141.7453071 -48.6940076 6.80 T
141.8106786 -48.8462314 7.75 T
141.9098141 -35.0075520 6.66 T
141.9432465 -42.5782893 7.35 T
142.0606280 -34.9041439 7.36 T
142.0870651 -49.6550285 7.32 T
142.1423637 -45.4977666 7.11 T
142.1660348 -45.5003784 7.56 T
142.3111383 -35.9513067 4.66 T
142.3165300 -38.4035296 6.17 T
142.3269666 -44.5388200 7.07 T
142.3436906 -43.1903188 6.65 T
142.3682478 -44.5322680 7.03 T
142.4606840 -43.9588599 7.25 T
142.6732963 -40.4662846 3.66 T
142.7915594 -35.9257141 7.82 T
142.8287470 -47.9524448 6.55 T
142.8888943 -35.7158221 6.00 T
143.0029436 -38.9376658 7.54 T
143.0804527 -40.6493510 5.50 T
143.2816750 -39.1288358 6.45 T
143.2909224 -36.4048083 7.62 T
143.4353762 -49.0051199 5.54 T
143.4353762 -49.0051199 6.19 T
143.6773215 -44.8161922 7.20 T
143.7383166 -34.3674349 7.32 T
143.7526495 -48.8894602 7.60 T
143.7986969 -35.8237721 6.52 T
143.9215226 -44.1880395 7.04 T
144.1058367 -48.7512381 6.26 T
144.2051513 -49.3547978 4.36 T
144.3681432 -36.0960137 6.08 T
144.3690912 -49.9895166 7.04 T
144.5062787 -43.1911578 5.60 T
144.5272006 -48.7732516 7.56 T
144.6692563 -39.6145197 6.77 T
144.7417161 -49.0608798 7.66 T
144.7632197 -42.8654098 7.60 T
144.9178947 -48.2368210 7.41 T
145.2915606 -36.0281118 7.37 T
145.5054477 -42.2825295 7.03 T
145.5071737 -37.0826842 7.80 T
145.6214756 -35.5778745 7.87 T
145.6721379 -35.5016644 6.37 T
146.0646296 -39.5711511 6.84 T
146.1553939 -48.5488070 6.66 T
146.2844608 -41.1615267 7.73 T
146.4327873 -41.6672500 7.69 T
146.4989149 -35.8643197 6.91 T
146.5372597 -45.9180006 6.77 T
146.6264226 -44.7550593 5.52 T
146.6436120 -40.6792480 7.60 T
146.9329262 -49.9433389 6.54 T
147.1022100 -44.0198423 7.57 T
147.3663257 -37.1867130 6.08 T
147.4637982 -36.2684553 6.47 T
147.4878370 -45.7326721 5.07 T
147.5060125 -40.1689084 7.61 T
147.6309764 -36.2617191 7.68 T
147.6743667 -46.9337367 5.83 T
147.8317035 -46.1936356 5.75 T
147.9114855 -46.5122245 6.69 T
147.9192170 -46.5475504 4.70 T
147.9451907 -45.1580798 7.51 T
148.3165603 -44.5844241 7.12 T
148.4037386 -42.3105727 7.45 T
148.4335156 -41.8466501 7.40 T
148.5734504 -45.2834647 5.79 T
148.5958179 -46.6367798 6.76 T
148.6351803 -34.9069156 7.28 T
148.7714720 -45.7407298 7.85 T
149.3023418 -49.8702778 7.28 T
149.4273963 -48.4140899 6.05 T
149.7171290 -35.8910771 5.26 T
149.8591029 -44.9554850 6.71 T
150.0566395 -35.3133155 7.86 T
150.1118793 -42.8863659 7.49 T
150.3110927 -39.4506641 7.22 T
150.5013857 -34.1734390 7.12 T
150.6358564 -48.8620495 7.55 T
150.8355306 -46.6362671 6.11 T
151.3035847 -42.1723140 6.65 T
151.3136052 -36.3844735 6.39 T
151.5166705 -42.5248497 7.48 T
151.5467449 -47.3703638 5.32 T
151.5467449 -47.3703638 7.09 T
151.8986562 -48.2608022 6.36 T
152.0066549 -37.3333730 6.44 T
152.0957048 -35.0136670 7.22 T
152.2730989 -48.3063057 6.78 T
152.3789775 -35.8567028 6.22 T
152.4392397 -37.7321672 7.62 T
152.5597295 -48.0141678 6.92 T
152.6284108 -45.3077246 7.14 T
152.6574003 -41.7160615 6.11 T
152.6732417 -38.9108285 6.79 T
152.9544298 -34.3343218 6.70 T
153.4407138 -40.3459827 6.03 T
153.4854291 -40.3108411 6.43 T
153.5123459 -44.0921644 7.53 T
153.5571851 -39.1038230 6.63 T
153.5886007 -42.8085735 7.20 T
153.6827108 -42.1216207 3.84 T
153.7082307 -41.7258695 6.56 T
153.7234808 -42.3830154 6.72 T
153.8367470 -36.5176689 6.28 T
153.8816949 -43.1126940 5.74 T
153.8932008 -49.2240784 7.77 T
154.2153900 -34.1272807 7.40 T
154.3338788 -46.8349147 6.52 T
154.6174422 -41.6684607 5.95 T
154.7945990 -34.6163083 6.73 T
154.9658882 -47.9613451 6.71 T
155.0214993 -39.7024851 7.30 T
155.0695643 -47.6990688 5.82 T
155.2013883 -42.8724412 7.32 T
155.5370611 -49.2935457 7.54 T
155.5813720 -41.6495826 4.94 T
155.5911765 -47.9714702 7.40 T
155.8707905 -38.0101781 5.36 T
155.9183340 -41.9530959 6.34 T
155.9471953 -44.2423817 7.68 T
156.2372430 -38.3033133 7.03 T
156.3217019 -42.4674726 6.29 T
156.5401694 -42.7387270 6.25 T
156.6831984 -47.6601045 6.58 T
156.7896763 -42.0531127 7.11 T
156.9825298 -48.0209762 7.41 T
157.1040332 -46.5605807 7.61 T
157.1763807 -43.8381997 6.68 T
157.2461946 -48.9886041 7.87 T
140.6529167 -39.7747222 6.54 B
142.6750000 -40.4666667 3.60 B
142.8870833 -35.7150000 5.87 B
144.2912500 -32.1786111 5.63 B
145.8645833 -51.2283333 6.15 B
146.3408333 -30.2027778 6.45 B
148.4591667 -51.1469444 5.93 B
148.7137500 -50.2438889 5.72 B
149.0225000 -40.8247222 6.41 B
149.1479167 -33.4186111 5.84 B
149.0912500 -51.3361111 6.37 B
149.2954167 -52.6388889 6.12 B
150.4187500 -53.3644444 6.20 B
151.0975000 -39.9758333 6.43 B
151.5295833 -52.1880556 6.52 B
