1.9061181 -86.0387066 7.38 T
3.3325130 -84.9938752 5.98 T
9.9291199 -85.7009480 6.95 T
11.1478591 -78.0822420 6.73 T
14.3380646 -76.5538507 7.50 T
15.6549080 -77.5513348 7.38 T
16.2855377 -83.5902034 7.49 T
16.3805938 -77.5847160 7.93 T
16.7165574 -81.6490237 7.76 T
17.5069995 -72.9570448 7.26 T
18.0463222 -73.9068612 7.24 T
19.7607014 -77.0306434 7.94 T
19.8381597 -76.1489802 7.63 T
20.0591156 -72.7492713 7.49 T
21.0021137 -72.3243936 7.82 T
21.9123748 -71.7037589 7.36 T
21.9374263 -75.0434328 7.79 T
22.9609242 -78.0695561 7.78 T
23.3054692 -79.9265146 7.23 T
23.3758805 -70.8679688 7.87 T
23.4122173 -78.5056810 6.21 T
24.3506234 -82.2822160 7.60 T
24.3694069 -84.7694813 5.77 T
24.4877007 -82.9742413 5.95 T
24.6066818 -83.2479433 7.43 T
25.3414811 -79.1480765 6.46 T
25.4099401 -80.0522333 7.90 T
25.5495439 -79.9126252 7.97 T
25.7324951 -83.3673575 7.29 T
26.3335779 -73.5531097 7.71 T
26.3502127 -77.3568998 7.55 T
26.6579709 -74.7380536 7.44 T
26.9409399 -80.1766608 6.08 T
27.3444920 -72.4118550 7.79 T
27.4027135 -81.3592341 7.62 T
28.5257231 -77.4909408 7.04 T
28.9260413 -84.7511387 7.17 T
28.9637752 -78.3482135 6.20 T
29.1602446 -81.4990780 6.96 T
29.2248397 -75.3655197 7.63 T
29.4551596 -78.7635122 7.69 T
30.2418355 -78.8706733 6.90 T
30.4681180 -74.4458213 7.04 T
30.6569608 -70.4193104 7.05 T
31.1835929 -82.2993356 7.99 T
31.4243793 -71.6063289 7.44 T
32.6040759 -76.6236422 6.68 T
32.7228325 -75.9588520 7.01 T
32.7979439 -76.2984329 7.92 T
32.8239076 -74.5013272 7.25 T
32.9798166 -70.9509128 7.20 T
33.5793529 -76.3574014 6.67 T
34.7775857 -82.9540850 7.96 T
35.1665708 -73.3128336 7.87 T
35.4199254 -85.7180813 7.87 T
35.7161484 -73.6457174 6.11 T
36.0504153 -74.4359793 7.80 T
36.3759786 -70.1017806 7.67 T
36.8687341 -75.7401389 7.21 T
37.5211477 -75.7843789 7.94 T
37.9229221 -79.1097534 5.38 T
38.2738722 -72.4435854 7.93 T
38.3211995 -75.8933197 6.90 T
38.4351555 -72.3491962 6.90 T
38.5289310 -74.0232762 7.50 T
38.7590958 -82.2367894 7.53 T
38.9257494 -85.0170688 7.34 T
39.2144102 -79.8139973 7.77 T
39.7218109 -70.6798203 6.86 T
40.3666796 -71.4629105 7.86 T
41.4052437 -71.2358564 6.72 T
41.6363078 -76.1932294 7.49 T
42.1849781 -73.8413103 7.12 T
42.6177444 -75.0671095 4.89 T
43.2698009 -77.8632215 7.88 T
45.0602792 -81.0880874 7.90 T
45.5648898 -71.9023688 5.48 T
46.2488610 -74.3194427 6.96 T
46.3423487 -73.4715139 7.52 T
46.3538782 -72.0040335 7.86 T
46.6798278 -72.0247618 7.14 T
46.8708372 -78.9917681 7.70 T
46.8863370 -78.9887616 5.70 T
47.4738555 -83.5314369 7.66 T
47.5817923 -74.2953381 6.96 T
47.8703056 -74.6654117 7.61 T
47.9815273 -74.0159153 7.74 T
48.4506565 -78.8266883 7.75 T
48.9935183 -77.3880640 5.56 T
49.0335758 -73.5488211 7.98 T
49.7400364 -73.9868196 7.28 T
51.1525217 -76.7467072 6.82 T
51.9945322 -77.6131405 7.54 T
52.1394073 -80.7088818 7.90 T
52.4950355 -78.3520187 5.77 T
52.5333560 -74.5938985 7.54 T
54.0516569 -73.9734201 7.75 T
54.1036655 -79.0988685 6.95 T
54.1251986 -78.3230443 6.42 T
54.4195241 -74.8225782 6.92 T
54.6680474 -75.7620632 7.80 T
55.5138440 -84.0832919 7.70 T
55.6386656 -85.2618640 6.63 T
55.8526895 -74.0085497 7.56 T
56.1949977 -70.0272514 7.48 T
56.2562588 -70.0247208 7.63 T
56.3492697 -71.6578340 6.24 T
56.8109254 -74.2382476 3.44 T
57.0492799 -74.6939403 7.17 T
57.1587164 -70.3597835 7.44 T
57.5801738 -75.8956135 7.55 T
59.3024585 -76.5105510 7.85 T
60.1824623 -71.1665871 6.60 T
60.6176564 -78.6331798 6.75 T
60.6883500 -86.2452354 7.99 T
61.6839779 -80.7375930 7.96 T
63.1662920 -80.1885885 0.00 T
63.2796486 -72.8204727 7.47 T
63.3134190 -70.4200870 7.02 T
63.4446181 -84.4857428 7.18 T
63.6292235 -75.8080157 7.44 T
64.0022081 -84.1809269 7.11 T
64.2075991 -71.9975626 7.68 T
64.4979990 -80.2136494 5.77 T
64.7759341 -79.5208475 6.98 T
65.2423783 -81.5791313 5.81 T
65.7119319 -82.8990556 6.79 T
66.7405270 -72.6339583 7.99 T
67.7910617 -78.6327361 7.96 T
68.5643441 -73.2084275 6.91 T
68.6462907 -72.7334060 7.02 T
69.1939541 -83.4960820 7.28 T
69.3051057 -73.8430836 7.91 T
69.3257162 -72.4766894 7.93 T
69.5902894 -77.6560767 6.16 T
69.9901554 -71.5058243 7.84 T
70.8305445 -82.5194486 7.97 T
71.0238443 -76.3049105 7.81 T
71.8948614 -79.8072384 7.98 T
73.0155607 -72.9946678 7.98 T
73.2607018 -78.4015283 7.97 T
73.7973421 -74.9364668 5.63 T
74.7121211 -82.4704910 5.93 T
75.0545943 -78.3000168 6.46 T
75.2897127 -74.3408407 7.00 T
75.4252897 -78.1827683 7.99 T
75.4836157 -76.6293040 7.64 T
76.6528597 -77.5700743 7.40 T
76.8302344 -83.8590245 6.87 T
77.6084186 -80.4073517 7.63 T
77.6108596 -77.2171034 7.89 T
78.0105473 -75.3600888 7.97 T
78.1080243 -81.5414370 6.63 T
82.5573633 -84.7848187 6.18 T
84.9946521 -85.9142822 6.88 T
85.7443834 -84.9010056 7.98 T
2.5087500 -82.2238889 5.28 B
3.3308333 -84.9941667 5.77 B
4.2041667 -78.7805556 6.77 B
24.4816667 -82.9750000 5.87 B
25.3387500 -79.1483333 6.33 B
24.3666667 -84.7697222 5.69 B
26.9437500 -80.1766667 6.06 B
28.9604167 -78.3483333 6.16 B
35.7179167 -73.6458333 5.01 B
37.9187500 -79.1094444 5.28 B
46.9550000 -69.2655556 6.15 B
46.8833333 -78.9894444 5.57 B
48.9900000 -77.3883333 5.52 B
51.0104167 -69.6247222 6.15 B
55.6337500 -85.2622222 6.41 B
64.4962500 -80.2138889 5.69 B
83.9012500 -78.8208333 6.05 B
84.2908333 -80.4691667 5.65 B
87.5695833 -79.3613889 5.47 B
