182.1556690 26.4933028 7.08 T
182.6317003 16.8092871 6.39 T
182.6919959 27.2814353 6.00 T
182.8125340 24.7534758 7.59 T
182.8408870 22.5936501 7.55 T
182.9421807 23.3223585 6.85 T
182.9629787 25.8700917 5.81 T
183.0386042 20.5419500 5.70 T
183.3087306 11.5163553 7.77 T
183.3231670 22.0265678 7.52 T
183.3720882 17.1813853 7.73 T
183.5755754 26.5046742 7.50 T
183.6144773 23.6603722 7.42 T
183.8065056 16.9075116 6.96 T
184.0002615 14.8988747 5.09 T
184.0853999 23.9453823 5.03 T
184.4346332 15.1444392 6.48 T
184.4620295 25.5712778 7.89 T
184.5171325 18.4350063 7.64 T
184.5463906 27.3006512 7.50 T
184.6701247 26.1906986 7.60 T
184.7583517 26.0082959 6.46 T
184.7759445 16.5473598 7.11 T
184.8166230 25.0601380 7.80 T
184.8298831 23.0346160 6.25 T
184.8341090 14.5413395 6.65 T
184.9549620 16.8076528 7.99 T
185.0198382 13.8549946 7.11 T
185.0729896 26.0019884 6.17 T
185.0815120 26.6187887 5.64 T
185.1699077 27.0527754 7.13 T
185.1724445 27.0538078 7.04 T
185.1785651 17.7934389 4.83 T
185.2026749 15.5409927 6.57 T
185.2625636 25.0325291 7.39 T
185.3613476 24.9969670 7.40 T
185.4379772 21.8727922 7.48 T
185.5083444 16.7445635 6.67 T
185.5447157 24.7738307 6.16 T
185.6262229 25.8460942 4.86 T
185.8750902 24.5931639 7.51 T
186.0143285 25.8511731 6.72 T
186.0771162 26.0985055 5.16 T
186.1115355 25.5823732 6.74 T
186.1115355 25.5823732 7.83 T
186.3133309 23.9259497 6.16 T
186.4138956 23.3512326 7.77 T
186.5136461 15.8640013 6.86 T
186.6001775 27.2681799 4.95 T
186.7469820 26.8256432 4.97 T
186.8876464 17.8341886 7.54 T
186.9097619 25.9120403 6.68 T
186.9426429 27.4226480 7.73 T
187.0241691 20.3543876 7.93 T
187.1588858 26.2269167 6.52 T
187.1855331 25.8992121 6.64 T
187.1883943 19.9517237 7.72 T
187.2277639 25.9127543 5.23 T
187.3352811 17.3215873 7.74 T
187.3625607 24.1089355 5.52 T
187.4303367 20.8959076 5.69 T
187.4448057 14.6502352 7.43 T
187.4810119 24.3383024 7.92 T
187.5310429 17.8956120 7.63 T
187.5824565 21.9480361 7.85 T
187.7522605 24.5671089 5.44 T
187.7632422 23.7733505 7.19 T
187.7767207 16.6138897 7.59 T
187.8882066 27.0641917 7.64 T
187.8899961 25.8702742 7.88 T
187.8900243 21.5767970 7.94 T
187.9669226 23.2688967 7.66 T
188.1870482 23.4190358 7.51 T
188.3839086 24.4487188 7.48 T
188.3925043 24.2829335 6.26 T
188.6901555 24.2242110 7.85 T
188.7124070 22.6293778 4.77 T
188.7764337 18.3772682 6.33 T
188.7823030 18.3772026 5.11 T
188.7841790 21.8812694 6.00 T
188.7946247 11.5476842 7.67 T
189.0081863 25.4233441 7.82 T
189.2030170 20.2379855 7.60 T
189.2428183 17.0894275 5.85 T
189.2949854 21.1977997 7.79 T
189.6059119 14.8723767 7.71 T
189.6460919 13.8052512 7.34 T
189.7587956 22.6593790 6.51 T
189.7799314 21.0625018 5.59 T
189.7877180 16.4798467 7.63 T
190.1212413 16.2793907 7.91 T
190.2305371 27.1390343 7.86 T
190.3519465 19.0745292 7.96 T
190.8271782 26.1265711 6.71 T
190.9080544 25.6801917 7.65 T
190.9992299 21.1731638 7.99 T
191.0934045 21.9922922 7.66 T
191.2638108 27.3932251 7.56 T
191.2659421 23.5937234 7.98 T
191.3587076 14.3736182 7.16 T
191.3608880 14.3632887 7.68 T
191.6354603 24.1436766 6.88 T
191.6615997 16.5777955 5.26 T
191.7669362 13.6168578 7.96 T
191.7941457 15.5915691 6.75 T
191.8071268 11.9579652 6.11 T
191.9529112 19.0243008 7.76 T
191.9971558 24.0956258 7.31 T
192.0019167 18.8366996 7.02 T
192.0594321 13.5528309 6.46 T
192.0743970 19.3226785 7.86 T
192.1937278 24.8395629 6.37 T
192.2199213 12.0954819 7.17 T
192.2260868 14.1224601 5.69 T
192.3220629 27.5525175 5.76 T
192.4528510 26.4312273 6.99 T
192.5727692 22.8630004 6.54 T
192.7993936 19.1615018 7.26 T
192.9246048 27.5406630 5.00 T
192.9751340 25.6748342 7.71 T
192.9761394 19.1680964 7.78 T
192.9778725 19.1722282 7.31 T
193.0510956 17.0739109 6.50 T
193.0954839 17.1081651 6.99 T
193.1142271 16.1223978 6.31 T
193.2548063 26.7936096 7.73 T
193.2653510 19.6049728 7.72 T
193.2934447 12.4659065 7.97 T
193.3236007 21.2447364 5.15 T
193.3236007 21.2447364 7.08 T
193.3827877 19.4799591 6.51 T
193.4491603 19.0575955 7.20 T
193.4575252 12.4182139 6.28 T
193.4822944 26.7799701 7.03 T
193.6670838 22.1077177 7.06 T
193.7707411 19.6143163 6.78 T
193.8761862 11.4961640 7.11 T
194.6710281 22.0413441 7.27 T
194.7307611 17.4096640 4.92 T
195.0647389 21.5544344 7.53 T
195.0924403 13.8438615 7.99 T
195.1597548 18.3733724 6.25 T
195.2649652 24.3160954 7.96 T
195.2900104 17.1230032 6.07 T
195.3962210 21.2687545 7.25 T
195.6273807 23.4995935 7.88 T
195.7474853 22.6374253 6.93 T
195.7600745 23.2024696 7.59 T
195.7930304 23.8265871 7.16 T
195.9990597 11.2305709 7.65 T
196.3677022 14.7253854 8.00 T
196.3928623 13.2264811 7.59 T
196.4201431 26.5857100 7.60 T
196.5880559 21.1531078 6.10 T
196.5943969 22.6159178 5.76 T
196.5946576 22.2800456 6.86 T
196.7949488 27.6243127 4.95 T
196.8520536 26.5240347 7.73 T
196.9731836 27.5555790 6.33 T
196.9786061 19.9323718 7.92 T
197.0097173 24.8313722 6.92 T
197.2736893 18.6258320 7.11 T
197.4489320 16.8485241 6.08 T
197.4942106 17.5303053 4.43 T
197.5014393 16.1478804 7.89 T
197.6964900 13.3068258 7.27 T
197.7182641 21.2334053 6.88 T
197.7799618 13.9098095 7.97 T
197.8845809 21.9185195 6.92 T
198.0349771 24.2577570 6.42 T
198.0582179 16.1316783 7.52 T
198.0784482 17.5171220 7.36 T
198.1368362 11.5559106 5.93 T
198.1491517 18.7518005 6.61 T
198.2236521 19.9182412 7.50 T
198.2804138 15.3176076 7.72 T
198.3002826 18.7267020 6.24 T
198.3262630 13.3911708 7.55 T
198.4707131 25.6980112 7.34 T
198.6307809 11.3313318 5.82 T
198.7925371 18.9189730 6.72 T
198.8268685 16.1950972 7.62 T
198.9902823 21.3816671 7.38 T
199.0588738 19.0517774 6.56 T
199.1236507 17.3002806 7.78 T
199.1337203 19.7854338 6.46 T
199.1525450 18.9033282 6.83 T
199.1845302 19.8153551 7.59 T
199.2167776 17.0155698 6.66 T
199.3151721 13.6760253 5.47 T
199.3885814 17.2926453 7.59 T
199.4075929 13.7639624 7.34 T
199.6552655 26.3658806 7.79 T
200.1646529 24.6483717 7.99 T
190.3933333 10.4263889 6.19 B
192.1958333 24.8402778 6.31 B
195.1616667 18.3730556 6.20 B
197.4970833 17.5294444 5.22 B
