183.0733732 5.8725312 7.49 T
183.1163783 -3.0818495 7.51 T
183.1241207 3.4042489 7.67 T
183.1752811 -2.4730190 7.46 T
183.4698195 -0.6390217 7.98 T
183.4818144 2.2600968 7.02 T
183.5638681 -5.7158820 6.59 T
183.7498209 -1.3265964 7.60 T
183.9700891 -6.1608137 7.60 T
184.0639812 6.2231995 7.82 T
184.0695891 -3.2359731 7.51 T
184.0937528 -5.8457907 7.51 T
184.2429869 0.3520925 7.99 T
184.3626767 6.6008798 7.99 T
184.4718679 -6.4313135 7.85 T
184.4895989 1.5752676 7.55 T
184.5383774 -3.9540053 6.90 T
184.5398148 -3.9486458 6.54 T
184.6148197 8.0649979 7.37 T
184.6682059 -0.7872927 5.92 T
184.7538886 1.1660277 7.72 T
184.9474060 6.0411810 7.83 T
184.9760761 -0.6669121 3.87 T
184.9800184 5.6717210 7.31 T
185.0702954 -4.5103219 7.28 T
185.0855803 3.3121763 5.09 T
185.1629464 -3.9956536 7.99 T
185.4629767 -4.3866190 7.50 T
185.5625643 4.8548960 7.89 T
185.6324390 5.3051180 6.53 T
185.7895703 -7.2991095 7.06 T
185.8142218 -4.9746816 6.59 T
185.8646420 -6.1184505 7.23 T
186.0479420 5.9714167 7.88 T
186.1695413 1.3840563 7.78 T
186.4185897 -0.2820018 7.81 T
186.4782906 4.1997770 7.56 T
186.5032357 2.0420171 7.33 T
186.5348226 -4.4806977 7.74 T
186.6907832 -0.1833141 7.79 T
186.6989450 -5.5922624 7.58 T
186.9147880 6.1544395 7.81 T
186.9642305 -4.6152575 6.26 T
187.0764533 4.3964586 6.74 T
187.2902626 -2.4296036 7.07 T
187.3664810 4.8384775 7.17 T
187.5073487 -6.0238351 7.39 T
187.6431657 3.5082079 7.54 T
187.7092274 -4.0607673 7.02 T
187.8106811 1.3268705 7.68 T
187.8391140 7.6043769 6.21 T
187.8433476 5.0530336 7.78 T
187.9111529 -5.0524100 6.29 T
187.9624888 5.7098914 7.63 T
188.0183881 -1.7721130 7.38 T
188.3521740 7.9456198 7.71 T
188.3852158 7.6794707 7.07 T
188.4040464 4.2204760 7.90 T
188.5964113 -1.4075302 7.21 T
188.6285772 7.7344601 6.87 T
188.8157101 2.2613254 7.09 T
189.1971418 -5.8320181 5.88 T
189.2794274 -2.3230170 7.00 T
189.4657721 4.2884208 7.00 T
189.5182149 3.2823791 6.33 T
189.5928516 1.8545505 5.88 T
189.6802480 -4.3735554 6.82 T
189.7341878 -0.8541392 7.18 T
189.8110422 -7.9957153 4.78 T
189.8793641 -6.1005785 6.85 T
190.2076006 3.8694952 7.71 T
190.4875352 6.8065426 5.57 T
190.4904629 -7.5005932 6.99 T
190.5663869 8.0424188 7.97 T
190.5673886 4.2926494 7.90 T
190.6490616 -5.4686139 7.78 T
190.7458196 -4.0504509 7.91 T
190.9088436 -1.5774640 6.01 T
191.0461373 -2.8426143 6.78 T
191.3220756 -3.8879875 7.30 T
191.3833494 -4.8108966 7.31 T
191.4037247 7.6733546 5.25 T
191.7456155 -7.8001058 7.77 T
191.7598090 5.9500247 6.30 T
191.8892966 -6.3020044 6.32 T
191.8920199 -4.6813719 7.60 T
191.9641700 3.5727039 6.62 T
192.3636074 5.1717274 7.62 T
192.4278237 -6.8801802 7.73 T
192.5199333 -7.6321221 7.02 T
192.5857041 6.2270271 7.43 T
192.8341767 8.2104815 7.78 T
192.9034851 3.0569151 6.15 T
192.9671283 0.0847340 7.88 T
192.9812263 7.9042554 7.89 T
193.0507899 -0.9290552 7.90 T
193.0524971 -6.0904256 7.99 T
193.1420745 1.9436912 7.95 T
193.2948440 -3.5531239 6.15 T
193.4088975 -4.2250375 6.56 T
193.4171999 4.2374837 7.78 T
193.7961479 3.0495768 7.08 T
193.8135214 5.3004322 7.73 T
193.8395740 -4.5037230 7.34 T
193.8979244 3.3971440 3.58 T
193.9098605 0.0552675 6.89 T
193.9197271 -3.5505513 7.71 T
194.0621630 -4.8638595 7.17 T
194.1109690 -0.9551945 7.33 T
194.1109690 -0.9551945 7.61 T
194.3584401 1.4278145 6.95 T
194.6494490 -6.9483199 7.87 T
194.6667086 -2.9037431 6.81 T
194.7472923 -2.0818680 7.86 T
194.7505841 -6.0910290 7.26 T
194.8338458 6.5057745 7.63 T
194.9144518 -3.8118633 5.81 T
195.0190603 0.3074526 7.76 T
195.0319814 -1.1858685 7.56 T
195.1256175 3.6043752 7.67 T
195.1496385 -3.3681823 6.18 T
195.2836603 4.3586311 7.26 T
195.3767952 1.5202883 7.67 T
195.9557081 -5.1632194 7.80 T
195.9707632 -3.2180229 7.65 T
195.9765232 -3.6634237 6.74 T
196.1605924 -0.7284262 7.35 T
196.1848851 0.2944719 7.19 T
196.9026854 1.4743229 7.51 T
197.1245755 -2.6788522 7.91 T
197.2131181 5.2030729 6.85 T
197.2807587 3.1445592 7.41 T
197.3358873 6.9964355 7.87 T
197.4423954 -7.6555167 7.47 T
197.6761004 -4.9419454 7.66 T
197.8782870 6.7882605 7.81 T
198.1666309 4.0682382 7.42 T
198.1815690 -2.2649681 7.67 T
198.1906246 -1.7584756 7.37 T
198.3065056 -2.5558449 7.74 T
198.3385288 -3.4945796 7.50 T
198.4895332 1.4561690 6.70 T
198.5180421 -2.8070041 7.23 T
198.7616438 4.5174331 7.54 T
198.8837032 3.0487531 7.39 T
198.9454082 7.9530250 6.88 T
199.0123951 -5.6689633 7.75 T
199.0995939 6.5042864 7.36 T
199.1059705 -1.3907375 6.72 T
199.1668967 -5.5738175 7.90 T
199.2158455 1.2402157 7.48 T
199.2194811 5.1614822 7.85 T
199.3739531 -0.6760861 6.38 T
199.4011347 5.4699459 4.98 T
182.4220833 1.8977778 5.95 B
185.0875000 3.3125000 4.96 B
189.6250000 6.9883333 7.08 B
190.4150000 -1.4494444 3.65 B
193.2966667 -3.5530556 6.11 B
193.9008333 3.3975000 3.38 B
