304.7794777 36.7518917 7.53 T
304.9514264 37.1324818 6.58 T
305.1628098 35.2522668 7.96 T
305.2014746 38.2564629 7.61 T
305.6344001 34.9905965 6.87 T
305.6553873 31.2648265 6.23 T
305.9349072 37.4764525 5.83 T
305.9501707 37.0261357 6.83 T
305.9654056 32.1901715 4.57 T
306.0376241 29.0024805 7.31 T
306.1075819 24.2776447 7.07 T
306.1944445 25.1794575 7.46 T
306.7422003 30.3696413 7.37 T
306.7824240 34.3290781 6.45 T
306.8369653 23.7906749 6.91 T
306.9479863 26.1465339 7.52 T
307.0161992 33.8879219 7.01 T
307.0490711 22.1274717 7.16 T
307.2793013 28.3613641 7.42 T
307.3349820 36.4547204 5.95 T
307.3489357 30.3685481 4.04 T
307.4489878 36.9803151 7.81 T
307.4950040 30.5564343 7.77 T
307.5570479 27.8661408 7.80 T
307.6053113 27.8328002 7.11 T
307.7467780 36.9358307 6.32 T
307.8835586 21.8950531 6.88 T
307.9010266 34.3300433 6.52 T
307.9928334 25.8048591 6.40 T
308.0235397 25.3520736 7.92 T
308.0264814 22.0140801 7.71 T
308.0377390 22.8243150 6.60 T
308.2712869 31.6569774 7.79 T
308.3532371 22.9830859 7.92 T
308.3766238 32.9076981 7.28 T
308.4069983 25.8774793 7.87 T
308.4390033 27.8725782 7.75 T
308.4757597 35.2508227 4.82 T
308.5082358 34.6790056 6.75 T
308.7810145 30.2528418 7.58 T
308.9747574 25.4787256 7.64 T
309.0349129 25.8827281 6.42 T
309.2449087 32.3513897 7.16 T
309.2695925 26.4618791 5.57 T
309.2830922 36.5838314 7.50 T
309.3681690 32.0551447 7.86 T
309.3824677 31.5725464 6.29 T
309.3860380 31.5217260 6.54 T
309.5345579 30.5775277 7.50 T
309.6330426 24.1159097 5.03 T
309.6458266 23.6804513 6.04 T
309.6816338 24.7779783 7.40 T
309.6845197 25.5505725 7.73 T
309.7477898 30.3338628 5.79 T
309.7945827 21.8175386 6.07 T
309.8804334 26.6976822 7.18 T
309.9811936 35.3909469 6.99 T
310.0373567 27.0756547 7.98 T
310.1491634 21.9270060 7.35 T
310.1513318 29.8058420 6.05 T
310.1518584 31.3578674 7.93 T
310.1762753 26.0790636 6.76 T
310.2083022 35.0397339 7.27 T
310.2606326 32.3072201 5.75 T
310.4242200 24.1824564 6.90 T
310.5098893 31.3120019 7.00 T
310.5930173 35.4561473 6.64 T
310.8104847 33.8316110 7.53 T
310.8333291 25.8247270 7.06 T
310.8486146 33.8687548 7.25 T
310.8507629 35.5877966 6.52 T
310.8546397 23.6446822 7.99 T
310.9487211 23.7910952 6.91 T
310.9679158 34.0704325 7.64 T
311.0146204 29.1462860 7.62 T
311.1108368 31.6957426 7.95 T
311.2185333 25.2694589 5.05 T
311.4155865 30.7198642 4.33 T
311.4383072 22.9208741 7.70 T
311.5555338 33.9723054 2.57 T
311.6859147 24.4626229 7.40 T
311.6979530 32.4198543 7.01 T
311.7855161 32.1723716 7.41 T
311.7951161 34.3742003 5.08 T
311.8653734 36.2805746 7.78 T
311.9490081 26.1779570 7.05 T
311.9688659 27.5953574 7.05 T
312.1335677 23.0117450 7.46 T
312.2489598 25.6724879 7.90 T
312.2711675 25.6703494 7.65 T
312.5229264 27.3777518 7.16 T
312.5983887 31.3530840 7.94 T
312.6506549 30.9128998 6.85 T
312.6608269 22.7304104 7.63 T
312.7197992 35.9220018 7.96 T
312.7335481 34.7540760 6.74 T
312.8676845 28.2504742 5.74 T
312.8788710 37.9894750 7.29 T
313.0016208 32.8488551 6.39 T
313.0149240 34.6575640 7.33 T
313.0315341 27.0965839 4.66 T
313.2342245 29.3318877 7.68 T
313.2645535 34.7520975 7.93 T
313.2806408 29.6487090 6.48 T
313.3863268 30.9513201 7.90 T
313.3891816 31.6263323 6.88 T
313.4743931 33.4381171 5.64 T
313.5933170 28.5219486 6.54 T
313.6401590 28.0575974 5.18 T
313.6750639 37.0736843 7.20 T
314.0091650 27.5755953 6.78 T
314.0990556 36.3772497 7.82 T
314.4171663 26.4056476 7.01 T
314.4895940 24.2523433 7.70 T
314.5653192 30.3960767 6.65 T
314.5681181 22.3258871 5.45 T
314.5781043 23.0463270 6.67 T
314.6822345 31.6475765 7.17 T
315.3035758 36.0259803 6.11 T
315.4312173 29.6301196 7.99 T
315.5907373 23.3242231 7.42 T
315.6085602 27.8073822 7.42 T
315.7003674 21.8099386 7.53 T
315.7117316 28.3235159 7.87 T
316.2407868 35.4295420 7.38 T
316.3626826 34.8120535 7.96 T
316.4938610 24.4983479 7.65 T
316.5981381 26.9242395 6.25 T
316.6260396 31.1846333 5.83 T
316.7848012 30.5959449 7.51 T
316.8334411 32.5021992 7.94 T
316.9809179 33.3969673 7.74 T
317.1622874 30.2054904 5.70 T
317.6291101 22.4570619 7.42 T
317.6338070 22.4545527 6.65 T
317.6373609 36.7957634 7.65 T
317.7657054 36.2995951 6.49 T
317.8592900 27.5534782 7.77 T
317.9522194 29.7116023 6.81 T
317.9873322 30.6192967 6.64 T
318.2221655 35.7975245 6.77 T
318.2340745 30.2265843 3.30 T
318.3086545 35.4895884 7.70 T
318.3139327 33.6931235 7.25 T
318.3601121 36.6332852 6.10 T
318.5227392 37.7815691 7.33 T
318.5411756 30.9614358 7.74 T
318.5428932 29.9009461 6.29 T
318.5824235 34.2942622 7.35 T
318.5991568 34.7729954 7.71 T
318.6990179 38.0480764 3.78 T
318.8917134 37.2523499 7.74 T
318.9877598 25.4336011 7.09 T
319.0709301 26.3502945 7.23 T
319.1654587 36.3210259 7.40 T
319.3856201 22.5413798 7.26 T
319.5442688 22.1140026 7.24 T
319.6646491 24.6593684 6.72 T
319.7574242 29.7430675 7.29 T
319.8424350 38.2374883 5.94 T
320.0586752 22.0262091 6.26 T
320.0856727 33.4853756 6.92 T
320.2699688 23.8552230 5.70 T
320.3414987 32.6126393 6.04 T
320.3453060 22.8893193 7.36 T
320.6032386 37.1647563 7.68 T
320.6755016 30.3099487 6.18 T
320.8463310 37.4067221 6.61 T
320.9960463 24.2742570 5.73 T
321.0313193 25.3124938 6.20 T
321.0947675 30.9366696 6.74 T
321.0966334 24.5283158 6.46 T
321.1420346 26.1745884 5.70 T
321.2005420 25.8804397 7.06 T
321.2490116 27.4179737 6.98 T
321.3169610 24.4914854 7.87 T
321.3333358 29.4616787 7.35 T
321.4459875 36.6673291 5.89 T
321.8390186 37.1168174 5.27 T
321.9172066 27.6087169 5.38 T
321.9737644 35.4091953 7.15 T
322.0353787 32.2258438 5.78 T
322.1766831 24.6702476 7.51 T
322.2493063 22.1794999 6.08 T
322.4872216 23.6388548 4.70 T
322.4903577 32.8101090 7.76 T
322.5251034 35.4723872 7.28 T
322.7025895 31.9579537 6.99 T
322.7028909 37.9664755 7.80 T
322.9590059 23.8451982 6.54 T
322.9638333 25.2184200 7.97 T
323.0194469 34.2017024 7.53 T
323.1127390 23.3945951 6.67 T
323.2115552 32.7766861 7.40 T
323.4462116 33.2144352 7.95 T
323.6416285 22.7541863 6.51 T
323.7581705 31.7838662 7.44 T
323.8306242 28.1974007 6.29 T
323.8627114 24.4521033 6.25 T
324.0578750 30.0558014 6.37 T
311.5529167 33.9702778 2.46 B
311.8520833 36.4908333 4.53 B
315.7700000 38.6575000 6.07 B
316.7275000 38.7458333 5.21 B
316.7304167 38.7433333 6.03 B
319.4795833 34.8969444 4.43 B
320.2087500 32.4527778 5.68 B
