284.3023922 13.3725205 7.23 T
284.3190984 2.5352681 5.55 T
284.5614479 17.3608624 5.43 T
284.5987183 6.2392467 6.26 T
284.6955256 13.9063314 5.93 T
284.7740194 13.6214577 5.32 T
284.8014595 15.1298183 7.39 T
284.8222673 10.1409869 6.78 T
284.8491936 1.4062216 7.50 T
284.9053265 15.0678342 4.13 T
284.9265419 16.2518203 7.12 T
284.9955560 4.6107456 7.44 T
285.2059009 14.5468214 7.76 T
285.4525377 12.5408639 6.82 T
285.5203596 14.4298397 7.43 T
285.5530538 10.9649107 7.33 T
285.6596721 14.5669806 6.94 T
285.8845110 1.8183208 5.84 T
285.9998566 11.3026898 7.38 T
286.0414180 17.5565307 6.98 T
286.0447253 3.3306543 6.72 T
286.2213158 15.7359836 7.00 T
286.2856282 9.6421105 6.89 T
286.3524852 13.8628770 2.96 T
286.3737916 11.2697169 7.65 T
286.4291194 4.2785667 7.35 T
286.4488177 6.5463376 6.97 T
286.5826247 15.8613979 7.34 T
286.5960512 7.1558557 7.20 T
286.6401425 6.8904235 7.29 T
286.7441765 11.0710270 5.08 T
286.8256347 3.4429765 7.50 T
286.8605086 6.1627517 7.12 T
286.9130172 6.9833753 7.22 T
286.9892636 16.8514831 6.15 T
287.0482965 9.5813725 7.48 T
287.1019318 13.0979153 7.26 T
287.1475756 14.4351210 6.62 T
287.1673173 16.8506647 6.70 T
287.2495755 6.0727204 5.27 T
287.3920105 11.1150623 7.33 T
287.7368796 8.1214236 7.48 T
287.7768599 5.2746895 7.08 T
287.7969333 15.7875472 7.40 T
288.0136486 2.6225422 6.96 T
288.1435943 16.8463258 6.79 T
288.1857170 8.6105047 7.77 T
288.3509374 11.3447621 7.17 T
288.4279775 2.2936910 5.12 T
288.4335128 5.5155470 6.48 T
288.5418489 7.7640977 7.25 T
288.6862973 6.0485398 7.06 T
288.7421334 10.4093843 7.38 T
288.7866989 16.1971324 7.42 T
288.8079014 15.0822946 7.64 T
288.8337278 15.0835977 5.69 T
288.9916460 13.1081426 7.93 T
289.0078445 16.1610958 7.53 T
289.0280898 9.3278850 7.73 T
289.1116820 14.5446270 5.67 T
289.1294033 4.8347280 5.58 T
289.1446045 6.5966376 6.70 T
289.4507688 2.0315513 6.18 T
289.4541571 11.5955059 5.31 T
289.5975331 5.1311664 7.20 T
289.6307365 16.6975297 7.50 T
289.6641647 15.6805554 7.94 T
289.6879746 16.4882990 7.07 T
289.7198317 9.6178335 6.43 T
289.9139940 12.3747921 5.55 T
289.9713903 11.5351033 6.02 T
290.0810644 4.7772674 7.06 T
290.1621863 2.9377415 7.60 T
290.3233289 14.6336393 7.66 T
290.5161870 17.7533279 7.07 T
290.7015079 9.9138221 6.40 T
290.7204298 8.6067273 7.68 T
290.7841077 14.9209634 6.67 T
290.8917440 8.2826021 7.63 T
290.9604096 16.0141568 7.62 T
291.0919521 16.9376302 6.26 T
291.1894429 16.9569347 6.86 T
291.2229742 1.8347705 7.99 T
291.2471057 11.9484305 5.24 T
291.3761725 3.1152985 3.39 T
291.6006505 13.0241570 5.81 T
291.6336549 11.8512235 6.95 T
291.7364896 12.0619524 7.12 T
291.8913389 14.2824525 6.29 T
291.9213068 4.7097877 6.76 T
292.0265346 17.8464841 6.91 T
292.0866819 2.9299251 5.84 T
292.1497326 8.8635618 7.49 T
292.1681702 3.6938745 7.32 T
292.2500243 12.8581499 7.43 T
292.2541128 1.9502515 5.79 T
292.3426254 14.5958713 5.68 T
292.5359074 3.5249045 7.95 T
292.5929119 16.7111646 7.29 T
292.6052975 17.6953031 7.27 T
292.6380965 3.4444284 6.08 T
292.9098528 5.0212347 7.45 T
292.9308642 5.7691468 7.00 T
292.9734782 14.9688826 7.64 T
293.0529578 9.3343123 7.06 T
293.3008271 7.7729263 7.78 T
293.4038244 3.7613129 7.00 T
293.4440241 7.9180102 7.42 T
293.5236474 7.3779696 4.58 T
293.5463591 7.7856993 6.88 T
293.5779637 16.2649516 7.01 T
293.8547665 2.9139644 6.42 T
293.8634760 15.6105827 6.66 T
294.0334398 11.1501304 6.71 T
294.0654609 14.3908094 6.48 T
294.0961675 15.8926881 7.18 T
294.1773542 13.3624960 7.72 T
294.1857630 7.5509318 7.63 T
294.2186091 11.2732129 6.07 T
294.3225827 16.4628805 5.77 T
294.4725582 1.4992504 7.34 T
294.5404160 17.2432177 6.92 T
294.5475674 8.7479372 7.78 T
294.6145167 17.2571911 7.51 T
294.7041343 3.3815162 6.36 T
294.7985242 5.3977588 5.18 T
295.0939009 16.3333139 7.42 T
295.2622981 17.4758418 4.49 T
295.2730497 13.8156161 5.98 T
295.2842113 13.1705729 7.31 T
295.5533879 12.1931979 6.31 T
295.6417790 11.8265272 5.37 T
295.6444049 4.9538459 7.75 T
295.6912959 8.3830993 6.95 T
296.1424788 13.3027085 6.24 T
296.1723517 8.7264080 6.53 T
296.1730120 10.9125374 7.24 T
296.2366484 10.7751076 7.62 T
296.4167970 7.6131611 5.91 T
296.4894182 4.2484229 7.09 T
296.5650175 10.6132469 2.86 T
296.9157001 15.9076587 7.59 T
297.0355437 13.4539751 7.00 T
297.1171105 12.3880186 7.75 T
297.1271213 10.6940655 6.56 T
297.1756427 11.8157148 6.34 T
297.1756427 11.8157148 6.75 T
297.2223009 11.6851318 6.63 T
297.2419489 16.6275858 7.56 T
297.2896554 8.2773133 7.71 T
297.5728190 7.9024052 6.46 T
297.6341360 17.2688204 7.58 T
297.7454981 16.8576745 7.26 T
297.7583790 10.4148754 5.18 T
297.8239513 9.6296975 6.25 T
297.9455242 8.0716668 7.40 T
298.0021467 1.6033059 7.53 T
298.0121271 11.6262434 6.23 T
298.0399497 7.4604574 7.20 T
298.0649230 10.3515202 6.50 T
298.1214215 9.1308908 7.71 T
298.3442617 4.4003629 6.51 T
298.5080408 15.2920794 7.29 T
298.5626558 8.4609483 4.82 T
298.6676797 7.1403594 6.13 T
298.6882222 17.3457373 7.95 T
298.7976893 11.9594449 7.74 T
298.8285890 6.4037541 3.81 T
298.9894942 10.2072294 6.91 T
299.0052701 16.6347711 5.82 T
299.0595913 11.4237534 5.28 T
299.1401204 8.2558455 7.46 T
299.4335835 17.1458344 7.82 T
299.4394369 16.7892751 5.53 T
299.4819989 11.5898681 7.72 T
299.4841127 11.4146934 7.57 T
299.5595377 16.4937266 6.85 T
299.6360465 7.9207931 6.87 T
299.7135298 11.5646015 7.43 T
299.8002816 11.3055726 6.63 T
299.8444822 1.3781082 6.29 T
300.0138083 17.5164381 5.57 T
300.0342897 7.7606261 7.29 T
300.0562201 7.2879524 7.69 T
300.0817839 13.1008445 7.52 T
300.2111219 7.9814539 7.54 T
300.2162209 13.3796925 7.21 T
300.2458077 8.5576412 6.07 T
300.2838939 14.5231445 7.16 T
300.3160278 5.6481183 7.51 T
300.4528851 16.5122181 7.56 T
300.5430049 10.7388833 6.97 T
300.7177233 10.9116629 6.94 T
300.7252556 8.3974040 7.61 T
300.7604611 5.7379041 7.83 T
300.8751100 16.0312045 5.64 T
300.9567176 14.9829528 6.95 T
300.9976026 17.1231137 6.92 T
301.0233757 17.0676243 5.86 T
301.0588199 17.7348171 6.92 T
285.5900000 8.3741667 6.30 B
286.5925000 8.2300000 6.09 B
291.2425000 11.9444444 5.16 B
291.3745833 3.1147222 3.36 B
292.3250000 0.2461111 6.25 B
292.5437500 2.9041667 6.09 B
294.8558333 16.5713889 6.38 B
297.6958333 8.8683333 0.77 B
297.7566667 10.4155556 5.11 B
298.0145833 11.6288889 6.13 B
298.8283333 6.4066667 3.71 B
301.0345833 7.2780556 5.52 B
301.9595833 9.3997222 6.43 B
302.1595833 10.7258333 6.31 B
